#           k/h    P           
    0.10000E-03    0.56262E+01
    0.10202E-03    0.57359E+01
    0.10408E-03    0.58478E+01
    0.10618E-03    0.59618E+01
    0.10833E-03    0.60781E+01
    0.11052E-03    0.61966E+01
    0.11275E-03    0.63175E+01
    0.11503E-03    0.64406E+01
    0.11735E-03    0.65662E+01
    0.11972E-03    0.66943E+01
    0.12214E-03    0.68248E+01
    0.12461E-03    0.69579E+01
    0.12712E-03    0.70936E+01
    0.12969E-03    0.72319E+01
    0.13231E-03    0.73729E+01
    0.13499E-03    0.75167E+01
    0.13771E-03    0.76632E+01
    0.14049E-03    0.78126E+01
    0.14333E-03    0.79650E+01
    0.14623E-03    0.81203E+01
    0.14918E-03    0.82786E+01
    0.15220E-03    0.84400E+01
    0.15527E-03    0.86045E+01
    0.15841E-03    0.87722E+01
    0.16161E-03    0.89433E+01
    0.16487E-03    0.91176E+01
    0.16820E-03    0.92953E+01
    0.17160E-03    0.94765E+01
    0.17507E-03    0.96612E+01
    0.17860E-03    0.98495E+01
    0.18221E-03    0.10042E+02
    0.18589E-03    0.10237E+02
    0.18965E-03    0.10437E+02
    0.19348E-03    0.10640E+02
    0.19739E-03    0.10847E+02
    0.20138E-03    0.11059E+02
    0.20544E-03    0.11274E+02
    0.20959E-03    0.11494E+02
    0.21383E-03    0.11718E+02
    0.21815E-03    0.11946E+02
    0.22255E-03    0.12179E+02
    0.22705E-03    0.12416E+02
    0.23164E-03    0.12658E+02
    0.23632E-03    0.12905E+02
    0.24109E-03    0.13156E+02
    0.24596E-03    0.13412E+02
    0.25093E-03    0.13673E+02
    0.25600E-03    0.13940E+02
    0.26117E-03    0.14211E+02
    0.26645E-03    0.14488E+02
    0.27183E-03    0.14770E+02
    0.27732E-03    0.15057E+02
    0.28292E-03    0.15351E+02
    0.28864E-03    0.15649E+02
    0.29447E-03    0.15954E+02
    0.30042E-03    0.16264E+02
    0.30649E-03    0.16581E+02
    0.31268E-03    0.16903E+02
    0.31899E-03    0.17232E+02
    0.32544E-03    0.17568E+02
    0.33201E-03    0.17909E+02
    0.33872E-03    0.18258E+02
    0.34556E-03    0.18613E+02
    0.35254E-03    0.18974E+02
    0.35966E-03    0.19343E+02
    0.36693E-03    0.19719E+02
    0.37434E-03    0.20103E+02
    0.38190E-03    0.20493E+02
    0.38962E-03    0.20891E+02
    0.39749E-03    0.21297E+02
    0.40552E-03    0.21711E+02
    0.41371E-03    0.22132E+02
    0.42207E-03    0.22562E+02
    0.43060E-03    0.23000E+02
    0.43929E-03    0.23446E+02
    0.44817E-03    0.23901E+02
    0.45722E-03    0.24365E+02
    0.46646E-03    0.24838E+02
    0.47588E-03    0.25319E+02
    0.48550E-03    0.25810E+02
    0.49530E-03    0.26310E+02
    0.50531E-03    0.26820E+02
    0.51552E-03    0.27340E+02
    0.52593E-03    0.27869E+02
    0.53656E-03    0.28408E+02
    0.54739E-03    0.28958E+02
    0.55845E-03    0.29519E+02
    0.56973E-03    0.30089E+02
    0.58124E-03    0.30671E+02
    0.59299E-03    0.31264E+02
    0.60496E-03    0.31868E+02
    0.61719E-03    0.32483E+02
    0.62965E-03    0.33111E+02
    0.64237E-03    0.33750E+02
    0.65535E-03    0.34400E+02
    0.66859E-03    0.35064E+02
    0.68210E-03    0.35739E+02
    0.69588E-03    0.36428E+02
    0.70993E-03    0.37129E+02
    0.72427E-03    0.37844E+02
    0.73891E-03    0.38571E+02
    0.75383E-03    0.39313E+02
    0.76906E-03    0.40068E+02
    0.78460E-03    0.40837E+02
    0.80045E-03    0.41621E+02
    0.81662E-03    0.42419E+02
    0.83311E-03    0.43231E+02
    0.84994E-03    0.44059E+02
    0.86711E-03    0.44902E+02
    0.88463E-03    0.45760E+02
    0.90250E-03    0.46635E+02
    0.92073E-03    0.47525E+02
    0.93933E-03    0.48431E+02
    0.95831E-03    0.49354E+02
    0.97767E-03    0.50293E+02
    0.99742E-03    0.51250E+02
    0.10176E-02    0.52224E+02
    0.10381E-02    0.53215E+02
    0.10591E-02    0.54224E+02
    0.10805E-02    0.55251E+02
    0.11023E-02    0.56297E+02
    0.11246E-02    0.57361E+02
    0.11473E-02    0.58443E+02
    0.11705E-02    0.59545E+02
    0.11941E-02    0.60666E+02
    0.12182E-02    0.61807E+02
    0.12429E-02    0.62968E+02
    0.12680E-02    0.64148E+02
    0.12936E-02    0.65349E+02
    0.13197E-02    0.66571E+02
    0.13464E-02    0.67813E+02
    0.13736E-02    0.69077E+02
    0.14013E-02    0.70362E+02
    0.14296E-02    0.71669E+02
    0.14585E-02    0.72998E+02
    0.14880E-02    0.74348E+02
    0.15180E-02    0.75722E+02
    0.15487E-02    0.77118E+02
    0.15800E-02    0.78536E+02
    0.16119E-02    0.79978E+02
    0.16445E-02    0.81443E+02
    0.16777E-02    0.82932E+02
    0.17116E-02    0.84444E+02
    0.17462E-02    0.85981E+02
    0.17814E-02    0.87541E+02
    0.18174E-02    0.89126E+02
    0.18541E-02    0.90736E+02
    0.18916E-02    0.92370E+02
    0.19298E-02    0.94029E+02
    0.19688E-02    0.95714E+02
    0.20086E-02    0.97424E+02
    0.20491E-02    0.99159E+02
    0.20905E-02    0.10092E+03
    0.21328E-02    0.10271E+03
    0.21758E-02    0.10452E+03
    0.22198E-02    0.10636E+03
    0.22646E-02    0.10822E+03
    0.23104E-02    0.11011E+03
    0.23571E-02    0.11203E+03
    0.24047E-02    0.11397E+03
    0.24533E-02    0.11594E+03
    0.25028E-02    0.11794E+03
    0.25534E-02    0.11996E+03
    0.26050E-02    0.12201E+03
    0.26576E-02    0.12409E+03
    0.27113E-02    0.12619E+03
    0.27660E-02    0.12832E+03
    0.28219E-02    0.13048E+03
    0.28789E-02    0.13266E+03
    0.29371E-02    0.13487E+03
    0.29964E-02    0.13710E+03
    0.30569E-02    0.13936E+03
    0.31187E-02    0.14165E+03
    0.31817E-02    0.14396E+03
    0.32460E-02    0.14630E+03
    0.33115E-02    0.14866E+03
    0.33784E-02    0.15105E+03
    0.34467E-02    0.15346E+03
    0.35163E-02    0.15590E+03
    0.35874E-02    0.15836E+03
    0.36598E-02    0.16085E+03
    0.37338E-02    0.16335E+03
    0.38092E-02    0.16589E+03
    0.38861E-02    0.16844E+03
    0.39646E-02    0.17101E+03
    0.40447E-02    0.17361E+03
    0.41264E-02    0.17623E+03
    0.42098E-02    0.17886E+03
    0.42948E-02    0.18152E+03
    0.43816E-02    0.18420E+03
    0.44701E-02    0.18689E+03
    0.45604E-02    0.18960E+03
    0.46525E-02    0.19232E+03
    0.47465E-02    0.19507E+03
    0.48424E-02    0.19782E+03
    0.49402E-02    0.20059E+03
    0.50400E-02    0.20338E+03
    0.51419E-02    0.20617E+03
    0.52457E-02    0.20898E+03
    0.53517E-02    0.21179E+03
    0.54598E-02    0.21462E+03
    0.55701E-02    0.21745E+03
    0.56826E-02    0.22028E+03
    0.57974E-02    0.22312E+03
    0.59145E-02    0.22597E+03
    0.60340E-02    0.22882E+03
    0.61559E-02    0.23166E+03
    0.62803E-02    0.23451E+03
    0.64072E-02    0.23735E+03
    0.65366E-02    0.24019E+03
    0.66686E-02    0.24303E+03
    0.68033E-02    0.24585E+03
    0.69408E-02    0.24867E+03
    0.70810E-02    0.25148E+03
    0.72240E-02    0.25427E+03
    0.73700E-02    0.25705E+03
    0.75189E-02    0.25981E+03
    0.76708E-02    0.26255E+03
    0.78257E-02    0.26527E+03
    0.79838E-02    0.26797E+03
    0.81451E-02    0.27065E+03
    0.83096E-02    0.27329E+03
    0.84775E-02    0.27591E+03
    0.86488E-02    0.27849E+03
    0.88235E-02    0.28104E+03
    0.90017E-02    0.28356E+03
    0.91836E-02    0.28603E+03
    0.93691E-02    0.28846E+03
    0.95583E-02    0.29085E+03
    0.97514E-02    0.29319E+03
    0.99484E-02    0.29548E+03
    0.10149E-01    0.29771E+03
    0.10354E-01    0.29989E+03
    0.10564E-01    0.30201E+03
    0.10777E-01    0.30407E+03
    0.10995E-01    0.30606E+03
    0.11217E-01    0.30798E+03
    0.11443E-01    0.30984E+03
    0.11675E-01    0.31162E+03
    0.11910E-01    0.31332E+03
    0.12151E-01    0.31495E+03
    0.12397E-01    0.31650E+03
    0.12647E-01    0.31796E+03
    0.12902E-01    0.31933E+03
    0.13163E-01    0.32060E+03
    0.13429E-01    0.32177E+03
    0.13700E-01    0.32283E+03
    0.13977E-01    0.32378E+03
    0.14259E-01    0.32462E+03
    0.14547E-01    0.32535E+03
    0.14841E-01    0.32597E+03
    0.15141E-01    0.32646E+03
    0.15447E-01    0.32684E+03
    0.15759E-01    0.32709E+03
    0.16077E-01    0.32720E+03
    0.16402E-01    0.32719E+03
    0.16734E-01    0.32703E+03
    0.17072E-01    0.32674E+03
    0.17416E-01    0.32631E+03
    0.17768E-01    0.32573E+03
    0.18127E-01    0.32502E+03
    0.18493E-01    0.32416E+03
    0.18867E-01    0.32315E+03
    0.19248E-01    0.32200E+03
    0.19637E-01    0.32070E+03
    0.20034E-01    0.31924E+03
    0.20438E-01    0.31763E+03
    0.20851E-01    0.31587E+03
    0.21272E-01    0.31396E+03
    0.21702E-01    0.31189E+03
    0.22141E-01    0.30967E+03
    0.22588E-01    0.30730E+03
    0.23044E-01    0.30477E+03
    0.23510E-01    0.30210E+03
    0.23985E-01    0.29929E+03
    0.24469E-01    0.29633E+03
    0.24964E-01    0.29324E+03
    0.25468E-01    0.29001E+03
    0.25982E-01    0.28665E+03
    0.26507E-01    0.28317E+03
    0.27043E-01    0.27957E+03
    0.27589E-01    0.27587E+03
    0.28146E-01    0.27206E+03
    0.28715E-01    0.26815E+03
    0.29295E-01    0.26416E+03
    0.29887E-01    0.26008E+03
    0.30490E-01    0.25593E+03
    0.31106E-01    0.25173E+03
    0.31735E-01    0.24747E+03
    0.32376E-01    0.24318E+03
    0.33030E-01    0.23885E+03
    0.33697E-01    0.23451E+03
    0.34378E-01    0.23016E+03
    0.35072E-01    0.22582E+03
    0.35781E-01    0.22149E+03
    0.36504E-01    0.21719E+03
    0.37241E-01    0.21293E+03
    0.37993E-01    0.20872E+03
    0.38761E-01    0.20457E+03
    0.39544E-01    0.20050E+03
    0.40343E-01    0.19652E+03
    0.41158E-01    0.19262E+03
    0.41989E-01    0.18883E+03
    0.42838E-01    0.18513E+03
    0.43703E-01    0.18153E+03
    0.44586E-01    0.17805E+03
    0.45486E-01    0.17469E+03
    0.46405E-01    0.17146E+03
    0.47343E-01    0.16838E+03
    0.48299E-01    0.16545E+03
    0.49275E-01    0.16268E+03
    0.50270E-01    0.16004E+03
    0.51286E-01    0.15753E+03
    0.52322E-01    0.15513E+03
    0.53379E-01    0.15283E+03
    0.54457E-01    0.15062E+03
    0.55557E-01    0.14849E+03
    0.56680E-01    0.14643E+03
    0.57825E-01    0.14441E+03
    0.58993E-01    0.14245E+03
    0.60184E-01    0.14051E+03
    0.61400E-01    0.13859E+03
    0.62641E-01    0.13666E+03
    0.63906E-01    0.13472E+03
    0.65197E-01    0.13274E+03
    0.66514E-01    0.13070E+03
    0.67858E-01    0.12858E+03
    0.69229E-01    0.12636E+03
    0.70627E-01    0.12401E+03
    0.72054E-01    0.12153E+03
    0.73510E-01    0.11890E+03
    0.74994E-01    0.11612E+03
    0.76509E-01    0.11320E+03
    0.78055E-01    0.11014E+03
    0.79632E-01    0.10696E+03
    0.81241E-01    0.10368E+03
    0.82882E-01    0.10034E+03
    0.84556E-01    0.96953E+02
    0.86264E-01    0.93556E+02
    0.88007E-01    0.90179E+02
    0.89785E-01    0.86854E+02
    0.91598E-01    0.83609E+02
    0.93449E-01    0.80472E+02
    0.95337E-01    0.77474E+02
    0.97263E-01    0.74638E+02
    0.99227E-01    0.71988E+02
    0.10123E+00    0.69544E+02
    0.10328E+00    0.67323E+02
    0.10536E+00    0.65328E+02
    0.10749E+00    0.63558E+02
    0.10966E+00    0.62003E+02
    0.11188E+00    0.60637E+02
    0.11414E+00    0.59430E+02
    0.11644E+00    0.58342E+02
    0.11880E+00    0.57330E+02
    0.12120E+00    0.56347E+02
    0.12365E+00    0.55350E+02
    0.12614E+00    0.54296E+02
    0.12869E+00    0.53152E+02
    0.13129E+00    0.51891E+02
    0.13394E+00    0.50498E+02
    0.13665E+00    0.48971E+02
    0.13941E+00    0.47317E+02
    0.14223E+00    0.45558E+02
    0.14510E+00    0.43723E+02
    0.14803E+00    0.41849E+02
    0.15102E+00    0.39980E+02
    0.15407E+00    0.38162E+02
    0.15718E+00    0.36445E+02
    0.16036E+00    0.34869E+02
    0.16360E+00    0.33468E+02
    0.16690E+00    0.32255E+02
    0.17028E+00    0.31226E+02
    0.17371E+00    0.30355E+02
    0.17722E+00    0.29606E+02
    0.18080E+00    0.28938E+02
    0.18446E+00    0.28309E+02
    0.18818E+00    0.27678E+02
    0.19198E+00    0.27001E+02
    0.19586E+00    0.26244E+02
    0.19982E+00    0.25388E+02
    0.20386E+00    0.24436E+02
    0.20797E+00    0.23415E+02
    0.21218E+00    0.22365E+02
    0.21646E+00    0.21329E+02
    0.22083E+00    0.20346E+02
    0.22530E+00    0.19450E+02
    0.22985E+00    0.18660E+02
    0.23449E+00    0.17983E+02
    0.23923E+00    0.17408E+02
    0.24406E+00    0.16907E+02
    0.24899E+00    0.16445E+02
    0.25402E+00    0.15984E+02
    0.25915E+00    0.15492E+02
    0.26439E+00    0.14951E+02
    0.26973E+00    0.14364E+02
    0.27518E+00    0.13750E+02
    0.28074E+00    0.13135E+02
    0.28641E+00    0.12546E+02
    0.29219E+00    0.12007E+02
    0.29810E+00    0.11531E+02
    0.30412E+00    0.11116E+02
    0.31026E+00    0.10743E+02
    0.31653E+00    0.10390E+02
    0.32292E+00    0.10037E+02
    0.32945E+00    0.96683E+01
    0.33610E+00    0.92813E+01
    0.34289E+00    0.88857E+01
    0.34982E+00    0.84994E+01
    0.35689E+00    0.81375E+01
    0.36409E+00    0.78070E+01
    0.37145E+00    0.75072E+01
    0.37895E+00    0.72303E+01
    0.38661E+00    0.69630E+01
    0.39442E+00    0.66949E+01
    0.40239E+00    0.64235E+01
    0.41052E+00    0.61530E+01
    0.41881E+00    0.58910E+01
    0.42727E+00    0.56448E+01
    0.43590E+00    0.54165E+01
    0.44471E+00    0.52024E+01
    0.45369E+00    0.49967E+01
    0.46286E+00    0.47951E+01
    0.47221E+00    0.45957E+01
    0.48174E+00    0.44015E+01
    0.49148E+00    0.42159E+01
    0.50141E+00    0.40404E+01
    0.51153E+00    0.38744E+01
    0.52187E+00    0.37151E+01
    0.53241E+00    0.35604E+01
    0.54317E+00    0.34100E+01
    0.55414E+00    0.32650E+01
    0.56533E+00    0.31267E+01
    0.57675E+00    0.29948E+01
    0.58840E+00    0.28684E+01
    0.60029E+00    0.27466E+01
    0.61242E+00    0.26295E+01
    0.62479E+00    0.25170E+01
    0.63741E+00    0.24090E+01
    0.65029E+00    0.23055E+01
    0.66342E+00    0.22063E+01
    0.67683E+00    0.21111E+01
    0.69050E+00    0.20199E+01
    0.70445E+00    0.19324E+01
    0.71868E+00    0.18485E+01
    0.73320E+00    0.17681E+01
    0.74801E+00    0.16911E+01
    0.76312E+00    0.16172E+01
    0.77854E+00    0.15464E+01
    0.79426E+00    0.14785E+01
    0.81031E+00    0.14135E+01
    0.82668E+00    0.13511E+01
    0.84338E+00    0.12915E+01
    0.86041E+00    0.12343E+01
    0.87780E+00    0.11795E+01
    0.89553E+00    0.11271E+01
    0.91362E+00    0.10769E+01
    0.93208E+00    0.10288E+01
    0.95091E+00    0.98285E+00
    0.97011E+00    0.93883E+00
    0.98971E+00    0.89670E+00
    0.10097E+01    0.85639E+00
    0.10301E+01    0.81783E+00
    0.10509E+01    0.78093E+00
    0.10721E+01    0.74564E+00
    0.10938E+01    0.71188E+00
    0.11159E+01    0.67960E+00
    0.11384E+01    0.64873E+00
    0.11614E+01    0.61920E+00
    0.11849E+01    0.59098E+00
    0.12088E+01    0.56399E+00
    0.12333E+01    0.53820E+00
    0.12582E+01    0.51354E+00
    0.12836E+01    0.48997E+00
    0.13095E+01    0.46745E+00
    0.13360E+01    0.44593E+00
    0.13630E+01    0.42537E+00
    0.13905E+01    0.40573E+00
    0.14186E+01    0.38697E+00
    0.14472E+01    0.36904E+00
    0.14765E+01    0.35192E+00
    0.15063E+01    0.33557E+00
    0.15367E+01    0.31996E+00
    0.15678E+01    0.30505E+00
    0.15994E+01    0.29081E+00
    0.16318E+01    0.27723E+00
    0.16647E+01    0.26425E+00
    0.16984E+01    0.25187E+00
    0.17327E+01    0.24005E+00
    0.17677E+01    0.22877E+00
    0.18034E+01    0.21801E+00
    0.18398E+01    0.20774E+00
    0.18770E+01    0.19794E+00
    0.19149E+01    0.18859E+00
    0.19536E+01    0.17967E+00
    0.19930E+01    0.17116E+00
    0.20333E+01    0.16304E+00
    0.20744E+01    0.15530E+00
    0.21163E+01    0.14792E+00
    0.21590E+01    0.14088E+00
    0.22026E+01    0.13416E+00
    0.22471E+01    0.12776E+00
    0.22925E+01    0.12166E+00
    0.23388E+01    0.11584E+00
    0.23861E+01    0.11029E+00
    0.24343E+01    0.10500E+00
    0.24835E+01    0.99965E-01
    0.25336E+01    0.95162E-01
    0.25848E+01    0.90584E-01
    0.26370E+01    0.86222E-01
    0.26903E+01    0.82065E-01
    0.27447E+01    0.78104E-01
    0.28001E+01    0.74331E-01
    0.28567E+01    0.70736E-01
    0.29144E+01    0.67311E-01
    0.29733E+01    0.64048E-01
    0.30333E+01    0.60941E-01
    0.30946E+01    0.57981E-01
    0.31571E+01    0.55162E-01
    0.32209E+01    0.52477E-01
    0.32860E+01    0.49920E-01
    0.33523E+01    0.47486E-01
    0.34201E+01    0.45168E-01
    0.34892E+01    0.42960E-01
    0.35596E+01    0.40859E-01
    0.36316E+01    0.38859E-01
    0.37049E+01    0.36954E-01
    0.37798E+01    0.35142E-01
    0.38561E+01    0.33416E-01
    0.39340E+01    0.31774E-01
    0.40135E+01    0.30211E-01
    0.40946E+01    0.28724E-01
    0.41773E+01    0.27308E-01
    0.42617E+01    0.25961E-01
    0.43478E+01    0.24680E-01
    0.44356E+01    0.23461E-01
    0.45252E+01    0.22300E-01
    0.46166E+01    0.21197E-01
    0.47099E+01    0.20147E-01
    0.48050E+01    0.19148E-01
    0.49021E+01    0.18198E-01
    0.50011E+01    0.17294E-01
    0.51021E+01    0.16434E-01
    0.52052E+01    0.15617E-01
    0.53104E+01    0.14839E-01
    0.54176E+01    0.14100E-01
    0.55271E+01    0.13397E-01
    0.56387E+01    0.12728E-01
    0.57526E+01    0.12093E-01
    0.58689E+01    0.11488E-01
    0.59874E+01    0.10914E-01
    0.61084E+01    0.10367E-01
    0.62318E+01    0.98478E-02
    0.63577E+01    0.93541E-02
    0.64861E+01    0.88848E-02
    0.66171E+01    0.84387E-02
    0.67508E+01    0.80147E-02
    0.68872E+01    0.76117E-02
    0.70263E+01    0.72287E-02
    0.71682E+01    0.68647E-02
    0.73130E+01    0.65188E-02
    0.74608E+01    0.61900E-02
    0.76115E+01    0.58777E-02
    0.77653E+01    0.55809E-02
    0.79221E+01    0.52989E-02
    0.80822E+01    0.50309E-02
    0.82454E+01    0.47764E-02
    0.84120E+01    0.45345E-02
    0.85819E+01    0.43048E-02
    0.87553E+01    0.40865E-02
    0.89322E+01    0.38792E-02
    0.91126E+01    0.36822E-02
    0.92967E+01    0.34952E-02
    0.94845E+01    0.33175E-02
    0.96761E+01    0.31488E-02
    0.98716E+01    0.29885E-02
    0.10071E+02    0.28363E-02
    0.10274E+02    0.26917E-02
    0.10482E+02    0.25545E-02
    0.10694E+02    0.24241E-02
    0.10910E+02    0.23004E-02
    0.11130E+02    0.21829E-02
    0.11355E+02    0.20713E-02
    0.11584E+02    0.19653E-02
    0.11818E+02    0.18648E-02
    0.12057E+02    0.17693E-02
    0.12301E+02    0.16786E-02
    0.12549E+02    0.15926E-02
    0.12803E+02    0.15109E-02
    0.13061E+02    0.14333E-02
    0.13325E+02    0.13597E-02
    0.13594E+02    0.12898E-02
    0.13869E+02    0.12235E-02
    0.14149E+02    0.11606E-02
    0.14435E+02    0.11009E-02
    0.14727E+02    0.10442E-02
    0.15024E+02    0.99037E-03
    0.15328E+02    0.93931E-03
    0.15637E+02    0.89086E-03
    0.15953E+02    0.84489E-03
    0.16275E+02    0.80126E-03
    0.16604E+02    0.75987E-03
    0.16940E+02    0.72059E-03
    0.17282E+02    0.68332E-03
    0.17631E+02    0.64797E-03
    0.17987E+02    0.61442E-03
    0.18351E+02    0.58260E-03
    0.18721E+02    0.55241E-03
    0.19099E+02    0.52376E-03
    0.19485E+02    0.49660E-03
    0.19879E+02    0.47082E-03
    0.20280E+02    0.44637E-03
    0.20690E+02    0.42318E-03
    0.21108E+02    0.40119E-03
    0.21535E+02    0.38033E-03
    0.21970E+02    0.36054E-03
    0.22413E+02    0.34177E-03
    0.22866E+02    0.32397E-03
    0.23328E+02    0.30709E-03
    0.23799E+02    0.29109E-03
    0.24280E+02    0.27591E-03
    0.24771E+02    0.26151E-03
    0.25271E+02    0.24786E-03
    0.25782E+02    0.23492E-03
    0.26302E+02    0.22264E-03
    0.26834E+02    0.21100E-03
    0.27376E+02    0.19997E-03
    0.27929E+02    0.18951E-03
    0.28493E+02    0.17959E-03
    0.29069E+02    0.17018E-03
    0.29656E+02    0.16127E-03
    0.30255E+02    0.15281E-03
    0.30866E+02    0.14480E-03
    0.31490E+02    0.13720E-03
    0.32126E+02    0.13000E-03
    0.32775E+02    0.12318E-03
    0.33437E+02    0.11671E-03
    0.34112E+02    0.11057E-03
    0.34801E+02    0.10476E-03
    0.35504E+02    0.99249E-04
    0.36222E+02    0.94026E-04
    0.36953E+02    0.89076E-04
    0.37700E+02    0.84385E-04
    0.38462E+02    0.79938E-04
    0.39239E+02    0.75724E-04
    0.40031E+02    0.71730E-04
    0.40840E+02    0.67946E-04
    0.41665E+02    0.64359E-04
    0.42507E+02    0.60961E-04
    0.43365E+02    0.57740E-04
    0.44241E+02    0.54688E-04
    0.45135E+02    0.51796E-04
    0.46047E+02    0.49056E-04
    0.46977E+02    0.46460E-04
    0.47926E+02    0.44000E-04
    0.48894E+02    0.41669E-04
    0.49882E+02    0.39461E-04
    0.50890E+02    0.37369E-04
    0.51918E+02    0.35387E-04
    0.52966E+02    0.33509E-04
    0.54036E+02    0.31730E-04
    0.55128E+02    0.30045E-04
    0.56242E+02    0.28449E-04
    0.57378E+02    0.26936E-04
    0.58537E+02    0.25504E-04
    0.59720E+02    0.24147E-04
    0.60926E+02    0.22861E-04
    0.62157E+02    0.21644E-04
    0.63412E+02    0.20491E-04
    0.64693E+02    0.19398E-04
    0.66000E+02    0.18364E-04
    0.67334E+02    0.17384E-04
    0.68694E+02    0.16456E-04
    0.70082E+02    0.15577E-04
    0.71497E+02    0.14745E-04
    0.72942E+02    0.13956E-04
    0.74415E+02    0.13210E-04
    0.75918E+02    0.12503E-04
    0.77452E+02    0.11834E-04
    0.79017E+02    0.11200E-04
    0.80613E+02    0.10600E-04
    0.82241E+02    0.10031E-04
    0.83903E+02    0.94932E-05
    0.85598E+02    0.89836E-05
    0.87327E+02    0.85010E-05
    0.89091E+02    0.80441E-05
    0.90891E+02    0.76114E-05
    0.92727E+02    0.72017E-05
    0.94600E+02    0.68138E-05
    0.96511E+02    0.64465E-05
    0.98461E+02    0.60988E-05
    0.10045E+03    0.57696E-05
    0.10248E+03    0.54580E-05
    0.10455E+03    0.51632E-05
    0.10666E+03    0.48842E-05
    0.10882E+03    0.46202E-05
    0.11101E+03    0.43704E-05
    0.11326E+03    0.41341E-05
