#           k/h    P           
    0.10000E-03    0.29213E+03
    0.10202E-03    0.29782E+03
    0.10408E-03    0.30363E+03
    0.10618E-03    0.30955E+03
    0.10833E-03    0.31559E+03
    0.11052E-03    0.32174E+03
    0.11275E-03    0.32801E+03
    0.11503E-03    0.33441E+03
    0.11735E-03    0.34093E+03
    0.11972E-03    0.34757E+03
    0.12214E-03    0.35435E+03
    0.12461E-03    0.36126E+03
    0.12712E-03    0.36830E+03
    0.12969E-03    0.37548E+03
    0.13231E-03    0.38280E+03
    0.13499E-03    0.39026E+03
    0.13771E-03    0.39787E+03
    0.14049E-03    0.40562E+03
    0.14333E-03    0.41353E+03
    0.14623E-03    0.42159E+03
    0.14918E-03    0.42980E+03
    0.15220E-03    0.43818E+03
    0.15527E-03    0.44672E+03
    0.15841E-03    0.45542E+03
    0.16161E-03    0.46430E+03
    0.16487E-03    0.47334E+03
    0.16820E-03    0.48257E+03
    0.17160E-03    0.49197E+03
    0.17507E-03    0.50155E+03
    0.17860E-03    0.51132E+03
    0.18221E-03    0.52128E+03
    0.18589E-03    0.53144E+03
    0.18965E-03    0.54179E+03
    0.19348E-03    0.55234E+03
    0.19739E-03    0.56309E+03
    0.20138E-03    0.57406E+03
    0.20544E-03    0.58524E+03
    0.20959E-03    0.59663E+03
    0.21383E-03    0.60825E+03
    0.21815E-03    0.62009E+03
    0.22255E-03    0.63216E+03
    0.22705E-03    0.64446E+03
    0.23164E-03    0.65701E+03
    0.23632E-03    0.66979E+03
    0.24109E-03    0.68283E+03
    0.24596E-03    0.69611E+03
    0.25093E-03    0.70965E+03
    0.25600E-03    0.72346E+03
    0.26117E-03    0.73753E+03
    0.26645E-03    0.75187E+03
    0.27183E-03    0.76649E+03
    0.27732E-03    0.78140E+03
    0.28292E-03    0.79659E+03
    0.28864E-03    0.81207E+03
    0.29447E-03    0.82785E+03
    0.30042E-03    0.84394E+03
    0.30649E-03    0.86034E+03
    0.31268E-03    0.87705E+03
    0.31899E-03    0.89409E+03
    0.32544E-03    0.91145E+03
    0.33201E-03    0.92914E+03
    0.33872E-03    0.94718E+03
    0.34556E-03    0.96557E+03
    0.35254E-03    0.98430E+03
    0.35966E-03    0.10034E+04
    0.36693E-03    0.10229E+04
    0.37434E-03    0.10427E+04
    0.38190E-03    0.10629E+04
    0.38962E-03    0.10835E+04
    0.39749E-03    0.11045E+04
    0.40552E-03    0.11259E+04
    0.41371E-03    0.11477E+04
    0.42207E-03    0.11699E+04
    0.43060E-03    0.11926E+04
    0.43929E-03    0.12157E+04
    0.44817E-03    0.12392E+04
    0.45722E-03    0.12632E+04
    0.46646E-03    0.12876E+04
    0.47588E-03    0.13125E+04
    0.48550E-03    0.13378E+04
    0.49530E-03    0.13637E+04
    0.50531E-03    0.13900E+04
    0.51552E-03    0.14168E+04
    0.52593E-03    0.14442E+04
    0.53656E-03    0.14720E+04
    0.54739E-03    0.15004E+04
    0.55845E-03    0.15293E+04
    0.56973E-03    0.15587E+04
    0.58124E-03    0.15888E+04
    0.59299E-03    0.16193E+04
    0.60496E-03    0.16505E+04
    0.61719E-03    0.16822E+04
    0.62965E-03    0.17145E+04
    0.64237E-03    0.17474E+04
    0.65535E-03    0.17810E+04
    0.66859E-03    0.18151E+04
    0.68210E-03    0.18499E+04
    0.69588E-03    0.18854E+04
    0.70993E-03    0.19214E+04
    0.72427E-03    0.19582E+04
    0.73891E-03    0.19956E+04
    0.75383E-03    0.20338E+04
    0.76906E-03    0.20726E+04
    0.78460E-03    0.21121E+04
    0.80045E-03    0.21524E+04
    0.81662E-03    0.21934E+04
    0.83311E-03    0.22352E+04
    0.84994E-03    0.22777E+04
    0.86711E-03    0.23210E+04
    0.88463E-03    0.23650E+04
    0.90250E-03    0.24099E+04
    0.92073E-03    0.24556E+04
    0.93933E-03    0.25020E+04
    0.95831E-03    0.25494E+04
    0.97767E-03    0.25975E+04
    0.99742E-03    0.26466E+04
    0.10176E-02    0.26965E+04
    0.10381E-02    0.27473E+04
    0.10591E-02    0.27990E+04
    0.10805E-02    0.28516E+04
    0.11023E-02    0.29051E+04
    0.11246E-02    0.29596E+04
    0.11473E-02    0.30150E+04
    0.11705E-02    0.30714E+04
    0.11941E-02    0.31288E+04
    0.12182E-02    0.31871E+04
    0.12429E-02    0.32465E+04
    0.12680E-02    0.33069E+04
    0.12936E-02    0.33683E+04
    0.13197E-02    0.34308E+04
    0.13464E-02    0.34943E+04
    0.13736E-02    0.35589E+04
    0.14013E-02    0.36246E+04
    0.14296E-02    0.36914E+04
    0.14585E-02    0.37593E+04
    0.14880E-02    0.38283E+04
    0.15180E-02    0.38984E+04
    0.15487E-02    0.39698E+04
    0.15800E-02    0.40422E+04
    0.16119E-02    0.41159E+04
    0.16445E-02    0.41907E+04
    0.16777E-02    0.42668E+04
    0.17116E-02    0.43440E+04
    0.17462E-02    0.44225E+04
    0.17814E-02    0.45022E+04
    0.18174E-02    0.45832E+04
    0.18541E-02    0.46654E+04
    0.18916E-02    0.47489E+04
    0.19298E-02    0.48336E+04
    0.19688E-02    0.49197E+04
    0.20086E-02    0.50070E+04
    0.20491E-02    0.50957E+04
    0.20905E-02    0.51856E+04
    0.21328E-02    0.52769E+04
    0.21758E-02    0.53695E+04
    0.22198E-02    0.54635E+04
    0.22646E-02    0.55587E+04
    0.23104E-02    0.56554E+04
    0.23571E-02    0.57533E+04
    0.24047E-02    0.58527E+04
    0.24533E-02    0.59533E+04
    0.25028E-02    0.60554E+04
    0.25534E-02    0.61588E+04
    0.26050E-02    0.62635E+04
    0.26576E-02    0.63697E+04
    0.27113E-02    0.64772E+04
    0.27660E-02    0.65860E+04
    0.28219E-02    0.66962E+04
    0.28789E-02    0.68077E+04
    0.29371E-02    0.69206E+04
    0.29964E-02    0.70348E+04
    0.30569E-02    0.71504E+04
    0.31187E-02    0.72673E+04
    0.31817E-02    0.73855E+04
    0.32460E-02    0.75050E+04
    0.33115E-02    0.76258E+04
    0.33784E-02    0.77478E+04
    0.34467E-02    0.78711E+04
    0.35163E-02    0.79957E+04
    0.35874E-02    0.81215E+04
    0.36598E-02    0.82485E+04
    0.37338E-02    0.83767E+04
    0.38092E-02    0.85060E+04
    0.38861E-02    0.86365E+04
    0.39646E-02    0.87680E+04
    0.40447E-02    0.89007E+04
    0.41264E-02    0.90344E+04
    0.42098E-02    0.91691E+04
    0.42948E-02    0.93048E+04
    0.43816E-02    0.94415E+04
    0.44701E-02    0.95790E+04
    0.45604E-02    0.97174E+04
    0.46525E-02    0.98567E+04
    0.47465E-02    0.99967E+04
    0.48424E-02    0.10137E+05
    0.49402E-02    0.10279E+05
    0.50400E-02    0.10421E+05
    0.51419E-02    0.10564E+05
    0.52457E-02    0.10707E+05
    0.53517E-02    0.10851E+05
    0.54598E-02    0.10995E+05
    0.55701E-02    0.11139E+05
    0.56826E-02    0.11284E+05
    0.57974E-02    0.11429E+05
    0.59145E-02    0.11574E+05
    0.60340E-02    0.11719E+05
    0.61559E-02    0.11864E+05
    0.62803E-02    0.12009E+05
    0.64072E-02    0.12154E+05
    0.65366E-02    0.12299E+05
    0.66686E-02    0.12443E+05
    0.68033E-02    0.12587E+05
    0.69408E-02    0.12731E+05
    0.70810E-02    0.12874E+05
    0.72240E-02    0.13016E+05
    0.73700E-02    0.13157E+05
    0.75189E-02    0.13298E+05
    0.76708E-02    0.13437E+05
    0.78257E-02    0.13576E+05
    0.79838E-02    0.13713E+05
    0.81451E-02    0.13849E+05
    0.83096E-02    0.13983E+05
    0.84775E-02    0.14116E+05
    0.86488E-02    0.14247E+05
    0.88235E-02    0.14377E+05
    0.90017E-02    0.14504E+05
    0.91836E-02    0.14629E+05
    0.93691E-02    0.14753E+05
    0.95583E-02    0.14873E+05
    0.97514E-02    0.14992E+05
    0.99484E-02    0.15108E+05
    0.10149E-01    0.15221E+05
    0.10354E-01    0.15331E+05
    0.10564E-01    0.15438E+05
    0.10777E-01    0.15542E+05
    0.10995E-01    0.15642E+05
    0.11217E-01    0.15739E+05
    0.11443E-01    0.15832E+05
    0.11675E-01    0.15921E+05
    0.11910E-01    0.16007E+05
    0.12151E-01    0.16088E+05
    0.12397E-01    0.16166E+05
    0.12647E-01    0.16239E+05
    0.12902E-01    0.16307E+05
    0.13163E-01    0.16370E+05
    0.13429E-01    0.16428E+05
    0.13700E-01    0.16480E+05
    0.13977E-01    0.16527E+05
    0.14259E-01    0.16568E+05
    0.14547E-01    0.16603E+05
    0.14841E-01    0.16632E+05
    0.15141E-01    0.16655E+05
    0.15447E-01    0.16672E+05
    0.15759E-01    0.16683E+05
    0.16077E-01    0.16687E+05
    0.16402E-01    0.16684E+05
    0.16734E-01    0.16674E+05
    0.17072E-01    0.16656E+05
    0.17416E-01    0.16632E+05
    0.17768E-01    0.16600E+05
    0.18127E-01    0.16562E+05
    0.18493E-01    0.16515E+05
    0.18867E-01    0.16462E+05
    0.19248E-01    0.16400E+05
    0.19637E-01    0.16332E+05
    0.20034E-01    0.16255E+05
    0.20438E-01    0.16170E+05
    0.20851E-01    0.16078E+05
    0.21272E-01    0.15978E+05
    0.21702E-01    0.15870E+05
    0.22141E-01    0.15755E+05
    0.22588E-01    0.15631E+05
    0.23044E-01    0.15500E+05
    0.23510E-01    0.15362E+05
    0.23985E-01    0.15216E+05
    0.24469E-01    0.15063E+05
    0.24964E-01    0.14903E+05
    0.25468E-01    0.14736E+05
    0.25982E-01    0.14563E+05
    0.26507E-01    0.14383E+05
    0.27043E-01    0.14198E+05
    0.27589E-01    0.14007E+05
    0.28146E-01    0.13811E+05
    0.28715E-01    0.13610E+05
    0.29295E-01    0.13404E+05
    0.29887E-01    0.13195E+05
    0.30490E-01    0.12982E+05
    0.31106E-01    0.12766E+05
    0.31735E-01    0.12548E+05
    0.32376E-01    0.12327E+05
    0.33030E-01    0.12106E+05
    0.33697E-01    0.11883E+05
    0.34378E-01    0.11660E+05
    0.35072E-01    0.11438E+05
    0.35781E-01    0.11216E+05
    0.36504E-01    0.10996E+05
    0.37241E-01    0.10777E+05
    0.37993E-01    0.10562E+05
    0.38761E-01    0.10350E+05
    0.39544E-01    0.10142E+05
    0.40343E-01    0.99380E+04
    0.41158E-01    0.97389E+04
    0.41989E-01    0.95446E+04
    0.42838E-01    0.93555E+04
    0.43703E-01    0.91716E+04
    0.44586E-01    0.89935E+04
    0.45486E-01    0.88216E+04
    0.46405E-01    0.86567E+04
    0.47343E-01    0.84992E+04
    0.48299E-01    0.83495E+04
    0.49275E-01    0.82076E+04
    0.50270E-01    0.80727E+04
    0.51286E-01    0.79441E+04
    0.52322E-01    0.78212E+04
    0.53379E-01    0.77035E+04
    0.54457E-01    0.75902E+04
    0.55557E-01    0.74810E+04
    0.56680E-01    0.73751E+04
    0.57825E-01    0.72720E+04
    0.58993E-01    0.71712E+04
    0.60184E-01    0.70719E+04
    0.61400E-01    0.69735E+04
    0.62641E-01    0.68752E+04
    0.63906E-01    0.67759E+04
    0.65197E-01    0.66747E+04
    0.66514E-01    0.65706E+04
    0.67858E-01    0.64624E+04
    0.69229E-01    0.63490E+04
    0.70627E-01    0.62295E+04
    0.72054E-01    0.61033E+04
    0.73510E-01    0.59699E+04
    0.74994E-01    0.58290E+04
    0.76509E-01    0.56809E+04
    0.78055E-01    0.55262E+04
    0.79632E-01    0.53654E+04
    0.81241E-01    0.51999E+04
    0.82882E-01    0.50310E+04
    0.84556E-01    0.48600E+04
    0.86264E-01    0.46887E+04
    0.88007E-01    0.45184E+04
    0.89785E-01    0.43508E+04
    0.91598E-01    0.41873E+04
    0.93449E-01    0.40293E+04
    0.95337E-01    0.38783E+04
    0.97263E-01    0.37356E+04
    0.99227E-01    0.36021E+04
    0.10123E+00    0.34791E+04
    0.10328E+00    0.33672E+04
    0.10536E+00    0.32668E+04
    0.10749E+00    0.31776E+04
    0.10966E+00    0.30992E+04
    0.11188E+00    0.30303E+04
    0.11414E+00    0.29694E+04
    0.11644E+00    0.29144E+04
    0.11880E+00    0.28633E+04
    0.12120E+00    0.28136E+04
    0.12365E+00    0.27633E+04
    0.12614E+00    0.27101E+04
    0.12869E+00    0.26525E+04
    0.13129E+00    0.25891E+04
    0.13394E+00    0.25192E+04
    0.13665E+00    0.24425E+04
    0.13941E+00    0.23596E+04
    0.14223E+00    0.22715E+04
    0.14510E+00    0.21796E+04
    0.14803E+00    0.20858E+04
    0.15102E+00    0.19923E+04
    0.15407E+00    0.19014E+04
    0.15718E+00    0.18155E+04
    0.16036E+00    0.17367E+04
    0.16360E+00    0.16667E+04
    0.16690E+00    0.16060E+04
    0.17028E+00    0.15545E+04
    0.17371E+00    0.15109E+04
    0.17722E+00    0.14734E+04
    0.18080E+00    0.14400E+04
    0.18446E+00    0.14085E+04
    0.18818E+00    0.13768E+04
    0.19198E+00    0.13430E+04
    0.19586E+00    0.13052E+04
    0.19982E+00    0.12624E+04
    0.20386E+00    0.12149E+04
    0.20797E+00    0.11640E+04
    0.21218E+00    0.11116E+04
    0.21646E+00    0.10600E+04
    0.22083E+00    0.10110E+04
    0.22530E+00    0.96637E+03
    0.22985E+00    0.92702E+03
    0.23449E+00    0.89330E+03
    0.23923E+00    0.86461E+03
    0.24406E+00    0.83963E+03
    0.24899E+00    0.81660E+03
    0.25402E+00    0.79364E+03
    0.25915E+00    0.76913E+03
    0.26439E+00    0.74220E+03
    0.26973E+00    0.71298E+03
    0.27518E+00    0.68243E+03
    0.28074E+00    0.65184E+03
    0.28641E+00    0.62255E+03
    0.29219E+00    0.59574E+03
    0.29810E+00    0.57208E+03
    0.30412E+00    0.55143E+03
    0.31026E+00    0.53291E+03
    0.31653E+00    0.51535E+03
    0.32292E+00    0.49777E+03
    0.32945E+00    0.47946E+03
    0.33610E+00    0.46023E+03
    0.34289E+00    0.44058E+03
    0.34982E+00    0.42139E+03
    0.35689E+00    0.40342E+03
    0.36409E+00    0.38701E+03
    0.37145E+00    0.37212E+03
    0.37895E+00    0.35837E+03
    0.38661E+00    0.34510E+03
    0.39442E+00    0.33179E+03
    0.40239E+00    0.31832E+03
    0.41052E+00    0.30489E+03
    0.41881E+00    0.29189E+03
    0.42727E+00    0.27968E+03
    0.43590E+00    0.26835E+03
    0.44471E+00    0.25773E+03
    0.45369E+00    0.24753E+03
    0.46286E+00    0.23752E+03
    0.47221E+00    0.22764E+03
    0.48174E+00    0.21801E+03
    0.49148E+00    0.20880E+03
    0.50141E+00    0.20010E+03
    0.51153E+00    0.19187E+03
    0.52187E+00    0.18397E+03
    0.53241E+00    0.17631E+03
    0.54317E+00    0.16885E+03
    0.55414E+00    0.16166E+03
    0.56533E+00    0.15481E+03
    0.57675E+00    0.14828E+03
    0.58840E+00    0.14201E+03
    0.60029E+00    0.13597E+03
    0.61242E+00    0.13017E+03
    0.62479E+00    0.12460E+03
    0.63741E+00    0.11925E+03
    0.65029E+00    0.11412E+03
    0.66342E+00    0.10921E+03
    0.67683E+00    0.10449E+03
    0.69050E+00    0.99975E+02
    0.70445E+00    0.95643E+02
    0.71868E+00    0.91489E+02
    0.73320E+00    0.87507E+02
    0.74801E+00    0.83690E+02
    0.76312E+00    0.80032E+02
    0.77854E+00    0.76525E+02
    0.79426E+00    0.73165E+02
    0.81031E+00    0.69945E+02
    0.82668E+00    0.66860E+02
    0.84338E+00    0.63904E+02
    0.86041E+00    0.61074E+02
    0.87780E+00    0.58363E+02
    0.89553E+00    0.55768E+02
    0.91362E+00    0.53283E+02
    0.93208E+00    0.50904E+02
    0.95091E+00    0.48628E+02
    0.97011E+00    0.46449E+02
    0.98971E+00    0.44364E+02
    0.10097E+01    0.42369E+02
    0.10301E+01    0.40460E+02
    0.10509E+01    0.38635E+02
    0.10721E+01    0.36888E+02
    0.10938E+01    0.35218E+02
    0.11159E+01    0.33620E+02
    0.11384E+01    0.32092E+02
    0.11614E+01    0.30631E+02
    0.11849E+01    0.29235E+02
    0.12088E+01    0.27899E+02
    0.12333E+01    0.26623E+02
    0.12582E+01    0.25403E+02
    0.12836E+01    0.24237E+02
    0.13095E+01    0.23123E+02
    0.13360E+01    0.22058E+02
    0.13630E+01    0.21041E+02
    0.13905E+01    0.20069E+02
    0.14186E+01    0.19141E+02
    0.14472E+01    0.18254E+02
    0.14765E+01    0.17407E+02
    0.15063E+01    0.16598E+02
    0.15367E+01    0.15826E+02
    0.15678E+01    0.15088E+02
    0.15994E+01    0.14384E+02
    0.16318E+01    0.13712E+02
    0.16647E+01    0.13070E+02
    0.16984E+01    0.12457E+02
    0.17327E+01    0.11873E+02
    0.17677E+01    0.11315E+02
    0.18034E+01    0.10782E+02
    0.18398E+01    0.10274E+02
    0.18770E+01    0.97896E+01
    0.19149E+01    0.93271E+01
    0.19536E+01    0.88859E+01
    0.19930E+01    0.84650E+01
    0.20333E+01    0.80635E+01
    0.20744E+01    0.76806E+01
    0.21163E+01    0.73154E+01
    0.21590E+01    0.69672E+01
    0.22026E+01    0.66351E+01
    0.22471E+01    0.63185E+01
    0.22925E+01    0.60166E+01
    0.23388E+01    0.57288E+01
    0.23861E+01    0.54545E+01
    0.24343E+01    0.51930E+01
    0.24835E+01    0.49437E+01
    0.25336E+01    0.47062E+01
    0.25848E+01    0.44798E+01
    0.26370E+01    0.42640E+01
    0.26903E+01    0.40584E+01
    0.27447E+01    0.38626E+01
    0.28001E+01    0.36759E+01
    0.28567E+01    0.34981E+01
    0.29144E+01    0.33287E+01
    0.29733E+01    0.31674E+01
    0.30333E+01    0.30137E+01
    0.30946E+01    0.28673E+01
    0.31571E+01    0.27279E+01
    0.32209E+01    0.25951E+01
    0.32860E+01    0.24687E+01
    0.33523E+01    0.23483E+01
    0.34201E+01    0.22336E+01
    0.34892E+01    0.21245E+01
    0.35596E+01    0.20206E+01
    0.36316E+01    0.19216E+01
    0.37049E+01    0.18275E+01
    0.37798E+01    0.17378E+01
    0.38561E+01    0.16525E+01
    0.39340E+01    0.15713E+01
    0.40135E+01    0.14940E+01
    0.40946E+01    0.14204E+01
    0.41773E+01    0.13504E+01
    0.42617E+01    0.12838E+01
    0.43478E+01    0.12204E+01
    0.44356E+01    0.11601E+01
    0.45252E+01    0.11028E+01
    0.46166E+01    0.10482E+01
    0.47099E+01    0.99625E+00
    0.48050E+01    0.94686E+00
    0.49021E+01    0.89987E+00
    0.50011E+01    0.85518E+00
    0.51021E+01    0.81267E+00
    0.52052E+01    0.77224E+00
    0.53104E+01    0.73380E+00
    0.54176E+01    0.69723E+00
    0.55271E+01    0.66246E+00
    0.56387E+01    0.62940E+00
    0.57526E+01    0.59797E+00
    0.58689E+01    0.56808E+00
    0.59874E+01    0.53966E+00
    0.61084E+01    0.51264E+00
    0.62318E+01    0.48696E+00
    0.63577E+01    0.46254E+00
    0.64861E+01    0.43934E+00
    0.66171E+01    0.41728E+00
    0.67508E+01    0.39631E+00
    0.68872E+01    0.37638E+00
    0.70263E+01    0.35744E+00
    0.71682E+01    0.33944E+00
    0.73130E+01    0.32233E+00
    0.74608E+01    0.30608E+00
    0.76115E+01    0.29063E+00
    0.77653E+01    0.27595E+00
    0.79221E+01    0.26201E+00
    0.80822E+01    0.24876E+00
    0.82454E+01    0.23617E+00
    0.84120E+01    0.22421E+00
    0.85819E+01    0.21285E+00
    0.87553E+01    0.20206E+00
    0.89322E+01    0.19180E+00
    0.91126E+01    0.18206E+00
    0.92967E+01    0.17281E+00
    0.94845E+01    0.16403E+00
    0.96761E+01    0.15568E+00
    0.98716E+01    0.14776E+00
    0.10071E+02    0.14023E+00
    0.10274E+02    0.13309E+00
    0.10482E+02    0.12630E+00
    0.10694E+02    0.11985E+00
    0.10910E+02    0.11373E+00
    0.11130E+02    0.10792E+00
    0.11355E+02    0.10240E+00
    0.11584E+02    0.97166E-01
    0.11818E+02    0.92192E-01
    0.12057E+02    0.87470E-01
    0.12301E+02    0.82988E-01
    0.12549E+02    0.78732E-01
    0.12803E+02    0.74693E-01
    0.13061E+02    0.70858E-01
    0.13325E+02    0.67219E-01
    0.13594E+02    0.63764E-01
    0.13869E+02    0.60485E-01
    0.14149E+02    0.57373E-01
    0.14435E+02    0.54419E-01
    0.14727E+02    0.51616E-01
    0.15024E+02    0.48956E-01
    0.15328E+02    0.46431E-01
    0.15637E+02    0.44035E-01
    0.15953E+02    0.41762E-01
    0.16275E+02    0.39605E-01
    0.16604E+02    0.37558E-01
    0.16940E+02    0.35616E-01
    0.17282E+02    0.33774E-01
    0.17631E+02    0.32025E-01
    0.17987E+02    0.30367E-01
    0.18351E+02    0.28793E-01
    0.18721E+02    0.27300E-01
    0.19099E+02    0.25884E-01
    0.19485E+02    0.24541E-01
    0.19879E+02    0.23267E-01
    0.20280E+02    0.22058E-01
    0.20690E+02    0.20911E-01
    0.21108E+02    0.19824E-01
    0.21535E+02    0.18792E-01
    0.21970E+02    0.17814E-01
    0.22413E+02    0.16886E-01
    0.22866E+02    0.16006E-01
    0.23328E+02    0.15172E-01
    0.23799E+02    0.14380E-01
    0.24280E+02    0.13630E-01
    0.24771E+02    0.12918E-01
    0.25271E+02    0.12243E-01
    0.25782E+02    0.11604E-01
    0.26302E+02    0.10997E-01
    0.26834E+02    0.10421E-01
    0.27376E+02    0.98759E-02
    0.27929E+02    0.93587E-02
    0.28493E+02    0.88684E-02
    0.29069E+02    0.84035E-02
    0.29656E+02    0.79627E-02
    0.30255E+02    0.75449E-02
    0.30866E+02    0.71488E-02
    0.31490E+02    0.67733E-02
    0.32126E+02    0.64174E-02
    0.32775E+02    0.60800E-02
    0.33437E+02    0.57602E-02
    0.34112E+02    0.54570E-02
    0.34801E+02    0.51697E-02
    0.35504E+02    0.48973E-02
    0.36222E+02    0.46392E-02
    0.36953E+02    0.43946E-02
    0.37700E+02    0.41627E-02
    0.38462E+02    0.39430E-02
    0.39239E+02    0.37347E-02
    0.40031E+02    0.35374E-02
    0.40840E+02    0.33504E-02
    0.41665E+02    0.31731E-02
    0.42507E+02    0.30052E-02
    0.43365E+02    0.28461E-02
    0.44241E+02    0.26953E-02
    0.45135E+02    0.25524E-02
    0.46047E+02    0.24170E-02
    0.46977E+02    0.22888E-02
    0.47926E+02    0.21673E-02
    0.48894E+02    0.20521E-02
    0.49882E+02    0.19431E-02
    0.50890E+02    0.18397E-02
    0.51918E+02    0.17418E-02
    0.52966E+02    0.16491E-02
    0.54036E+02    0.15613E-02
    0.55128E+02    0.14780E-02
    0.56242E+02    0.13992E-02
    0.57378E+02    0.13245E-02
    0.58537E+02    0.12538E-02
    0.59720E+02    0.11868E-02
    0.60926E+02    0.11234E-02
    0.62157E+02    0.10633E-02
    0.63412E+02    0.10063E-02
    0.64693E+02    0.95241E-03
    0.66000E+02    0.90135E-03
    0.67334E+02    0.85300E-03
    0.68694E+02    0.80720E-03
    0.70082E+02    0.76384E-03
    0.71497E+02    0.72278E-03
    0.72942E+02    0.68390E-03
    0.74415E+02    0.64709E-03
    0.75918E+02    0.61223E-03
    0.77452E+02    0.57923E-03
    0.79017E+02    0.54798E-03
    0.80613E+02    0.51840E-03
    0.82241E+02    0.49039E-03
    0.83903E+02    0.46387E-03
    0.85598E+02    0.43876E-03
    0.87327E+02    0.41499E-03
    0.89091E+02    0.39247E-03
    0.90891E+02    0.37116E-03
    0.92727E+02    0.35098E-03
    0.94600E+02    0.33187E-03
    0.96511E+02    0.31378E-03
    0.98461E+02    0.29665E-03
    0.10045E+03    0.28045E-03
    0.10248E+03    0.26512E-03
    0.10455E+03    0.25061E-03
    0.10666E+03    0.23690E-03
    0.10882E+03    0.22392E-03
    0.11101E+03    0.21166E-03
    0.11326E+03    0.20006E-03
