#           k/h    P           
    0.10000E-03    0.61708E+02
    0.10202E-03    0.62911E+02
    0.10408E-03    0.64138E+02
    0.10618E-03    0.65388E+02
    0.10833E-03    0.66663E+02
    0.11052E-03    0.67963E+02
    0.11275E-03    0.69289E+02
    0.11503E-03    0.70640E+02
    0.11735E-03    0.72017E+02
    0.11972E-03    0.73421E+02
    0.12214E-03    0.74853E+02
    0.12461E-03    0.76312E+02
    0.12712E-03    0.77800E+02
    0.12969E-03    0.79316E+02
    0.13231E-03    0.80863E+02
    0.13499E-03    0.82439E+02
    0.13771E-03    0.84046E+02
    0.14049E-03    0.85685E+02
    0.14333E-03    0.87355E+02
    0.14623E-03    0.89058E+02
    0.14918E-03    0.90794E+02
    0.15220E-03    0.92563E+02
    0.15527E-03    0.94367E+02
    0.15841E-03    0.96206E+02
    0.16161E-03    0.98081E+02
    0.16487E-03    0.99993E+02
    0.16820E-03    0.10194E+03
    0.17160E-03    0.10393E+03
    0.17507E-03    0.10595E+03
    0.17860E-03    0.10802E+03
    0.18221E-03    0.11012E+03
    0.18589E-03    0.11227E+03
    0.18965E-03    0.11445E+03
    0.19348E-03    0.11668E+03
    0.19739E-03    0.11896E+03
    0.20138E-03    0.12127E+03
    0.20544E-03    0.12364E+03
    0.20959E-03    0.12604E+03
    0.21383E-03    0.12850E+03
    0.21815E-03    0.13100E+03
    0.22255E-03    0.13355E+03
    0.22705E-03    0.13615E+03
    0.23164E-03    0.13880E+03
    0.23632E-03    0.14151E+03
    0.24109E-03    0.14426E+03
    0.24596E-03    0.14707E+03
    0.25093E-03    0.14993E+03
    0.25600E-03    0.15285E+03
    0.26117E-03    0.15582E+03
    0.26645E-03    0.15886E+03
    0.27183E-03    0.16195E+03
    0.27732E-03    0.16510E+03
    0.28292E-03    0.16831E+03
    0.28864E-03    0.17158E+03
    0.29447E-03    0.17492E+03
    0.30042E-03    0.17832E+03
    0.30649E-03    0.18179E+03
    0.31268E-03    0.18532E+03
    0.31899E-03    0.18892E+03
    0.32544E-03    0.19259E+03
    0.33201E-03    0.19633E+03
    0.33872E-03    0.20015E+03
    0.34556E-03    0.20404E+03
    0.35254E-03    0.20800E+03
    0.35966E-03    0.21204E+03
    0.36693E-03    0.21615E+03
    0.37434E-03    0.22035E+03
    0.38190E-03    0.22463E+03
    0.38962E-03    0.22898E+03
    0.39749E-03    0.23343E+03
    0.40552E-03    0.23795E+03
    0.41371E-03    0.24257E+03
    0.42207E-03    0.24727E+03
    0.43060E-03    0.25206E+03
    0.43929E-03    0.25694E+03
    0.44817E-03    0.26192E+03
    0.45722E-03    0.26699E+03
    0.46646E-03    0.27216E+03
    0.47588E-03    0.27743E+03
    0.48550E-03    0.28279E+03
    0.49530E-03    0.28826E+03
    0.50531E-03    0.29384E+03
    0.51552E-03    0.29951E+03
    0.52593E-03    0.30530E+03
    0.53656E-03    0.31120E+03
    0.54739E-03    0.31720E+03
    0.55845E-03    0.32333E+03
    0.56973E-03    0.32956E+03
    0.58124E-03    0.33592E+03
    0.59299E-03    0.34239E+03
    0.60496E-03    0.34899E+03
    0.61719E-03    0.35571E+03
    0.62965E-03    0.36255E+03
    0.64237E-03    0.36953E+03
    0.65535E-03    0.37663E+03
    0.66859E-03    0.38387E+03
    0.68210E-03    0.39124E+03
    0.69588E-03    0.39875E+03
    0.70993E-03    0.40639E+03
    0.72427E-03    0.41418E+03
    0.73891E-03    0.42212E+03
    0.75383E-03    0.43020E+03
    0.76906E-03    0.43843E+03
    0.78460E-03    0.44681E+03
    0.80045E-03    0.45535E+03
    0.81662E-03    0.46404E+03
    0.83311E-03    0.47289E+03
    0.84994E-03    0.48190E+03
    0.86711E-03    0.49108E+03
    0.88463E-03    0.50042E+03
    0.90250E-03    0.50993E+03
    0.92073E-03    0.51962E+03
    0.93933E-03    0.52947E+03
    0.95831E-03    0.53951E+03
    0.97767E-03    0.54973E+03
    0.99742E-03    0.56013E+03
    0.10176E-02    0.57071E+03
    0.10381E-02    0.58148E+03
    0.10591E-02    0.59245E+03
    0.10805E-02    0.60361E+03
    0.11023E-02    0.61496E+03
    0.11246E-02    0.62652E+03
    0.11473E-02    0.63827E+03
    0.11705E-02    0.65024E+03
    0.11941E-02    0.66241E+03
    0.12182E-02    0.67479E+03
    0.12429E-02    0.68738E+03
    0.12680E-02    0.70019E+03
    0.12936E-02    0.71323E+03
    0.13197E-02    0.72648E+03
    0.13464E-02    0.73996E+03
    0.13736E-02    0.75367E+03
    0.14013E-02    0.76761E+03
    0.14296E-02    0.78178E+03
    0.14585E-02    0.79619E+03
    0.14880E-02    0.81084E+03
    0.15180E-02    0.82573E+03
    0.15487E-02    0.84087E+03
    0.15800E-02    0.85626E+03
    0.16119E-02    0.87189E+03
    0.16445E-02    0.88778E+03
    0.16777E-02    0.90393E+03
    0.17116E-02    0.92034E+03
    0.17462E-02    0.93700E+03
    0.17814E-02    0.95394E+03
    0.18174E-02    0.97113E+03
    0.18541E-02    0.98860E+03
    0.18916E-02    0.10063E+04
    0.19298E-02    0.10243E+04
    0.19688E-02    0.10426E+04
    0.20086E-02    0.10612E+04
    0.20491E-02    0.10800E+04
    0.20905E-02    0.10992E+04
    0.21328E-02    0.11186E+04
    0.21758E-02    0.11383E+04
    0.22198E-02    0.11582E+04
    0.22646E-02    0.11785E+04
    0.23104E-02    0.11991E+04
    0.23571E-02    0.12199E+04
    0.24047E-02    0.12410E+04
    0.24533E-02    0.12625E+04
    0.25028E-02    0.12842E+04
    0.25534E-02    0.13062E+04
    0.26050E-02    0.13285E+04
    0.26576E-02    0.13511E+04
    0.27113E-02    0.13740E+04
    0.27660E-02    0.13972E+04
    0.28219E-02    0.14207E+04
    0.28789E-02    0.14444E+04
    0.29371E-02    0.14685E+04
    0.29964E-02    0.14928E+04
    0.30569E-02    0.15175E+04
    0.31187E-02    0.15424E+04
    0.31817E-02    0.15676E+04
    0.32460E-02    0.15931E+04
    0.33115E-02    0.16189E+04
    0.33784E-02    0.16449E+04
    0.34467E-02    0.16712E+04
    0.35163E-02    0.16978E+04
    0.35874E-02    0.17247E+04
    0.36598E-02    0.17518E+04
    0.37338E-02    0.17792E+04
    0.38092E-02    0.18068E+04
    0.38861E-02    0.18346E+04
    0.39646E-02    0.18628E+04
    0.40447E-02    0.18911E+04
    0.41264E-02    0.19197E+04
    0.42098E-02    0.19484E+04
    0.42948E-02    0.19774E+04
    0.43816E-02    0.20066E+04
    0.44701E-02    0.20360E+04
    0.45604E-02    0.20656E+04
    0.46525E-02    0.20954E+04
    0.47465E-02    0.21253E+04
    0.48424E-02    0.21554E+04
    0.49402E-02    0.21856E+04
    0.50400E-02    0.22159E+04
    0.51419E-02    0.22464E+04
    0.52457E-02    0.22769E+04
    0.53517E-02    0.23076E+04
    0.54598E-02    0.23383E+04
    0.55701E-02    0.23691E+04
    0.56826E-02    0.24000E+04
    0.57974E-02    0.24309E+04
    0.59145E-02    0.24618E+04
    0.60340E-02    0.24927E+04
    0.61559E-02    0.25235E+04
    0.62803E-02    0.25544E+04
    0.64072E-02    0.25852E+04
    0.65366E-02    0.26159E+04
    0.66686E-02    0.26465E+04
    0.68033E-02    0.26770E+04
    0.69408E-02    0.27073E+04
    0.70810E-02    0.27375E+04
    0.72240E-02    0.27675E+04
    0.73700E-02    0.27973E+04
    0.75189E-02    0.28269E+04
    0.76708E-02    0.28562E+04
    0.78257E-02    0.28852E+04
    0.79838E-02    0.29139E+04
    0.81451E-02    0.29423E+04
    0.83096E-02    0.29703E+04
    0.84775E-02    0.29980E+04
    0.86488E-02    0.30252E+04
    0.88235E-02    0.30520E+04
    0.90017E-02    0.30783E+04
    0.91836E-02    0.31041E+04
    0.93691E-02    0.31294E+04
    0.95583E-02    0.31541E+04
    0.97514E-02    0.31782E+04
    0.99484E-02    0.32017E+04
    0.10149E-01    0.32245E+04
    0.10354E-01    0.32466E+04
    0.10564E-01    0.32680E+04
    0.10777E-01    0.32887E+04
    0.10995E-01    0.33085E+04
    0.11217E-01    0.33276E+04
    0.11443E-01    0.33458E+04
    0.11675E-01    0.33630E+04
    0.11910E-01    0.33794E+04
    0.12151E-01    0.33948E+04
    0.12397E-01    0.34092E+04
    0.12647E-01    0.34225E+04
    0.12902E-01    0.34349E+04
    0.13163E-01    0.34461E+04
    0.13429E-01    0.34561E+04
    0.13700E-01    0.34650E+04
    0.13977E-01    0.34727E+04
    0.14259E-01    0.34792E+04
    0.14547E-01    0.34844E+04
    0.14841E-01    0.34883E+04
    0.15141E-01    0.34909E+04
    0.15447E-01    0.34921E+04
    0.15759E-01    0.34919E+04
    0.16077E-01    0.34903E+04
    0.16402E-01    0.34873E+04
    0.16734E-01    0.34828E+04
    0.17072E-01    0.34769E+04
    0.17416E-01    0.34693E+04
    0.17768E-01    0.34602E+04
    0.18127E-01    0.34495E+04
    0.18493E-01    0.34372E+04
    0.18867E-01    0.34234E+04
    0.19248E-01    0.34080E+04
    0.19637E-01    0.33911E+04
    0.20034E-01    0.33727E+04
    0.20438E-01    0.33527E+04
    0.20851E-01    0.33311E+04
    0.21272E-01    0.33079E+04
    0.21702E-01    0.32829E+04
    0.22141E-01    0.32562E+04
    0.22588E-01    0.32278E+04
    0.23044E-01    0.31978E+04
    0.23510E-01    0.31662E+04
    0.23985E-01    0.31332E+04
    0.24469E-01    0.30987E+04
    0.24964E-01    0.30629E+04
    0.25468E-01    0.30257E+04
    0.25982E-01    0.29872E+04
    0.26507E-01    0.29474E+04
    0.27043E-01    0.29064E+04
    0.27589E-01    0.28642E+04
    0.28146E-01    0.28210E+04
    0.28715E-01    0.27770E+04
    0.29295E-01    0.27321E+04
    0.29887E-01    0.26865E+04
    0.30490E-01    0.26403E+04
    0.31106E-01    0.25936E+04
    0.31735E-01    0.25466E+04
    0.32376E-01    0.24992E+04
    0.33030E-01    0.24517E+04
    0.33697E-01    0.24041E+04
    0.34378E-01    0.23565E+04
    0.35072E-01    0.23091E+04
    0.35781E-01    0.22619E+04
    0.36504E-01    0.22151E+04
    0.37241E-01    0.21688E+04
    0.37993E-01    0.21232E+04
    0.38761E-01    0.20784E+04
    0.39544E-01    0.20345E+04
    0.40343E-01    0.19916E+04
    0.41158E-01    0.19497E+04
    0.41989E-01    0.19089E+04
    0.42838E-01    0.18693E+04
    0.43703E-01    0.18308E+04
    0.44586E-01    0.17936E+04
    0.45486E-01    0.17577E+04
    0.46405E-01    0.17233E+04
    0.47343E-01    0.16906E+04
    0.48299E-01    0.16595E+04
    0.49275E-01    0.16300E+04
    0.50270E-01    0.16020E+04
    0.51286E-01    0.15753E+04
    0.52322E-01    0.15499E+04
    0.53379E-01    0.15255E+04
    0.54457E-01    0.15020E+04
    0.55557E-01    0.14794E+04
    0.56680E-01    0.14575E+04
    0.57825E-01    0.14362E+04
    0.58993E-01    0.14153E+04
    0.60184E-01    0.13948E+04
    0.61400E-01    0.13745E+04
    0.62641E-01    0.13543E+04
    0.63906E-01    0.13339E+04
    0.65197E-01    0.13130E+04
    0.66514E-01    0.12916E+04
    0.67858E-01    0.12693E+04
    0.69229E-01    0.12460E+04
    0.70627E-01    0.12214E+04
    0.72054E-01    0.11956E+04
    0.73510E-01    0.11683E+04
    0.74994E-01    0.11395E+04
    0.76509E-01    0.11094E+04
    0.78055E-01    0.10780E+04
    0.79632E-01    0.10455E+04
    0.81241E-01    0.10120E+04
    0.82882E-01    0.97803E+03
    0.84556E-01    0.94369E+03
    0.86264E-01    0.90935E+03
    0.88007E-01    0.87530E+03
    0.89785E-01    0.84186E+03
    0.91598E-01    0.80932E+03
    0.93449E-01    0.77795E+03
    0.95337E-01    0.74805E+03
    0.97263E-01    0.71985E+03
    0.99227E-01    0.69358E+03
    0.10123E+00    0.66943E+03
    0.10328E+00    0.64756E+03
    0.10536E+00    0.62798E+03
    0.10749E+00    0.61067E+03
    0.10966E+00    0.59550E+03
    0.11188E+00    0.58218E+03
    0.11414E+00    0.57041E+03
    0.11644E+00    0.55979E+03
    0.11880E+00    0.54985E+03
    0.12120E+00    0.54017E+03
    0.12365E+00    0.53028E+03
    0.12614E+00    0.51981E+03
    0.12869E+00    0.50843E+03
    0.13129E+00    0.49588E+03
    0.13394E+00    0.48205E+03
    0.13665E+00    0.46689E+03
    0.13941E+00    0.45054E+03
    0.14223E+00    0.43318E+03
    0.14510E+00    0.41513E+03
    0.14803E+00    0.39677E+03
    0.15102E+00    0.37854E+03
    0.15407E+00    0.36090E+03
    0.15718E+00    0.34432E+03
    0.16036E+00    0.32921E+03
    0.16360E+00    0.31585E+03
    0.16690E+00    0.30433E+03
    0.17028E+00    0.29459E+03
    0.17371E+00    0.28636E+03
    0.17722E+00    0.27929E+03
    0.18080E+00    0.27297E+03
    0.18446E+00    0.26698E+03
    0.18818E+00    0.26091E+03
    0.19198E+00    0.25436E+03
    0.19586E+00    0.24699E+03
    0.19982E+00    0.23864E+03
    0.20386E+00    0.22938E+03
    0.20797E+00    0.21951E+03
    0.21218E+00    0.20941E+03
    0.21646E+00    0.19951E+03
    0.22083E+00    0.19018E+03
    0.22530E+00    0.18171E+03
    0.22985E+00    0.17431E+03
    0.23449E+00    0.16800E+03
    0.23923E+00    0.16265E+03
    0.24406E+00    0.15798E+03
    0.24899E+00    0.15364E+03
    0.25402E+00    0.14926E+03
    0.25915E+00    0.14456E+03
    0.26439E+00    0.13937E+03
    0.26973E+00    0.13376E+03
    0.27518E+00    0.12790E+03
    0.28074E+00    0.12208E+03
    0.28641E+00    0.11654E+03
    0.29219E+00    0.11151E+03
    0.29810E+00    0.10709E+03
    0.30412E+00    0.10324E+03
    0.31026E+00    0.99774E+02
    0.31653E+00    0.96473E+02
    0.32292E+00    0.93144E+02
    0.32945E+00    0.89654E+02
    0.33610E+00    0.85990E+02
    0.34289E+00    0.82266E+02
    0.34982E+00    0.78650E+02
    0.35689E+00    0.75279E+02
    0.36409E+00    0.72215E+02
    0.37145E+00    0.69444E+02
    0.37895E+00    0.66872E+02
    0.38661E+00    0.64373E+02
    0.39442E+00    0.61862E+02
    0.40239E+00    0.59319E+02
    0.41052E+00    0.56789E+02
    0.41881E+00    0.54353E+02
    0.42727E+00    0.52074E+02
    0.43590E+00    0.49959E+02
    0.44471E+00    0.47975E+02
    0.45369E+00    0.46067E+02
    0.46286E+00    0.44187E+02
    0.47221E+00    0.42333E+02
    0.48174E+00    0.40530E+02
    0.49148E+00    0.38810E+02
    0.50141E+00    0.37189E+02
    0.51153E+00    0.35654E+02
    0.52187E+00    0.34178E+02
    0.53241E+00    0.32746E+02
    0.54317E+00    0.31352E+02
    0.55414E+00    0.30013E+02
    0.56533E+00    0.28734E+02
    0.57675E+00    0.27518E+02
    0.58840E+00    0.26351E+02
    0.60029E+00    0.25226E+02
    0.61242E+00    0.24144E+02
    0.62479E+00    0.23104E+02
    0.63741E+00    0.22108E+02
    0.65029E+00    0.21153E+02
    0.66342E+00    0.20238E+02
    0.67683E+00    0.19361E+02
    0.69050E+00    0.18521E+02
    0.70445E+00    0.17716E+02
    0.71868E+00    0.16944E+02
    0.73320E+00    0.16204E+02
    0.74801E+00    0.15495E+02
    0.76312E+00    0.14816E+02
    0.77854E+00    0.14165E+02
    0.79426E+00    0.13541E+02
    0.81031E+00    0.12943E+02
    0.82668E+00    0.12370E+02
    0.84338E+00    0.11822E+02
    0.86041E+00    0.11297E+02
    0.87780E+00    0.10794E+02
    0.89553E+00    0.10312E+02
    0.91362E+00    0.98514E+01
    0.93208E+00    0.94104E+01
    0.95091E+00    0.89884E+01
    0.97011E+00    0.85846E+01
    0.98971E+00    0.81984E+01
    0.10097E+01    0.78289E+01
    0.10301E+01    0.74754E+01
    0.10509E+01    0.71373E+01
    0.10721E+01    0.68140E+01
    0.10938E+01    0.65047E+01
    0.11159E+01    0.62090E+01
    0.11384E+01    0.59262E+01
    0.11614E+01    0.56558E+01
    0.11849E+01    0.53973E+01
    0.12088E+01    0.51502E+01
    0.12333E+01    0.49140E+01
    0.12582E+01    0.46883E+01
    0.12836E+01    0.44726E+01
    0.13095E+01    0.42665E+01
    0.13360E+01    0.40696E+01
    0.13630E+01    0.38815E+01
    0.13905E+01    0.37018E+01
    0.14186E+01    0.35302E+01
    0.14472E+01    0.33663E+01
    0.14765E+01    0.32099E+01
    0.15063E+01    0.30604E+01
    0.15367E+01    0.29178E+01
    0.15678E+01    0.27816E+01
    0.15994E+01    0.26515E+01
    0.16318E+01    0.25274E+01
    0.16647E+01    0.24089E+01
    0.16984E+01    0.22959E+01
    0.17327E+01    0.21880E+01
    0.17677E+01    0.20850E+01
    0.18034E+01    0.19868E+01
    0.18398E+01    0.18930E+01
    0.18770E+01    0.18036E+01
    0.19149E+01    0.17182E+01
    0.19536E+01    0.16369E+01
    0.19930E+01    0.15592E+01
    0.20333E+01    0.14852E+01
    0.20744E+01    0.14146E+01
    0.21163E+01    0.13472E+01
    0.21590E+01    0.12830E+01
    0.22026E+01    0.12218E+01
    0.22471E+01    0.11634E+01
    0.22925E+01    0.11078E+01
    0.23388E+01    0.10547E+01
    0.23861E+01    0.10041E+01
    0.24343E+01    0.95593E+00
    0.24835E+01    0.90999E+00
    0.25336E+01    0.86621E+00
    0.25848E+01    0.82448E+00
    0.26370E+01    0.78473E+00
    0.26903E+01    0.74684E+00
    0.27447E+01    0.71075E+00
    0.28001E+01    0.67637E+00
    0.28567E+01    0.64361E+00
    0.29144E+01    0.61241E+00
    0.29733E+01    0.58269E+00
    0.30333E+01    0.55438E+00
    0.30946E+01    0.52743E+00
    0.31571E+01    0.50175E+00
    0.32209E+01    0.47731E+00
    0.32860E+01    0.45403E+00
    0.33523E+01    0.43187E+00
    0.34201E+01    0.41076E+00
    0.34892E+01    0.39067E+00
    0.35596E+01    0.37155E+00
    0.36316E+01    0.35334E+00
    0.37049E+01    0.33601E+00
    0.37798E+01    0.31951E+00
    0.38561E+01    0.30381E+00
    0.39340E+01    0.28887E+00
    0.40135E+01    0.27464E+00
    0.40946E+01    0.26111E+00
    0.41773E+01    0.24823E+00
    0.42617E+01    0.23597E+00
    0.43478E+01    0.22431E+00
    0.44356E+01    0.21322E+00
    0.45252E+01    0.20266E+00
    0.46166E+01    0.19262E+00
    0.47099E+01    0.18307E+00
    0.48050E+01    0.17399E+00
    0.49021E+01    0.16535E+00
    0.50011E+01    0.15713E+00
    0.51021E+01    0.14932E+00
    0.52052E+01    0.14188E+00
    0.53104E+01    0.13481E+00
    0.54176E+01    0.12809E+00
    0.55271E+01    0.12170E+00
    0.56387E+01    0.11562E+00
    0.57526E+01    0.10984E+00
    0.58689E+01    0.10435E+00
    0.59874E+01    0.99126E-01
    0.61084E+01    0.94160E-01
    0.62318E+01    0.89439E-01
    0.63577E+01    0.84952E-01
    0.64861E+01    0.80687E-01
    0.66171E+01    0.76632E-01
    0.67508E+01    0.72779E-01
    0.68872E+01    0.69117E-01
    0.70263E+01    0.65636E-01
    0.71682E+01    0.62329E-01
    0.73130E+01    0.59186E-01
    0.74608E+01    0.56199E-01
    0.76115E+01    0.53361E-01
    0.77653E+01    0.50665E-01
    0.79221E+01    0.48103E-01
    0.80822E+01    0.45669E-01
    0.82454E+01    0.43357E-01
    0.84120E+01    0.41160E-01
    0.85819E+01    0.39073E-01
    0.87553E+01    0.37091E-01
    0.89322E+01    0.35208E-01
    0.91126E+01    0.33419E-01
    0.92967E+01    0.31720E-01
    0.94845E+01    0.30107E-01
    0.96761E+01    0.28574E-01
    0.98716E+01    0.27119E-01
    0.10071E+02    0.25737E-01
    0.10274E+02    0.24424E-01
    0.10482E+02    0.23178E-01
    0.10694E+02    0.21995E-01
    0.10910E+02    0.20871E-01
    0.11130E+02    0.19804E-01
    0.11355E+02    0.18791E-01
    0.11584E+02    0.17829E-01
    0.11818E+02    0.16916E-01
    0.12057E+02    0.16050E-01
    0.12301E+02    0.15227E-01
    0.12549E+02    0.14446E-01
    0.12803E+02    0.13704E-01
    0.13061E+02    0.13000E-01
    0.13325E+02    0.12332E-01
    0.13594E+02    0.11698E-01
    0.13869E+02    0.11096E-01
    0.14149E+02    0.10525E-01
    0.14435E+02    0.99831E-02
    0.14727E+02    0.94687E-02
    0.15024E+02    0.89805E-02
    0.15328E+02    0.85172E-02
    0.15637E+02    0.80776E-02
    0.15953E+02    0.76605E-02
    0.16275E+02    0.72647E-02
    0.16604E+02    0.68891E-02
    0.16940E+02    0.65328E-02
    0.17282E+02    0.61947E-02
    0.17631E+02    0.58740E-02
    0.17987E+02    0.55697E-02
    0.18351E+02    0.52810E-02
    0.18721E+02    0.50071E-02
    0.19099E+02    0.47473E-02
    0.19485E+02    0.45009E-02
    0.19879E+02    0.42671E-02
    0.20280E+02    0.40454E-02
    0.20690E+02    0.38351E-02
    0.21108E+02    0.36356E-02
    0.21535E+02    0.34464E-02
    0.21970E+02    0.32670E-02
    0.22413E+02    0.30968E-02
    0.22866E+02    0.29354E-02
    0.23328E+02    0.27823E-02
    0.23799E+02    0.26372E-02
    0.24280E+02    0.24995E-02
    0.24771E+02    0.23690E-02
    0.25271E+02    0.22452E-02
    0.25782E+02    0.21279E-02
    0.26302E+02    0.20166E-02
    0.26834E+02    0.19111E-02
    0.27376E+02    0.18111E-02
    0.27929E+02    0.17162E-02
    0.28493E+02    0.16263E-02
    0.29069E+02    0.15411E-02
    0.29656E+02    0.14602E-02
    0.30255E+02    0.13836E-02
    0.30866E+02    0.13110E-02
    0.31490E+02    0.12421E-02
    0.32126E+02    0.11769E-02
    0.32775E+02    0.11150E-02
    0.33437E+02    0.10564E-02
    0.34112E+02    0.10008E-02
    0.34801E+02    0.94811E-03
    0.35504E+02    0.89817E-03
    0.36222E+02    0.85085E-03
    0.36953E+02    0.80599E-03
    0.37700E+02    0.76348E-03
    0.38462E+02    0.72320E-03
    0.39239E+02    0.68502E-03
    0.40031E+02    0.64884E-03
    0.40840E+02    0.61455E-03
    0.41665E+02    0.58206E-03
    0.42507E+02    0.55128E-03
    0.43365E+02    0.52210E-03
    0.44241E+02    0.49446E-03
    0.45135E+02    0.46827E-03
    0.46047E+02    0.44345E-03
    0.46977E+02    0.41994E-03
    0.47926E+02    0.39766E-03
    0.48894E+02    0.37655E-03
    0.49882E+02    0.35656E-03
    0.50890E+02    0.33761E-03
    0.51918E+02    0.31967E-03
    0.52966E+02    0.30267E-03
    0.54036E+02    0.28656E-03
    0.55128E+02    0.27131E-03
    0.56242E+02    0.25685E-03
    0.57378E+02    0.24316E-03
    0.58537E+02    0.23020E-03
    0.59720E+02    0.21791E-03
    0.60926E+02    0.20628E-03
    0.62157E+02    0.19526E-03
    0.63412E+02    0.18482E-03
    0.64693E+02    0.17494E-03
    0.66000E+02    0.16558E-03
    0.67334E+02    0.15671E-03
    0.68694E+02    0.14832E-03
    0.70082E+02    0.14037E-03
    0.71497E+02    0.13284E-03
    0.72942E+02    0.12571E-03
    0.74415E+02    0.11896E-03
    0.75918E+02    0.11256E-03
    0.77452E+02    0.10651E-03
    0.79017E+02    0.10078E-03
    0.80613E+02    0.95357E-04
    0.82241E+02    0.90219E-04
    0.83903E+02    0.85355E-04
    0.85598E+02    0.80749E-04
    0.87327E+02    0.76388E-04
    0.89091E+02    0.72259E-04
    0.90891E+02    0.68349E-04
    0.92727E+02    0.64647E-04
    0.94600E+02    0.61142E-04
    0.96511E+02    0.57823E-04
    0.98461E+02    0.54682E-04
    0.10045E+03    0.51708E-04
    0.10248E+03    0.48895E-04
    0.10455E+03    0.46233E-04
    0.10666E+03    0.43715E-04
    0.10882E+03    0.41333E-04
    0.11101E+03    0.39081E-04
    0.11326E+03    0.36950E-04
