#           k/h    P           
    0.10000E-03    0.32849E+02
    0.10202E-03    0.33489E+02
    0.10408E-03    0.34142E+02
    0.10618E-03    0.34808E+02
    0.10833E-03    0.35487E+02
    0.11052E-03    0.36179E+02
    0.11275E-03    0.36884E+02
    0.11503E-03    0.37604E+02
    0.11735E-03    0.38337E+02
    0.11972E-03    0.39084E+02
    0.12214E-03    0.39846E+02
    0.12461E-03    0.40623E+02
    0.12712E-03    0.41415E+02
    0.12969E-03    0.42223E+02
    0.13231E-03    0.43046E+02
    0.13499E-03    0.43885E+02
    0.13771E-03    0.44741E+02
    0.14049E-03    0.45613E+02
    0.14333E-03    0.46502E+02
    0.14623E-03    0.47409E+02
    0.14918E-03    0.48333E+02
    0.15220E-03    0.49275E+02
    0.15527E-03    0.50235E+02
    0.15841E-03    0.51214E+02
    0.16161E-03    0.52213E+02
    0.16487E-03    0.53230E+02
    0.16820E-03    0.54268E+02
    0.17160E-03    0.55325E+02
    0.17507E-03    0.56403E+02
    0.17860E-03    0.57503E+02
    0.18221E-03    0.58623E+02
    0.18589E-03    0.59765E+02
    0.18965E-03    0.60930E+02
    0.19348E-03    0.62117E+02
    0.19739E-03    0.63327E+02
    0.20138E-03    0.64561E+02
    0.20544E-03    0.65818E+02
    0.20959E-03    0.67100E+02
    0.21383E-03    0.68407E+02
    0.21815E-03    0.69740E+02
    0.22255E-03    0.71098E+02
    0.22705E-03    0.72482E+02
    0.23164E-03    0.73894E+02
    0.23632E-03    0.75333E+02
    0.24109E-03    0.76799E+02
    0.24596E-03    0.78294E+02
    0.25093E-03    0.79818E+02
    0.25600E-03    0.81372E+02
    0.26117E-03    0.82956E+02
    0.26645E-03    0.84570E+02
    0.27183E-03    0.86216E+02
    0.27732E-03    0.87893E+02
    0.28292E-03    0.89603E+02
    0.28864E-03    0.91346E+02
    0.29447E-03    0.93123E+02
    0.30042E-03    0.94934E+02
    0.30649E-03    0.96780E+02
    0.31268E-03    0.98662E+02
    0.31899E-03    0.10058E+03
    0.32544E-03    0.10254E+03
    0.33201E-03    0.10453E+03
    0.33872E-03    0.10656E+03
    0.34556E-03    0.10863E+03
    0.35254E-03    0.11074E+03
    0.35966E-03    0.11289E+03
    0.36693E-03    0.11508E+03
    0.37434E-03    0.11732E+03
    0.38190E-03    0.11960E+03
    0.38962E-03    0.12192E+03
    0.39749E-03    0.12428E+03
    0.40552E-03    0.12669E+03
    0.41371E-03    0.12915E+03
    0.42207E-03    0.13166E+03
    0.43060E-03    0.13421E+03
    0.43929E-03    0.13681E+03
    0.44817E-03    0.13946E+03
    0.45722E-03    0.14216E+03
    0.46646E-03    0.14492E+03
    0.47588E-03    0.14772E+03
    0.48550E-03    0.15058E+03
    0.49530E-03    0.15349E+03
    0.50531E-03    0.15646E+03
    0.51552E-03    0.15949E+03
    0.52593E-03    0.16257E+03
    0.53656E-03    0.16571E+03
    0.54739E-03    0.16892E+03
    0.55845E-03    0.17218E+03
    0.56973E-03    0.17550E+03
    0.58124E-03    0.17889E+03
    0.59299E-03    0.18234E+03
    0.60496E-03    0.18585E+03
    0.61719E-03    0.18943E+03
    0.62965E-03    0.19308E+03
    0.64237E-03    0.19680E+03
    0.65535E-03    0.20059E+03
    0.66859E-03    0.20444E+03
    0.68210E-03    0.20837E+03
    0.69588E-03    0.21237E+03
    0.70993E-03    0.21645E+03
    0.72427E-03    0.22061E+03
    0.73891E-03    0.22484E+03
    0.75383E-03    0.22914E+03
    0.76906E-03    0.23353E+03
    0.78460E-03    0.23800E+03
    0.80045E-03    0.24255E+03
    0.81662E-03    0.24719E+03
    0.83311E-03    0.25191E+03
    0.84994E-03    0.25671E+03
    0.86711E-03    0.26160E+03
    0.88463E-03    0.26659E+03
    0.90250E-03    0.27166E+03
    0.92073E-03    0.27683E+03
    0.93933E-03    0.28208E+03
    0.95831E-03    0.28744E+03
    0.97767E-03    0.29289E+03
    0.99742E-03    0.29843E+03
    0.10176E-02    0.30408E+03
    0.10381E-02    0.30983E+03
    0.10591E-02    0.31567E+03
    0.10805E-02    0.32163E+03
    0.11023E-02    0.32768E+03
    0.11246E-02    0.33385E+03
    0.11473E-02    0.34012E+03
    0.11705E-02    0.34650E+03
    0.11941E-02    0.35299E+03
    0.12182E-02    0.35960E+03
    0.12429E-02    0.36632E+03
    0.12680E-02    0.37315E+03
    0.12936E-02    0.38011E+03
    0.13197E-02    0.38718E+03
    0.13464E-02    0.39437E+03
    0.13736E-02    0.40168E+03
    0.14013E-02    0.40912E+03
    0.14296E-02    0.41668E+03
    0.14585E-02    0.42437E+03
    0.14880E-02    0.43218E+03
    0.15180E-02    0.44013E+03
    0.15487E-02    0.44820E+03
    0.15800E-02    0.45641E+03
    0.16119E-02    0.46475E+03
    0.16445E-02    0.47323E+03
    0.16777E-02    0.48184E+03
    0.17116E-02    0.49059E+03
    0.17462E-02    0.49948E+03
    0.17814E-02    0.50851E+03
    0.18174E-02    0.51768E+03
    0.18541E-02    0.52700E+03
    0.18916E-02    0.53646E+03
    0.19298E-02    0.54607E+03
    0.19688E-02    0.55582E+03
    0.20086E-02    0.56572E+03
    0.20491E-02    0.57577E+03
    0.20905E-02    0.58597E+03
    0.21328E-02    0.59632E+03
    0.21758E-02    0.60682E+03
    0.22198E-02    0.61748E+03
    0.22646E-02    0.62829E+03
    0.23104E-02    0.63925E+03
    0.23571E-02    0.65037E+03
    0.24047E-02    0.66164E+03
    0.24533E-02    0.67307E+03
    0.25028E-02    0.68465E+03
    0.25534E-02    0.69640E+03
    0.26050E-02    0.70829E+03
    0.26576E-02    0.72035E+03
    0.27113E-02    0.73256E+03
    0.27660E-02    0.74492E+03
    0.28219E-02    0.75744E+03
    0.28789E-02    0.77012E+03
    0.29371E-02    0.78295E+03
    0.29964E-02    0.79594E+03
    0.30569E-02    0.80908E+03
    0.31187E-02    0.82237E+03
    0.31817E-02    0.83582E+03
    0.32460E-02    0.84941E+03
    0.33115E-02    0.86316E+03
    0.33784E-02    0.87705E+03
    0.34467E-02    0.89109E+03
    0.35163E-02    0.90527E+03
    0.35874E-02    0.91959E+03
    0.36598E-02    0.93405E+03
    0.37338E-02    0.94865E+03
    0.38092E-02    0.96338E+03
    0.38861E-02    0.97824E+03
    0.39646E-02    0.99323E+03
    0.40447E-02    0.10083E+04
    0.41264E-02    0.10236E+04
    0.42098E-02    0.10389E+04
    0.42948E-02    0.10544E+04
    0.43816E-02    0.10700E+04
    0.44701E-02    0.10857E+04
    0.45604E-02    0.11014E+04
    0.46525E-02    0.11173E+04
    0.47465E-02    0.11333E+04
    0.48424E-02    0.11493E+04
    0.49402E-02    0.11654E+04
    0.50400E-02    0.11816E+04
    0.51419E-02    0.11979E+04
    0.52457E-02    0.12142E+04
    0.53517E-02    0.12305E+04
    0.54598E-02    0.12469E+04
    0.55701E-02    0.12633E+04
    0.56826E-02    0.12798E+04
    0.57974E-02    0.12963E+04
    0.59145E-02    0.13128E+04
    0.60340E-02    0.13292E+04
    0.61559E-02    0.13457E+04
    0.62803E-02    0.13622E+04
    0.64072E-02    0.13786E+04
    0.65366E-02    0.13950E+04
    0.66686E-02    0.14113E+04
    0.68033E-02    0.14276E+04
    0.69408E-02    0.14438E+04
    0.70810E-02    0.14599E+04
    0.72240E-02    0.14759E+04
    0.73700E-02    0.14918E+04
    0.75189E-02    0.15075E+04
    0.76708E-02    0.15232E+04
    0.78257E-02    0.15387E+04
    0.79838E-02    0.15540E+04
    0.81451E-02    0.15692E+04
    0.83096E-02    0.15841E+04
    0.84775E-02    0.15989E+04
    0.86488E-02    0.16134E+04
    0.88235E-02    0.16277E+04
    0.90017E-02    0.16417E+04
    0.91836E-02    0.16555E+04
    0.93691E-02    0.16690E+04
    0.95583E-02    0.16822E+04
    0.97514E-02    0.16951E+04
    0.99484E-02    0.17076E+04
    0.10149E-01    0.17198E+04
    0.10354E-01    0.17316E+04
    0.10564E-01    0.17431E+04
    0.10777E-01    0.17541E+04
    0.10995E-01    0.17647E+04
    0.11217E-01    0.17749E+04
    0.11443E-01    0.17846E+04
    0.11675E-01    0.17938E+04
    0.11910E-01    0.18026E+04
    0.12151E-01    0.18108E+04
    0.12397E-01    0.18185E+04
    0.12647E-01    0.18257E+04
    0.12902E-01    0.18322E+04
    0.13163E-01    0.18382E+04
    0.13429E-01    0.18436E+04
    0.13700E-01    0.18484E+04
    0.13977E-01    0.18526E+04
    0.14259E-01    0.18560E+04
    0.14547E-01    0.18588E+04
    0.14841E-01    0.18610E+04
    0.15141E-01    0.18624E+04
    0.15447E-01    0.18630E+04
    0.15759E-01    0.18630E+04
    0.16077E-01    0.18622E+04
    0.16402E-01    0.18606E+04
    0.16734E-01    0.18582E+04
    0.17072E-01    0.18551E+04
    0.17416E-01    0.18511E+04
    0.17768E-01    0.18463E+04
    0.18127E-01    0.18406E+04
    0.18493E-01    0.18341E+04
    0.18867E-01    0.18267E+04
    0.19248E-01    0.18186E+04
    0.19637E-01    0.18096E+04
    0.20034E-01    0.17998E+04
    0.20438E-01    0.17892E+04
    0.20851E-01    0.17777E+04
    0.21272E-01    0.17654E+04
    0.21702E-01    0.17521E+04
    0.22141E-01    0.17379E+04
    0.22588E-01    0.17227E+04
    0.23044E-01    0.17068E+04
    0.23510E-01    0.16900E+04
    0.23985E-01    0.16724E+04
    0.24469E-01    0.16541E+04
    0.24964E-01    0.16350E+04
    0.25468E-01    0.16152E+04
    0.25982E-01    0.15947E+04
    0.26507E-01    0.15735E+04
    0.27043E-01    0.15516E+04
    0.27589E-01    0.15292E+04
    0.28146E-01    0.15062E+04
    0.28715E-01    0.14827E+04
    0.29295E-01    0.14588E+04
    0.29887E-01    0.14345E+04
    0.30490E-01    0.14099E+04
    0.31106E-01    0.13850E+04
    0.31735E-01    0.13599E+04
    0.32376E-01    0.13347E+04
    0.33030E-01    0.13094E+04
    0.33697E-01    0.12840E+04
    0.34378E-01    0.12586E+04
    0.35072E-01    0.12333E+04
    0.35781E-01    0.12082E+04
    0.36504E-01    0.11833E+04
    0.37241E-01    0.11586E+04
    0.37993E-01    0.11343E+04
    0.38761E-01    0.11104E+04
    0.39544E-01    0.10870E+04
    0.40343E-01    0.10641E+04
    0.41158E-01    0.10418E+04
    0.41989E-01    0.10201E+04
    0.42838E-01    0.99892E+03
    0.43703E-01    0.97840E+03
    0.44586E-01    0.95855E+03
    0.45486E-01    0.93944E+03
    0.46405E-01    0.92112E+03
    0.47343E-01    0.90366E+03
    0.48299E-01    0.88710E+03
    0.49275E-01    0.87140E+03
    0.50270E-01    0.85647E+03
    0.51286E-01    0.84226E+03
    0.52322E-01    0.82868E+03
    0.53379E-01    0.81568E+03
    0.54457E-01    0.80319E+03
    0.55557E-01    0.79114E+03
    0.56680E-01    0.77947E+03
    0.57825E-01    0.76813E+03
    0.58993E-01    0.75703E+03
    0.60184E-01    0.74611E+03
    0.61400E-01    0.73531E+03
    0.62641E-01    0.72453E+03
    0.63906E-01    0.71365E+03
    0.65197E-01    0.70254E+03
    0.66514E-01    0.69112E+03
    0.67858E-01    0.67924E+03
    0.69229E-01    0.66681E+03
    0.70627E-01    0.65372E+03
    0.72054E-01    0.63992E+03
    0.73510E-01    0.62536E+03
    0.74994E-01    0.61002E+03
    0.76509E-01    0.59393E+03
    0.78055E-01    0.57716E+03
    0.79632E-01    0.55978E+03
    0.81241E-01    0.54193E+03
    0.82882E-01    0.52375E+03
    0.84556E-01    0.50540E+03
    0.86264E-01    0.48705E+03
    0.88007E-01    0.46885E+03
    0.89785E-01    0.45097E+03
    0.91598E-01    0.43357E+03
    0.93449E-01    0.41680E+03
    0.95337E-01    0.40081E+03
    0.97263E-01    0.38573E+03
    0.99227E-01    0.37168E+03
    0.10123E+00    0.35877E+03
    0.10328E+00    0.34708E+03
    0.10536E+00    0.33661E+03
    0.10749E+00    0.32735E+03
    0.10966E+00    0.31925E+03
    0.11188E+00    0.31213E+03
    0.11414E+00    0.30585E+03
    0.11644E+00    0.30017E+03
    0.11880E+00    0.29487E+03
    0.12120E+00    0.28970E+03
    0.12365E+00    0.28442E+03
    0.12614E+00    0.27883E+03
    0.12869E+00    0.27274E+03
    0.13129E+00    0.26603E+03
    0.13394E+00    0.25863E+03
    0.13665E+00    0.25052E+03
    0.13941E+00    0.24176E+03
    0.14223E+00    0.23247E+03
    0.14510E+00    0.22280E+03
    0.14803E+00    0.21296E+03
    0.15102E+00    0.20319E+03
    0.15407E+00    0.19374E+03
    0.15718E+00    0.18486E+03
    0.16036E+00    0.17675E+03
    0.16360E+00    0.16959E+03
    0.16690E+00    0.16342E+03
    0.17028E+00    0.15820E+03
    0.17371E+00    0.15380E+03
    0.17722E+00    0.15001E+03
    0.18080E+00    0.14662E+03
    0.18446E+00    0.14342E+03
    0.18818E+00    0.14017E+03
    0.19198E+00    0.13666E+03
    0.19586E+00    0.13271E+03
    0.19982E+00    0.12823E+03
    0.20386E+00    0.12327E+03
    0.20797E+00    0.11797E+03
    0.21218E+00    0.11255E+03
    0.21646E+00    0.10724E+03
    0.22083E+00    0.10223E+03
    0.22530E+00    0.97684E+02
    0.22985E+00    0.93708E+02
    0.23449E+00    0.90321E+02
    0.23923E+00    0.87452E+02
    0.24406E+00    0.84949E+02
    0.24899E+00    0.82620E+02
    0.25402E+00    0.80271E+02
    0.25915E+00    0.77743E+02
    0.26439E+00    0.74960E+02
    0.26973E+00    0.71944E+02
    0.27518E+00    0.68800E+02
    0.28074E+00    0.65669E+02
    0.28641E+00    0.62694E+02
    0.29219E+00    0.59991E+02
    0.29810E+00    0.57619E+02
    0.30412E+00    0.55550E+02
    0.31026E+00    0.53687E+02
    0.31653E+00    0.51915E+02
    0.32292E+00    0.50125E+02
    0.32945E+00    0.48250E+02
    0.33610E+00    0.46280E+02
    0.34289E+00    0.44278E+02
    0.34982E+00    0.42334E+02
    0.35689E+00    0.40521E+02
    0.36409E+00    0.38874E+02
    0.37145E+00    0.37384E+02
    0.37895E+00    0.36001E+02
    0.38661E+00    0.34658E+02
    0.39442E+00    0.33307E+02
    0.40239E+00    0.31939E+02
    0.41052E+00    0.30578E+02
    0.41881E+00    0.29268E+02
    0.42727E+00    0.28042E+02
    0.43590E+00    0.26904E+02
    0.44471E+00    0.25837E+02
    0.45369E+00    0.24810E+02
    0.46286E+00    0.23799E+02
    0.47221E+00    0.22801E+02
    0.48174E+00    0.21830E+02
    0.49148E+00    0.20905E+02
    0.50141E+00    0.20032E+02
    0.51153E+00    0.19206E+02
    0.52187E+00    0.18412E+02
    0.53241E+00    0.17641E+02
    0.54317E+00    0.16891E+02
    0.55414E+00    0.16169E+02
    0.56533E+00    0.15481E+02
    0.57675E+00    0.14826E+02
    0.58840E+00    0.14198E+02
    0.60029E+00    0.13592E+02
    0.61242E+00    0.13009E+02
    0.62479E+00    0.12450E+02
    0.63741E+00    0.11913E+02
    0.65029E+00    0.11399E+02
    0.66342E+00    0.10906E+02
    0.67683E+00    0.10434E+02
    0.69050E+00    0.99810E+01
    0.70445E+00    0.95473E+01
    0.71868E+00    0.91315E+01
    0.73320E+00    0.87331E+01
    0.74801E+00    0.83512E+01
    0.76312E+00    0.79852E+01
    0.77854E+00    0.76345E+01
    0.79426E+00    0.72983E+01
    0.81031E+00    0.69762E+01
    0.82668E+00    0.66677E+01
    0.84338E+00    0.63722E+01
    0.86041E+00    0.60891E+01
    0.87780E+00    0.58182E+01
    0.89553E+00    0.55587E+01
    0.91362E+00    0.53104E+01
    0.93208E+00    0.50728E+01
    0.95091E+00    0.48454E+01
    0.97011E+00    0.46278E+01
    0.98971E+00    0.44196E+01
    0.10097E+01    0.42205E+01
    0.10301E+01    0.40300E+01
    0.10509E+01    0.38478E+01
    0.10721E+01    0.36735E+01
    0.10938E+01    0.35068E+01
    0.11159E+01    0.33475E+01
    0.11384E+01    0.31950E+01
    0.11614E+01    0.30493E+01
    0.11849E+01    0.29100E+01
    0.12088E+01    0.27768E+01
    0.12333E+01    0.26495E+01
    0.12582E+01    0.25278E+01
    0.12836E+01    0.24115E+01
    0.13095E+01    0.23004E+01
    0.13360E+01    0.21942E+01
    0.13630E+01    0.20928E+01
    0.13905E+01    0.19960E+01
    0.14186E+01    0.19035E+01
    0.14472E+01    0.18151E+01
    0.14765E+01    0.17308E+01
    0.15063E+01    0.16502E+01
    0.15367E+01    0.15733E+01
    0.15678E+01    0.14999E+01
    0.15994E+01    0.14298E+01
    0.16318E+01    0.13628E+01
    0.16647E+01    0.12990E+01
    0.16984E+01    0.12380E+01
    0.17327E+01    0.11798E+01
    0.17677E+01    0.11243E+01
    0.18034E+01    0.10713E+01
    0.18398E+01    0.10208E+01
    0.18770E+01    0.97256E+00
    0.19149E+01    0.92656E+00
    0.19536E+01    0.88267E+00
    0.19930E+01    0.84081E+00
    0.20333E+01    0.80089E+00
    0.20744E+01    0.76281E+00
    0.21163E+01    0.72650E+00
    0.21590E+01    0.69188E+00
    0.22026E+01    0.65886E+00
    0.22471E+01    0.62739E+00
    0.22925E+01    0.59738E+00
    0.23388E+01    0.56877E+00
    0.23861E+01    0.54150E+00
    0.24343E+01    0.51551E+00
    0.24835E+01    0.49074E+00
    0.25336E+01    0.46713E+00
    0.25848E+01    0.44463E+00
    0.26370E+01    0.42319E+00
    0.26903E+01    0.40276E+00
    0.27447E+01    0.38330E+00
    0.28001E+01    0.36476E+00
    0.28567E+01    0.34709E+00
    0.29144E+01    0.33027E+00
    0.29733E+01    0.31424E+00
    0.30333E+01    0.29898E+00
    0.30946E+01    0.28444E+00
    0.31571E+01    0.27059E+00
    0.32209E+01    0.25741E+00
    0.32860E+01    0.24486E+00
    0.33523E+01    0.23291E+00
    0.34201E+01    0.22153E+00
    0.34892E+01    0.21069E+00
    0.35596E+01    0.20038E+00
    0.36316E+01    0.19056E+00
    0.37049E+01    0.18121E+00
    0.37798E+01    0.17231E+00
    0.38561E+01    0.16385E+00
    0.39340E+01    0.15579E+00
    0.40135E+01    0.14812E+00
    0.40946E+01    0.14082E+00
    0.41773E+01    0.13387E+00
    0.42617E+01    0.12726E+00
    0.43478E+01    0.12097E+00
    0.44356E+01    0.11499E+00
    0.45252E+01    0.10930E+00
    0.46166E+01    0.10389E+00
    0.47099E+01    0.98735E-01
    0.48050E+01    0.93836E-01
    0.49021E+01    0.89176E-01
    0.50011E+01    0.84744E-01
    0.51021E+01    0.80529E-01
    0.52052E+01    0.76520E-01
    0.53104E+01    0.72708E-01
    0.54176E+01    0.69082E-01
    0.55271E+01    0.65635E-01
    0.56387E+01    0.62357E-01
    0.57526E+01    0.59241E-01
    0.58689E+01    0.56278E-01
    0.59874E+01    0.53461E-01
    0.61084E+01    0.50783E-01
    0.62318E+01    0.48237E-01
    0.63577E+01    0.45817E-01
    0.64861E+01    0.43516E-01
    0.66171E+01    0.41330E-01
    0.67508E+01    0.39252E-01
    0.68872E+01    0.37277E-01
    0.70263E+01    0.35399E-01
    0.71682E+01    0.33616E-01
    0.73130E+01    0.31921E-01
    0.74608E+01    0.30310E-01
    0.76115E+01    0.28779E-01
    0.77653E+01    0.27325E-01
    0.79221E+01    0.25943E-01
    0.80822E+01    0.24631E-01
    0.82454E+01    0.23384E-01
    0.84120E+01    0.22199E-01
    0.85819E+01    0.21073E-01
    0.87553E+01    0.20004E-01
    0.89322E+01    0.18989E-01
    0.91126E+01    0.18024E-01
    0.92967E+01    0.17108E-01
    0.94845E+01    0.16238E-01
    0.96761E+01    0.15411E-01
    0.98716E+01    0.14626E-01
    0.10071E+02    0.13881E-01
    0.10274E+02    0.13173E-01
    0.10482E+02    0.12501E-01
    0.10694E+02    0.11863E-01
    0.10910E+02    0.11257E-01
    0.11130E+02    0.10681E-01
    0.11355E+02    0.10135E-01
    0.11584E+02    0.96163E-02
    0.11818E+02    0.91238E-02
    0.12057E+02    0.86563E-02
    0.12301E+02    0.82125E-02
    0.12549E+02    0.77913E-02
    0.12803E+02    0.73914E-02
    0.13061E+02    0.70118E-02
    0.13325E+02    0.66515E-02
    0.13594E+02    0.63095E-02
    0.13869E+02    0.59849E-02
    0.14149E+02    0.56769E-02
    0.14435E+02    0.53845E-02
    0.14727E+02    0.51071E-02
    0.15024E+02    0.48438E-02
    0.15328E+02    0.45939E-02
    0.15637E+02    0.43568E-02
    0.15953E+02    0.41319E-02
    0.16275E+02    0.39184E-02
    0.16604E+02    0.37158E-02
    0.16940E+02    0.35237E-02
    0.17282E+02    0.33413E-02
    0.17631E+02    0.31683E-02
    0.17987E+02    0.30042E-02
    0.18351E+02    0.28485E-02
    0.18721E+02    0.27008E-02
    0.19099E+02    0.25607E-02
    0.19485E+02    0.24278E-02
    0.19879E+02    0.23017E-02
    0.20280E+02    0.21821E-02
    0.20690E+02    0.20687E-02
    0.21108E+02    0.19611E-02
    0.21535E+02    0.18590E-02
    0.21970E+02    0.17623E-02
    0.22413E+02    0.16705E-02
    0.22866E+02    0.15834E-02
    0.23328E+02    0.15009E-02
    0.23799E+02    0.14226E-02
    0.24280E+02    0.13483E-02
    0.24771E+02    0.12779E-02
    0.25271E+02    0.12112E-02
    0.25782E+02    0.11479E-02
    0.26302E+02    0.10879E-02
    0.26834E+02    0.10310E-02
    0.27376E+02    0.97702E-03
    0.27929E+02    0.92586E-03
    0.28493E+02    0.87736E-03
    0.29069E+02    0.83138E-03
    0.29656E+02    0.78779E-03
    0.30255E+02    0.74647E-03
    0.30866E+02    0.70729E-03
    0.31490E+02    0.67016E-03
    0.32126E+02    0.63496E-03
    0.32775E+02    0.60159E-03
    0.33437E+02    0.56996E-03
    0.34112E+02    0.53998E-03
    0.34801E+02    0.51156E-03
    0.35504E+02    0.48463E-03
    0.36222E+02    0.45910E-03
    0.36953E+02    0.43491E-03
    0.37700E+02    0.41198E-03
    0.38462E+02    0.39025E-03
    0.39239E+02    0.36965E-03
    0.40031E+02    0.35014E-03
    0.40840E+02    0.33164E-03
    0.41665E+02    0.31412E-03
    0.42507E+02    0.29751E-03
    0.43365E+02    0.28177E-03
    0.44241E+02    0.26686E-03
    0.45135E+02    0.25273E-03
    0.46047E+02    0.23935E-03
    0.46977E+02    0.22666E-03
    0.47926E+02    0.21465E-03
    0.48894E+02    0.20326E-03
    0.49882E+02    0.19247E-03
    0.50890E+02    0.18225E-03
    0.51918E+02    0.17257E-03
    0.52966E+02    0.16340E-03
    0.54036E+02    0.15471E-03
    0.55128E+02    0.14648E-03
    0.56242E+02    0.13869E-03
    0.57378E+02    0.13130E-03
    0.58537E+02    0.12430E-03
    0.59720E+02    0.11768E-03
    0.60926E+02    0.11140E-03
    0.62157E+02    0.10546E-03
    0.63412E+02    0.99826E-04
    0.64693E+02    0.94492E-04
    0.66000E+02    0.89441E-04
    0.67334E+02    0.84658E-04
    0.68694E+02    0.80128E-04
    0.70082E+02    0.75837E-04
    0.71497E+02    0.71775E-04
    0.72942E+02    0.67928E-04
    0.74415E+02    0.64285E-04
    0.75918E+02    0.60835E-04
    0.77452E+02    0.57569E-04
    0.79017E+02    0.54476E-04
    0.80613E+02    0.51548E-04
    0.82241E+02    0.48776E-04
    0.83903E+02    0.46150E-04
    0.85598E+02    0.43664E-04
    0.87327E+02    0.41311E-04
    0.89091E+02    0.39082E-04
    0.90891E+02    0.36971E-04
    0.92727E+02    0.34973E-04
    0.94600E+02    0.33081E-04
    0.96511E+02    0.31290E-04
    0.98461E+02    0.29594E-04
    0.10045E+03    0.27989E-04
    0.10248E+03    0.26470E-04
    0.10455E+03    0.25033E-04
    0.10666E+03    0.23673E-04
    0.10882E+03    0.22387E-04
    0.11101E+03    0.21170E-04
    0.11326E+03    0.20020E-04
