#          k/h    CDM            baryon         photon         nu             mass_nu        total          no_nu          total_de       Weyl           v_CDM          v_b            v_b-v_c     
   0.102819E-04   0.121680E+08   0.121680E+08   0.162190E+08   0.162188E+08   0.000000E+00   0.121680E+08   0.121680E+08   0.121767E+08  -0.568003E+00   0.103645E+08   0.103645E+08   0.848662E+01
   0.113644E-04   0.121680E+08   0.121680E+08   0.162179E+08   0.162177E+08   0.000000E+00   0.121680E+08   0.121680E+08   0.121767E+08  -0.568003E+00   0.103645E+08   0.103645E+08   0.937985E+01
   0.125608E-04   0.121680E+08   0.121680E+08   0.162165E+08   0.162163E+08   0.000000E+00   0.121680E+08   0.121680E+08   0.121767E+08  -0.568003E+00   0.103645E+08   0.103645E+08   0.103670E+02
   0.138832E-04   0.121680E+08   0.121680E+08   0.162149E+08   0.162146E+08   0.000000E+00   0.121680E+08   0.121680E+08   0.121767E+08  -0.568002E+00   0.103645E+08   0.103645E+08   0.114581E+02
   0.153447E-04   0.121680E+08   0.121679E+08   0.162129E+08   0.162125E+08   0.000000E+00   0.121680E+08   0.121680E+08   0.121767E+08  -0.568002E+00   0.103645E+08   0.103645E+08   0.126638E+02
   0.169602E-04   0.121679E+08   0.121679E+08   0.162104E+08   0.162099E+08   0.000000E+00   0.121679E+08   0.121679E+08   0.121767E+08  -0.568002E+00   0.103645E+08   0.103645E+08   0.139963E+02
   0.187457E-04   0.121679E+08   0.121679E+08   0.162074E+08   0.162068E+08   0.000000E+00   0.121679E+08   0.121679E+08   0.121767E+08  -0.568001E+00   0.103645E+08   0.103645E+08   0.154688E+02
   0.207192E-04   0.121679E+08   0.121679E+08   0.162038E+08   0.162030E+08   0.000000E+00   0.121679E+08   0.121679E+08   0.121767E+08  -0.568000E+00   0.103645E+08   0.103645E+08   0.170960E+02
   0.229004E-04   0.121679E+08   0.121679E+08   0.161993E+08   0.161984E+08   0.000000E+00   0.121679E+08   0.121679E+08   0.121767E+08  -0.568000E+00   0.103645E+08   0.103645E+08   0.188940E+02
   0.253113E-04   0.121679E+08   0.121679E+08   0.161938E+08   0.161927E+08   0.000000E+00   0.121679E+08   0.121679E+08   0.121766E+08  -0.567999E+00   0.103644E+08   0.103644E+08   0.208808E+02
   0.279760E-04   0.121679E+08   0.121679E+08   0.161871E+08   0.161858E+08   0.000000E+00   0.121679E+08   0.121679E+08   0.121766E+08  -0.567998E+00   0.103644E+08   0.103644E+08   0.230758E+02
   0.309213E-04   0.121678E+08   0.121678E+08   0.161790E+08   0.161773E+08   0.000000E+00   0.121678E+08   0.121678E+08   0.121766E+08  -0.567996E+00   0.103644E+08   0.103644E+08   0.255008E+02
   0.341766E-04   0.121678E+08   0.121678E+08   0.161690E+08   0.161670E+08   0.000000E+00   0.121678E+08   0.121678E+08   0.121766E+08  -0.567994E+00   0.103644E+08   0.103644E+08   0.281796E+02
   0.377746E-04   0.121678E+08   0.121678E+08   0.161569E+08   0.161544E+08   0.000000E+00   0.121678E+08   0.121678E+08   0.121765E+08  -0.567992E+00   0.103644E+08   0.103643E+08   0.311383E+02
   0.417514E-04   0.121677E+08   0.121677E+08   0.161420E+08   0.161390E+08   0.000000E+00   0.121677E+08   0.121677E+08   0.121765E+08  -0.567990E+00   0.103643E+08   0.103643E+08   0.344057E+02
   0.461468E-04   0.121677E+08   0.121677E+08   0.161239E+08   0.161202E+08   0.000000E+00   0.121677E+08   0.121677E+08   0.121764E+08  -0.567987E+00   0.103643E+08   0.103643E+08   0.380134E+02
   0.510050E-04   0.121676E+08   0.121676E+08   0.161018E+08   0.160973E+08   0.000000E+00   0.121676E+08   0.121676E+08   0.121763E+08  -0.567983E+00   0.103642E+08   0.103642E+08   0.419958E+02
   0.563747E-04   0.121675E+08   0.121675E+08   0.160749E+08   0.160693E+08   0.000000E+00   0.121675E+08   0.121675E+08   0.121762E+08  -0.567978E+00   0.103641E+08   0.103641E+08   0.463907E+02
   0.623096E-04   0.121674E+08   0.121674E+08   0.160420E+08   0.160353E+08   0.000000E+00   0.121674E+08   0.121674E+08   0.121761E+08  -0.567972E+00   0.103641E+08   0.103641E+08   0.512391E+02
   0.688694E-04   0.121673E+08   0.121673E+08   0.160019E+08   0.159937E+08   0.000000E+00   0.121673E+08   0.121673E+08   0.121760E+08  -0.567965E+00   0.103640E+08   0.103639E+08   0.565855E+02
   0.761198E-04   0.121672E+08   0.121672E+08   0.159531E+08   0.159431E+08   0.000000E+00   0.121672E+08   0.121672E+08   0.121758E+08  -0.567957E+00   0.103638E+08   0.103638E+08   0.624780E+02
   0.841334E-04   0.121670E+08   0.121670E+08   0.158936E+08   0.158815E+08   0.000000E+00   0.121670E+08   0.121670E+08   0.121756E+08  -0.567946E+00   0.103637E+08   0.103637E+08   0.689684E+02
   0.929907E-04   0.121668E+08   0.121667E+08   0.158213E+08   0.158065E+08   0.000000E+00   0.121668E+08   0.121668E+08   0.121753E+08  -0.567933E+00   0.103635E+08   0.103635E+08   0.761118E+02
   0.102781E-03   0.121665E+08   0.121665E+08   0.157334E+08   0.157153E+08   0.000000E+00   0.121665E+08   0.121665E+08   0.121750E+08  -0.567918E+00   0.103633E+08   0.103632E+08   0.839665E+02
   0.113601E-03   0.121662E+08   0.121661E+08   0.156265E+08   0.156046E+08   0.000000E+00   0.121662E+08   0.121662E+08   0.121746E+08  -0.567899E+00   0.103630E+08   0.103630E+08   0.925933E+02
   0.125560E-03   0.121658E+08   0.121657E+08   0.154970E+08   0.154704E+08   0.000000E+00   0.121658E+08   0.121658E+08   0.121742E+08  -0.567876E+00   0.103627E+08   0.103626E+08   0.102055E+03
   0.138779E-03   0.121653E+08   0.121652E+08   0.153401E+08   0.153079E+08   0.000000E+00   0.121653E+08   0.121653E+08   0.121736E+08  -0.567847E+00   0.103623E+08   0.103622E+08   0.112413E+03
   0.153389E-03   0.121647E+08   0.121646E+08   0.151506E+08   0.151115E+08   0.000000E+00   0.121647E+08   0.121647E+08   0.121729E+08  -0.567813E+00   0.103618E+08   0.103617E+08   0.123730E+03
   0.169538E-03   0.121640E+08   0.121639E+08   0.149220E+08   0.148749E+08   0.000000E+00   0.121640E+08   0.121640E+08   0.121720E+08  -0.567771E+00   0.103611E+08   0.103611E+08   0.136061E+03
   0.187386E-03   0.121631E+08   0.121630E+08   0.146473E+08   0.145905E+08   0.000000E+00   0.121631E+08   0.121631E+08   0.121710E+08  -0.567720E+00   0.103604E+08   0.103603E+08   0.149453E+03
   0.207114E-03   0.121621E+08   0.121619E+08   0.143182E+08   0.142501E+08   0.000000E+00   0.121620E+08   0.121620E+08   0.121698E+08  -0.567658E+00   0.103595E+08   0.103594E+08   0.163941E+03
   0.228918E-03   0.121608E+08   0.121606E+08   0.139258E+08   0.138444E+08   0.000000E+00   0.121607E+08   0.121607E+08   0.121683E+08  -0.567583E+00   0.103584E+08   0.103583E+08   0.179535E+03
   0.253018E-03   0.121592E+08   0.121589E+08   0.134605E+08   0.133636E+08   0.000000E+00   0.121592E+08   0.121592E+08   0.121664E+08  -0.567492E+00   0.103571E+08   0.103569E+08   0.196217E+03
   0.279655E-03   0.121573E+08   0.121570E+08   0.129124E+08   0.127978E+08   0.000000E+00   0.121572E+08   0.121572E+08   0.121642E+08  -0.567382E+00   0.103554E+08   0.103552E+08   0.213927E+03
   0.309096E-03   0.121550E+08   0.121546E+08   0.122721E+08   0.121376E+08   0.000000E+00   0.121549E+08   0.121549E+08   0.121615E+08  -0.567249E+00   0.103534E+08   0.103532E+08   0.232547E+03
   0.341636E-03   0.121521E+08   0.121517E+08   0.115317E+08   0.113752E+08   0.000000E+00   0.121521E+08   0.121521E+08   0.121583E+08  -0.567089E+00   0.103510E+08   0.103507E+08   0.251886E+03
   0.377603E-03   0.121487E+08   0.121482E+08   0.106864E+08   0.105063E+08   0.000000E+00   0.121486E+08   0.121486E+08   0.121544E+08  -0.566896E+00   0.103481E+08   0.103478E+08   0.271662E+03
   0.417356E-03   0.121446E+08   0.121440E+08   0.973629E+07   0.953195E+07   0.000000E+00   0.121445E+08   0.121445E+08   0.121497E+08  -0.566666E+00   0.103446E+08   0.103442E+08   0.291478E+03
   0.461294E-03   0.121396E+08   0.121389E+08   0.868934E+07   0.846134E+07   0.000000E+00   0.121395E+08   0.121395E+08   0.121441E+08  -0.566391E+00   0.103403E+08   0.103399E+08   0.310812E+03
   0.509857E-03   0.121336E+08   0.121328E+08   0.756371E+07   0.731464E+07   0.000000E+00   0.121335E+08   0.121335E+08   0.121375E+08  -0.566064E+00   0.103352E+08   0.103346E+08   0.328997E+03
   0.563534E-03   0.121265E+08   0.121254E+08   0.639058E+07   0.612559E+07   0.000000E+00   0.121263E+08   0.121263E+08   0.121297E+08  -0.565678E+00   0.103291E+08   0.103284E+08   0.345231E+03
   0.622861E-03   0.121179E+08   0.121167E+08   0.521541E+07   0.494269E+07   0.000000E+00   0.121177E+08   0.121177E+08   0.121205E+08  -0.565223E+00   0.103217E+08   0.103210E+08   0.358597E+03
   0.688433E-03   0.121077E+08   0.121063E+08   0.409658E+07   0.382747E+07   0.000000E+00   0.121075E+08   0.121075E+08   0.121096E+08  -0.564692E+00   0.103130E+08   0.103121E+08   0.368119E+03
   0.760910E-03   0.120956E+08   0.120940E+08   0.309955E+07   0.284790E+07   0.000000E+00   0.120954E+08   0.120954E+08   0.120970E+08  -0.564074E+00   0.103026E+08   0.103016E+08   0.372861E+03
   0.841016E-03   0.120814E+08   0.120796E+08   0.228498E+07   0.206553E+07   0.000000E+00   0.120811E+08   0.120811E+08   0.120823E+08  -0.563359E+00   0.102903E+08   0.102892E+08   0.372056E+03
   0.929556E-03   0.120647E+08   0.120626E+08   0.169136E+07   0.151688E+07   0.000000E+00   0.120643E+08   0.120643E+08   0.120652E+08  -0.562534E+00   0.102759E+08   0.102747E+08   0.365272E+03
   0.102742E-02   0.120452E+08   0.120429E+08   0.131638E+07   0.119409E+07   0.000000E+00   0.120448E+08   0.120448E+08   0.120455E+08  -0.561587E+00   0.102590E+08   0.102578E+08   0.352554E+03
   0.113558E-02   0.120225E+08   0.120200E+08   0.110706E+07   0.103554E+07   0.000000E+00   0.120220E+08   0.120220E+08   0.120226E+08  -0.560502E+00   0.102395E+08   0.102382E+08   0.334499E+03
   0.125513E-02   0.119962E+08   0.119935E+08   0.972190E+06   0.940658E+06   0.000000E+00   0.119958E+08   0.119958E+08   0.119963E+08  -0.559257E+00   0.102169E+08   0.102155E+08   0.312198E+03
   0.138727E-02   0.119659E+08   0.119631E+08   0.824217E+06   0.815953E+06   0.000000E+00   0.119654E+08   0.119654E+08   0.119659E+08  -0.557830E+00   0.101909E+08   0.101895E+08   0.287032E+03
   0.153331E-02   0.119311E+08   0.119283E+08   0.634439E+06   0.633502E+06   0.000000E+00   0.119306E+08   0.119306E+08   0.119310E+08  -0.556196E+00   0.101611E+08   0.101597E+08   0.260404E+03
   0.169474E-02   0.118913E+08   0.118884E+08   0.453645E+06   0.450715E+06   0.000000E+00   0.118908E+08   0.118908E+08   0.118910E+08  -0.554328E+00   0.101270E+08   0.101257E+08   0.233582E+03
   0.187315E-02   0.118458E+08   0.118429E+08   0.352943E+06   0.345424E+06   0.000000E+00   0.118453E+08   0.118453E+08   0.118455E+08  -0.552198E+00   0.100882E+08   0.100868E+08   0.207760E+03
   0.207035E-02   0.117940E+08   0.117911E+08   0.323850E+06   0.249940E+06   0.000000E+00   0.117935E+08   0.117935E+08   0.117937E+08  -0.549776E+00   0.100440E+08   0.100427E+08   0.184165E+03
   0.228831E-02   0.117353E+08   0.117323E+08   0.279709E+06   0.203588E+06   0.000000E+00   0.117348E+08   0.117348E+08   0.117349E+08  -0.547033E+00   0.999388E+07   0.999260E+07   0.163817E+03
   0.252922E-02   0.116688E+08   0.116658E+08   0.198809E+06   0.165717E+06   0.000000E+00   0.116683E+08   0.116683E+08   0.116684E+08  -0.543930E+00   0.993722E+07   0.993594E+07   0.146974E+03
   0.279549E-02   0.115939E+08   0.115907E+08   0.155261E+06   0.134787E+06   0.000000E+00   0.115934E+08   0.115934E+08   0.115934E+08  -0.540433E+00   0.987334E+07   0.987206E+07   0.132981E+03
   0.308979E-02   0.115097E+08   0.115063E+08   0.138206E+06   0.109535E+06   0.000000E+00   0.115091E+08   0.115091E+08   0.115092E+08  -0.536504E+00   0.980155E+07   0.980027E+07   0.120839E+03
   0.341507E-02   0.114153E+08   0.114117E+08   0.100822E+06   0.889299E+05   0.000000E+00   0.114147E+08   0.114147E+08   0.114148E+08  -0.532102E+00   0.972114E+07   0.971986E+07   0.109610E+03
   0.377460E-02   0.113100E+08   0.113062E+08   0.914439E+05   0.721255E+05   0.000000E+00   0.113094E+08   0.113094E+08   0.113094E+08  -0.527189E+00   0.963138E+07   0.963010E+07   0.987378E+02
   0.417198E-02   0.111928E+08   0.111887E+08   0.683055E+05   0.584291E+05   0.000000E+00   0.111921E+08   0.111921E+08   0.111922E+08  -0.521722E+00   0.953151E+07   0.953024E+07   0.885256E+02
   0.461119E-02   0.110628E+08   0.110583E+08   0.544521E+05   0.472736E+05   0.000000E+00   0.110621E+08   0.110621E+08   0.110621E+08  -0.515658E+00   0.942073E+07   0.941947E+07   0.794736E+02
   0.509664E-02   0.109191E+08   0.109142E+08   0.406674E+05   0.381945E+05   0.000000E+00   0.109183E+08   0.109183E+08   0.109183E+08  -0.508955E+00   0.929826E+07   0.929701E+07   0.716727E+02
   0.563320E-02   0.107608E+08   0.107553E+08   0.348102E+05   0.308116E+05   0.000000E+00   0.107599E+08   0.107599E+08   0.107599E+08  -0.501568E+00   0.916331E+07   0.916206E+07   0.646705E+02
   0.622625E-02   0.105868E+08   0.105807E+08   0.275761E+05   0.248138E+05   0.000000E+00   0.105858E+08   0.105858E+08   0.105858E+08  -0.493455E+00   0.901508E+07   0.901384E+07   0.581664E+02
   0.688173E-02   0.103964E+08   0.103895E+08   0.224238E+05   0.199464E+05   0.000000E+00   0.103952E+08   0.103952E+08   0.103952E+08  -0.484570E+00   0.885277E+07   0.885154E+07   0.523314E+02
   0.760622E-02   0.101885E+08   0.101806E+08   0.185334E+05   0.160008E+05   0.000000E+00   0.101872E+08   0.101872E+08   0.101872E+08  -0.474871E+00   0.867557E+07   0.867434E+07   0.472163E+02
   0.840698E-02   0.996212E+07   0.995320E+07   0.136501E+05   0.128067E+05   0.000000E+00   0.996063E+07   0.996063E+07   0.996064E+07  -0.464311E+00   0.848266E+07   0.848143E+07   0.425926E+02
   0.929204E-02   0.971643E+07   0.970621E+07   0.116799E+05   0.102244E+05   0.000000E+00   0.971473E+07   0.971473E+07   0.971473E+07  -0.452848E+00   0.827324E+07   0.827201E+07   0.384558E+02
   0.102703E-01   0.945044E+07   0.943868E+07   0.838971E+04   0.814008E+04   0.000000E+00   0.944848E+07   0.944848E+07   0.944849E+07  -0.440437E+00   0.804650E+07   0.804528E+07   0.347956E+02
   0.113515E-01   0.916324E+07   0.914966E+07   0.769329E+04   0.646050E+04   0.000000E+00   0.916097E+07   0.916097E+07   0.916098E+07  -0.427035E+00   0.780166E+07   0.780043E+07   0.315233E+02
   0.125466E-01   0.885394E+07   0.883826E+07   0.539897E+04   0.510964E+04   0.000000E+00   0.885133E+07   0.885133E+07   0.885133E+07  -0.412601E+00   0.753796E+07   0.753673E+07   0.286260E+02
   0.138674E-01   0.852180E+07   0.850370E+07   0.475619E+04   0.402547E+04   0.000000E+00   0.851878E+07   0.851878E+07   0.851878E+07  -0.397099E+00   0.725477E+07   0.725353E+07   0.260462E+02
   0.153273E-01   0.816626E+07   0.814541E+07   0.317775E+04   0.315743E+04   0.000000E+00   0.816279E+07   0.816279E+07   0.816279E+07  -0.380504E+00   0.695160E+07   0.695035E+07   0.237489E+02
   0.169409E-01   0.778713E+07   0.776321E+07   0.247554E+04   0.246437E+04   0.000000E+00   0.778314E+07   0.778314E+07   0.778315E+07  -0.362807E+00   0.662830E+07   0.662704E+07   0.216916E+02
   0.187244E-01   0.738479E+07   0.735752E+07   0.217013E+04   0.191283E+04   0.000000E+00   0.738024E+07   0.738024E+07   0.738024E+07  -0.344026E+00   0.628519E+07   0.628392E+07   0.198311E+02
   0.206957E-01   0.696048E+07   0.692967E+07   0.172739E+04   0.147564E+04   0.000000E+00   0.695535E+07   0.695535E+07   0.695535E+07  -0.324220E+00   0.592335E+07   0.592207E+07   0.181245E+02
   0.228745E-01   0.651672E+07   0.648230E+07   0.110998E+04   0.113074E+04   0.000000E+00   0.651098E+07   0.651098E+07   0.651098E+07  -0.303506E+00   0.554494E+07   0.554364E+07   0.165288E+02
   0.252826E-01   0.605769E+07   0.601982E+07   0.869749E+03   0.860248E+03   0.000000E+00   0.605138E+07   0.605138E+07   0.605138E+07  -0.282082E+00   0.515354E+07   0.515224E+07   0.149981E+02
   0.279443E-01   0.558973E+07   0.554885E+07   0.680337E+03   0.649657E+03   0.000000E+00   0.558292E+07   0.558292E+07   0.558292E+07  -0.260245E+00   0.475460E+07   0.475331E+07   0.134920E+02
   0.308862E-01   0.512160E+07   0.507851E+07   0.537941E+03   0.487161E+03   0.000000E+00   0.511442E+07   0.511442E+07   0.511442E+07  -0.238406E+00   0.435562E+07   0.435436E+07   0.119781E+02
   0.341378E-01   0.466444E+07   0.462037E+07   0.421880E+03   0.363116E+03   0.000000E+00   0.465710E+07   0.465710E+07   0.465710E+07  -0.217088E+00   0.396616E+07   0.396494E+07   0.104332E+02
   0.377317E-01   0.423110E+07   0.418770E+07   0.287362E+03   0.269585E+03   0.000000E+00   0.422387E+07   0.422387E+07   0.422387E+07  -0.196893E+00   0.359721E+07   0.359607E+07   0.885390E+01
   0.417040E-01   0.383446E+07   0.379368E+07   0.222831E+03   0.199976E+03   0.000000E+00   0.382766E+07   0.382766E+07   0.382766E+07  -0.178424E+00   0.325979E+07   0.325875E+07   0.726291E+01
   0.458744E-01   0.349893E+07   0.346250E+07   0.155040E+03   0.150814E+03   0.000000E+00   0.349286E+07   0.349286E+07   0.349286E+07  -0.162818E+00   0.297465E+07   0.297374E+07   0.578515E+01
   0.500448E-01   0.323523E+07   0.320408E+07   0.120476E+03   0.117192E+03   0.000000E+00   0.323004E+07   0.323004E+07   0.323004E+07  -0.150567E+00   0.275081E+07   0.275004E+07   0.453033E+01
   0.542152E-01   0.302293E+07   0.299722E+07   0.959372E+02   0.933220E+02   0.000000E+00   0.301864E+07   0.301864E+07   0.301864E+07  -0.140713E+00   0.257077E+07   0.257012E+07   0.351215E+01
   0.583856E-01   0.284595E+07   0.282520E+07   0.778954E+02   0.757720E+02   0.000000E+00   0.284249E+07   0.284249E+07   0.284249E+07  -0.132501E+00   0.242074E+07   0.242020E+07   0.273127E+01
   0.625560E-01   0.269062E+07   0.267383E+07   0.641639E+02   0.624148E+02   0.000000E+00   0.268782E+07   0.268782E+07   0.268782E+07  -0.125291E+00   0.228901E+07   0.228854E+07   0.217139E+01
   0.667264E-01   0.254542E+07   0.253134E+07   0.533576E+02   0.519031E+02   0.000000E+00   0.254308E+07   0.254308E+07   0.254308E+07  -0.118544E+00   0.216574E+07   0.216533E+07   0.180156E+01
   0.708968E-01   0.240311E+07   0.239043E+07   0.446242E+02   0.434078E+02   0.000000E+00   0.240100E+07   0.240100E+07   0.240100E+07  -0.111921E+00   0.204474E+07   0.204435E+07   0.158170E+01
   0.750672E-01   0.226065E+07   0.224824E+07   0.374426E+02   0.364219E+02   0.000000E+00   0.225858E+07   0.225858E+07   0.225858E+07  -0.105283E+00   0.192346E+07   0.192308E+07   0.146786E+01
   0.792376E-01   0.211871E+07   0.210574E+07   0.314914E+02   0.306330E+02   0.000000E+00   0.211655E+07   0.211655E+07   0.211655E+07  -0.986618E-01   0.180251E+07   0.180212E+07   0.141746E+01
   0.834080E-01   0.198025E+07   0.196628E+07   0.265592E+02   0.258352E+02   0.000000E+00   0.197792E+07   0.197792E+07   0.197792E+07  -0.921998E-01   0.168445E+07   0.168405E+07   0.139363E+01
   0.875784E-01   0.184891E+07   0.183390E+07   0.224879E+02   0.218749E+02   0.000000E+00   0.184641E+07   0.184641E+07   0.184641E+07  -0.860693E-01   0.157246E+07   0.157205E+07   0.136817E+01
   0.927733E-01   0.170053E+07   0.168464E+07   0.184277E+02   0.179254E+02   0.000000E+00   0.169788E+07   0.169788E+07   0.169788E+07  -0.791458E-01   0.144598E+07   0.144556E+07   0.130797E+01
   0.979682E-01   0.157417E+07   0.155823E+07   0.152951E+02   0.148782E+02   0.000000E+00   0.157151E+07   0.157151E+07   0.157151E+07  -0.732551E-01   0.133836E+07   0.133795E+07   0.120503E+01
   0.103163E+00   0.147243E+07   0.145735E+07   0.129019E+02   0.125502E+02   0.000000E+00   0.146992E+07   0.146992E+07   0.146992E+07  -0.685196E-01   0.125184E+07   0.125146E+07   0.106554E+01
   0.108358E+00   0.139333E+07   0.137984E+07   0.110673E+02   0.107656E+02   0.000000E+00   0.139108E+07   0.139108E+07   0.139108E+07  -0.648444E-01   0.118469E+07   0.118435E+07   0.907249E+00
   0.113553E+00   0.133092E+07   0.131942E+07   0.962826E+01   0.936580E+01   0.000000E+00   0.132901E+07   0.132901E+07   0.132901E+07  -0.619509E-01   0.113182E+07   0.113153E+07   0.751610E+00
   0.118748E+00   0.127805E+07   0.126850E+07   0.845628E+01   0.822577E+01   0.000000E+00   0.127646E+07   0.127646E+07   0.127646E+07  -0.595014E-01   0.108707E+07   0.108682E+07   0.617340E+00
   0.123943E+00   0.122844E+07   0.122047E+07   0.746228E+01   0.725886E+01   0.000000E+00   0.122711E+07   0.122711E+07   0.122711E+07  -0.572012E-01   0.104504E+07   0.104482E+07   0.516179E+00
   0.129137E+00   0.117761E+07   0.117062E+07   0.659020E+01   0.641055E+01   0.000000E+00   0.117645E+07   0.117645E+07   0.117645E+07  -0.548395E-01   0.100189E+07   0.100169E+07   0.451221E+00
   0.134332E+00   0.112332E+07   0.111669E+07   0.580960E+01   0.565123E+01   0.000000E+00   0.112222E+07   0.112222E+07   0.112222E+07  -0.523116E-01   0.955707E+06   0.955514E+06   0.417799E+00
   0.139527E+00   0.106579E+07   0.105901E+07   0.510883E+01   0.496956E+01   0.000000E+00   0.106466E+07   0.106466E+07   0.106466E+07  -0.496287E-01   0.906693E+06   0.906499E+06   0.406148E+00
   0.144722E+00   0.100713E+07   0.999899E+06   0.448662E+01   0.436432E+01   0.000000E+00   0.100593E+07   0.100593E+07   0.100593E+07  -0.468908E-01   0.856676E+06   0.856475E+06   0.404674E+00
   0.149917E+00   0.950305E+06   0.942584E+06   0.394449E+01   0.383696E+01   0.000000E+00   0.949018E+06   0.949018E+06   0.949018E+06  -0.442380E-01   0.808214E+06   0.808006E+06   0.402930E+00
   0.155112E+00   0.898274E+06   0.890238E+06   0.348244E+01   0.338751E+01   0.000000E+00   0.896935E+06   0.896935E+06   0.896935E+06  -0.418101E-01   0.763860E+06   0.763650E+06   0.393716E+00
   0.160307E+00   0.853282E+06   0.845238E+06   0.309683E+01   0.301241E+01   0.000000E+00   0.851942E+06   0.851942E+06   0.851942E+06  -0.397128E-01   0.725543E+06   0.725337E+06   0.373998E+00
   0.165502E+00   0.816162E+06   0.808446E+06   0.277907E+01   0.270331E+01   0.000000E+00   0.814876E+06   0.814876E+06   0.814876E+06  -0.379850E-01   0.693977E+06   0.693781E+06   0.344619E+00
   0.170696E+00   0.786116E+06   0.778999E+06   0.251649E+01   0.244790E+01   0.000000E+00   0.784930E+06   0.784930E+06   0.784930E+06  -0.365891E-01   0.668472E+06   0.668291E+06   0.309166E+00
   0.175891E+00   0.761241E+06   0.754872E+06   0.229533E+01   0.223276E+01   0.000000E+00   0.760180E+06   0.760180E+06   0.760180E+06  -0.354354E-01   0.647392E+06   0.647228E+06   0.272469E+00
   0.181086E+00   0.739283E+06   0.733661E+06   0.210335E+01   0.204601E+01   0.000000E+00   0.738346E+06   0.738346E+06   0.738346E+06  -0.344176E-01   0.628796E+06   0.628648E+06   0.239142E+00
   0.186281E+00   0.718112E+06   0.713111E+06   0.193097E+01   0.187833E+01   0.000000E+00   0.717279E+06   0.717279E+06   0.717279E+06  -0.334356E-01   0.610853E+06   0.610718E+06   0.212462E+00
   0.191476E+00   0.696072E+06   0.691484E+06   0.177164E+01   0.172334E+01   0.000000E+00   0.695307E+06   0.695307E+06   0.695307E+06  -0.324114E-01   0.592141E+06   0.592014E+06   0.193807E+00
   0.196671E+00   0.672344E+06   0.667942E+06   0.162205E+01   0.157783E+01   0.000000E+00   0.671610E+06   0.671610E+06   0.671610E+06  -0.313067E-01   0.571960E+06   0.571837E+06   0.182679E+00
   0.201866E+00   0.647087E+06   0.642678E+06   0.148173E+01   0.144134E+01   0.000000E+00   0.646352E+06   0.646352E+06   0.646352E+06  -0.301294E-01   0.550450E+06   0.550328E+06   0.177171E+00
   0.207060E+00   0.621161E+06   0.616629E+06   0.135177E+01   0.131492E+01   0.000000E+00   0.620406E+06   0.620406E+06   0.620406E+06  -0.289199E-01   0.528355E+06   0.528231E+06   0.174670E+00
   0.212255E+00   0.595712E+06   0.591028E+06   0.123358E+01   0.119996E+01   0.000000E+00   0.594932E+06   0.594932E+06   0.594932E+06  -0.277324E-01   0.506662E+06   0.506536E+06   0.172586E+00
   0.217450E+00   0.571868E+06   0.567082E+06   0.112820E+01   0.109745E+01   0.000000E+00   0.571070E+06   0.571070E+06   0.571070E+06  -0.266201E-01   0.486341E+06   0.486215E+06   0.168948E+00
   0.222645E+00   0.550492E+06   0.545709E+06   0.103588E+01   0.100764E+01   0.000000E+00   0.549694E+06   0.549694E+06   0.549694E+06  -0.256237E-01   0.468138E+06   0.468013E+06   0.162727E+00
   0.227840E+00   0.531966E+06   0.527310E+06   0.955884E+00   0.929827E+00   0.000000E+00   0.531190E+06   0.531190E+06   0.531190E+06  -0.247612E-01   0.452379E+06   0.452258E+06   0.153872E+00
   0.233035E+00   0.516128E+06   0.511703E+06   0.886565E+00   0.862398E+00   0.000000E+00   0.515391E+06   0.515391E+06   0.515391E+06  -0.240247E-01   0.438923E+06   0.438808E+06   0.143116E+00
   0.238230E+00   0.502416E+06   0.498289E+06   0.825838E+00   0.803326E+00   0.000000E+00   0.501728E+06   0.501728E+06   0.501728E+06  -0.233878E-01   0.427287E+06   0.427179E+06   0.131641E+00
   0.243425E+00   0.490066E+06   0.486249E+06   0.771582E+00   0.750549E+00   0.000000E+00   0.489430E+06   0.489430E+06   0.489430E+06  -0.228145E-01   0.416813E+06   0.416712E+06   0.120698E+00
   0.248619E+00   0.478255E+06   0.474714E+06   0.721898E+00   0.702219E+00   0.000000E+00   0.477665E+06   0.477665E+06   0.477665E+06  -0.222661E-01   0.406793E+06   0.406698E+06   0.111281E+00
   0.253814E+00   0.466278E+06   0.462944E+06   0.675334E+00   0.656924E+00   0.000000E+00   0.465722E+06   0.465722E+06   0.465722E+06  -0.217094E-01   0.396622E+06   0.396531E+06   0.103934E+00
   0.259009E+00   0.453751E+06   0.450541E+06   0.631101E+00   0.613898E+00   0.000000E+00   0.453216E+06   0.453216E+06   0.453216E+06  -0.211264E-01   0.385971E+06   0.385883E+06   0.987034E-01
   0.264204E+00   0.440688E+06   0.437526E+06   0.589055E+00   0.572997E+00   0.000000E+00   0.440161E+06   0.440161E+06   0.440161E+06  -0.205179E-01   0.374853E+06   0.374767E+06   0.952200E-01
   0.269399E+00   0.427369E+06   0.424204E+06   0.549410E+00   0.534434E+00   0.000000E+00   0.426842E+06   0.426842E+06   0.426842E+06  -0.198970E-01   0.363510E+06   0.363425E+06   0.928518E-01
   0.274594E+00   0.414173E+06   0.410983E+06   0.512463E+00   0.498493E+00   0.000000E+00   0.413641E+06   0.413641E+06   0.413641E+06  -0.192817E-01   0.352269E+06   0.352183E+06   0.908902E-01
   0.279789E+00   0.401487E+06   0.398281E+06   0.478467E+00   0.465424E+00   0.000000E+00   0.400953E+06   0.400953E+06   0.400953E+06  -0.186902E-01   0.341464E+06   0.341378E+06   0.887285E-01
   0.284984E+00   0.389672E+06   0.386480E+06   0.447594E+00   0.435393E+00   0.000000E+00   0.389140E+06   0.389140E+06   0.389140E+06  -0.181396E-01   0.331404E+06   0.331320E+06   0.859848E-01
   0.290178E+00   0.378962E+06   0.375828E+06   0.419840E+00   0.408396E+00   0.000000E+00   0.378440E+06   0.378440E+06   0.378440E+06  -0.176408E-01   0.322291E+06   0.322209E+06   0.825433E-01
   0.295373E+00   0.369379E+06   0.366341E+06   0.394958E+00   0.384192E+00   0.000000E+00   0.368872E+06   0.368872E+06   0.368872E+06  -0.171948E-01   0.314143E+06   0.314063E+06   0.785228E-01
   0.300568E+00   0.360736E+06   0.357825E+06   0.372510E+00   0.362356E+00   0.000000E+00   0.360251E+06   0.360251E+06   0.360251E+06  -0.167929E-01   0.306801E+06   0.306724E+06   0.742002E-01
   0.305763E+00   0.352755E+06   0.349982E+06   0.352009E+00   0.342414E+00   0.000000E+00   0.352293E+06   0.352293E+06   0.352293E+06  -0.164220E-01   0.300023E+06   0.299950E+06   0.699170E-01
   0.310958E+00   0.345153E+06   0.342511E+06   0.333024E+00   0.323946E+00   0.000000E+00   0.344713E+06   0.344713E+06   0.344713E+06  -0.160686E-01   0.293567E+06   0.293497E+06   0.659856E-01
   0.316153E+00   0.337683E+06   0.335151E+06   0.315205E+00   0.306613E+00   0.000000E+00   0.337261E+06   0.337261E+06   0.337261E+06  -0.157212E-01   0.287221E+06   0.287153E+06   0.626168E-01
   0.321348E+00   0.330159E+06   0.327708E+06   0.298302E+00   0.290171E+00   0.000000E+00   0.329750E+06   0.329750E+06   0.329750E+06  -0.153711E-01   0.280824E+06   0.280758E+06   0.598846E-01
   0.326543E+00   0.322500E+06   0.320102E+06   0.282185E+00   0.274492E+00   0.000000E+00   0.322100E+06   0.322100E+06   0.322100E+06  -0.150145E-01   0.274310E+06   0.274245E+06   0.577341E-01
   0.331737E+00   0.314755E+06   0.312387E+06   0.266846E+00   0.259572E+00   0.000000E+00   0.314360E+06   0.314360E+06   0.314360E+06  -0.146537E-01   0.267718E+06   0.267654E+06   0.560172E-01
   0.336932E+00   0.307063E+06   0.304711E+06   0.252352E+00   0.245473E+00   0.000000E+00   0.306671E+06   0.306671E+06   0.306671E+06  -0.142953E-01   0.261170E+06   0.261106E+06   0.545419E-01
   0.342127E+00   0.299580E+06   0.297242E+06   0.238777E+00   0.232268E+00   0.000000E+00   0.299190E+06   0.299190E+06   0.299190E+06  -0.139466E-01   0.254799E+06   0.254737E+06   0.531210E-01
   0.347322E+00   0.292435E+06   0.290119E+06   0.226157E+00   0.219992E+00   0.000000E+00   0.292049E+06   0.292049E+06   0.292049E+06  -0.136137E-01   0.248717E+06   0.248656E+06   0.516123E-01
   0.352517E+00   0.285713E+06   0.283430E+06   0.214491E+00   0.208644E+00   0.000000E+00   0.285332E+06   0.285332E+06   0.285332E+06  -0.133006E-01   0.242997E+06   0.242937E+06   0.499434E-01
   0.357712E+00   0.279451E+06   0.277217E+06   0.203741E+00   0.198187E+00   0.000000E+00   0.279079E+06   0.279079E+06   0.279079E+06  -0.130091E-01   0.237672E+06   0.237613E+06   0.481147E-01
   0.362907E+00   0.273628E+06   0.271455E+06   0.193827E+00   0.188544E+00   0.000000E+00   0.273266E+06   0.273266E+06   0.273266E+06  -0.127382E-01   0.232721E+06   0.232664E+06   0.461839E-01
   0.368102E+00   0.268165E+06   0.266058E+06   0.184636E+00   0.179603E+00   0.000000E+00   0.267813E+06   0.267813E+06   0.267813E+06  -0.124840E-01   0.228078E+06   0.228022E+06   0.442399E-01
   0.373296E+00   0.262950E+06   0.260910E+06   0.176045E+00   0.171246E+00   0.000000E+00   0.262610E+06   0.262610E+06   0.262610E+06  -0.122414E-01   0.223646E+06   0.223592E+06   0.423762E-01
   0.378491E+00   0.257881E+06   0.255904E+06   0.167948E+00   0.163369E+00   0.000000E+00   0.257552E+06   0.257552E+06   0.257552E+06  -0.120056E-01   0.219339E+06   0.219286E+06   0.406682E-01
   0.383686E+00   0.252887E+06   0.250961E+06   0.160267E+00   0.155898E+00   0.000000E+00   0.252566E+06   0.252566E+06   0.252566E+06  -0.117732E-01   0.215092E+06   0.215041E+06   0.391579E-01
   0.388881E+00   0.247920E+06   0.246037E+06   0.152950E+00   0.148781E+00   0.000000E+00   0.247606E+06   0.247606E+06   0.247606E+06  -0.115420E-01   0.210869E+06   0.210818E+06   0.378489E-01
   0.394076E+00   0.242971E+06   0.241119E+06   0.145970E+00   0.141991E+00   0.000000E+00   0.242662E+06   0.242662E+06   0.242662E+06  -0.113116E-01   0.206658E+06   0.206608E+06   0.367113E-01
   0.399271E+00   0.238064E+06   0.236238E+06   0.139323E+00   0.135525E+00   0.000000E+00   0.237760E+06   0.237760E+06   0.237760E+06  -0.110830E-01   0.202483E+06   0.202434E+06   0.356948E-01
   0.404466E+00   0.233253E+06   0.231448E+06   0.133022E+00   0.129396E+00   0.000000E+00   0.232952E+06   0.232952E+06   0.232952E+06  -0.108589E-01   0.198389E+06   0.198341E+06   0.347435E-01
   0.409661E+00   0.228591E+06   0.226808E+06   0.127077E+00   0.123613E+00   0.000000E+00   0.228294E+06   0.228294E+06   0.228294E+06  -0.106418E-01   0.194422E+06   0.194374E+06   0.338080E-01
   0.414855E+00   0.224112E+06   0.222355E+06   0.121485E+00   0.118174E+00   0.000000E+00   0.223819E+06   0.223819E+06   0.223819E+06  -0.104332E-01   0.190611E+06   0.190564E+06   0.328547E-01
   0.420050E+00   0.219834E+06   0.218106E+06   0.116236E+00   0.113068E+00   0.000000E+00   0.219546E+06   0.219546E+06   0.219546E+06  -0.102340E-01   0.186971E+06   0.186926E+06   0.318705E-01
   0.425245E+00   0.215760E+06   0.214066E+06   0.111312E+00   0.108278E+00   0.000000E+00   0.215478E+06   0.215478E+06   0.215478E+06  -0.100444E-01   0.183507E+06   0.183462E+06   0.308620E-01
   0.430440E+00   0.211879E+06   0.210221E+06   0.106688E+00   0.103780E+00   0.000000E+00   0.211602E+06   0.211602E+06   0.211602E+06  -0.986373E-02   0.180207E+06   0.180163E+06   0.298497E-01
   0.435635E+00   0.208155E+06   0.206535E+06   0.102329E+00   0.995392E-01   0.000000E+00   0.207885E+06   0.207885E+06   0.207885E+06  -0.969043E-02   0.177041E+06   0.176997E+06   0.288597E-01
   0.440830E+00   0.204545E+06   0.202963E+06   0.981992E-01   0.955224E-01   0.000000E+00   0.204282E+06   0.204282E+06   0.204282E+06  -0.952248E-02   0.173972E+06   0.173930E+06   0.279163E-01
   0.446025E+00   0.201018E+06   0.199469E+06   0.942714E-01   0.917016E-01   0.000000E+00   0.200760E+06   0.200760E+06   0.200760E+06  -0.935832E-02   0.170973E+06   0.170932E+06   0.270371E-01
   0.451219E+00   0.197553E+06   0.196035E+06   0.905257E-01   0.880580E-01   0.000000E+00   0.197300E+06   0.197300E+06   0.197300E+06  -0.919703E-02   0.168026E+06   0.167986E+06   0.262299E-01
   0.456414E+00   0.194140E+06   0.192648E+06   0.869481E-01   0.845779E-01   0.000000E+00   0.193891E+06   0.193891E+06   0.193891E+06  -0.903814E-02   0.165123E+06   0.165083E+06   0.254916E-01
   0.461609E+00   0.190775E+06   0.189307E+06   0.835288E-01   0.812518E-01   0.000000E+00   0.190531E+06   0.190531E+06   0.190531E+06  -0.888148E-02   0.162261E+06   0.162222E+06   0.248106E-01
   0.466804E+00   0.187467E+06   0.186019E+06   0.802634E-01   0.780754E-01   0.000000E+00   0.187226E+06   0.187226E+06   0.187226E+06  -0.872745E-02   0.159447E+06   0.159408E+06   0.241708E-01
   0.471999E+00   0.184234E+06   0.182806E+06   0.771520E-01   0.750488E-01   0.000000E+00   0.183996E+06   0.183996E+06   0.183996E+06  -0.857689E-02   0.156697E+06   0.156658E+06   0.235560E-01
   0.477194E+00   0.181095E+06   0.179686E+06   0.741947E-01   0.721721E-01   0.000000E+00   0.180860E+06   0.180860E+06   0.180860E+06  -0.843069E-02   0.154026E+06   0.153988E+06   0.229534E-01
   0.482389E+00   0.178058E+06   0.176671E+06   0.713875E-01   0.694415E-01   0.000000E+00   0.177827E+06   0.177827E+06   0.177827E+06  -0.828929E-02   0.151442E+06   0.151405E+06   0.223548E-01
   0.487584E+00   0.175124E+06   0.173759E+06   0.687231E-01   0.668497E-01   0.000000E+00   0.174896E+06   0.174896E+06   0.174896E+06  -0.815270E-02   0.148947E+06   0.148910E+06   0.217577E-01
   0.492778E+00   0.172289E+06   0.170947E+06   0.661926E-01   0.643882E-01   0.000000E+00   0.172065E+06   0.172065E+06   0.172065E+06  -0.802072E-02   0.146536E+06   0.146500E+06   0.211648E-01
   0.497973E+00   0.169547E+06   0.168229E+06   0.637874E-01   0.620486E-01   0.000000E+00   0.169327E+06   0.169327E+06   0.169327E+06  -0.789310E-02   0.144204E+06   0.144169E+06   0.205824E-01
   0.503168E+00   0.166888E+06   0.165594E+06   0.614976E-01   0.598212E-01   0.000000E+00   0.166673E+06   0.166673E+06   0.166673E+06  -0.776935E-02   0.141943E+06   0.141909E+06   0.200179E-01
   0.508363E+00   0.164298E+06   0.163026E+06   0.593121E-01   0.576953E-01   0.000000E+00   0.164086E+06   0.164086E+06   0.164086E+06  -0.764878E-02   0.139740E+06   0.139706E+06   0.194773E-01
   0.513558E+00   0.161761E+06   0.160511E+06   0.572211E-01   0.556613E-01   0.000000E+00   0.161553E+06   0.161553E+06   0.161553E+06  -0.753070E-02   0.137583E+06   0.137550E+06   0.189643E-01
   0.518753E+00   0.159271E+06   0.158042E+06   0.552177E-01   0.537125E-01   0.000000E+00   0.159067E+06   0.159067E+06   0.159067E+06  -0.741480E-02   0.135466E+06   0.135433E+06   0.184799E-01
   0.523948E+00   0.156828E+06   0.155617E+06   0.532978E-01   0.518450E-01   0.000000E+00   0.156626E+06   0.156626E+06   0.156626E+06  -0.730106E-02   0.133388E+06   0.133355E+06   0.180225E-01
   0.529143E+00   0.154432E+06   0.153239E+06   0.514581E-01   0.500553E-01   0.000000E+00   0.154233E+06   0.154233E+06   0.154233E+06  -0.718951E-02   0.131350E+06   0.131318E+06   0.175880E-01
   0.534337E+00   0.152084E+06   0.150907E+06   0.496951E-01   0.483404E-01   0.000000E+00   0.151888E+06   0.151888E+06   0.151888E+06  -0.708019E-02   0.129352E+06   0.129321E+06   0.171714E-01
   0.539532E+00   0.149787E+06   0.148626E+06   0.480064E-01   0.466977E-01   0.000000E+00   0.149594E+06   0.149594E+06   0.149594E+06  -0.697324E-02   0.127398E+06   0.127367E+06   0.167679E-01
   0.544727E+00   0.147547E+06   0.146402E+06   0.463907E-01   0.451261E-01   0.000000E+00   0.147356E+06   0.147356E+06   0.147356E+06  -0.686893E-02   0.125493E+06   0.125462E+06   0.163739E-01
   0.549922E+00   0.145368E+06   0.144239E+06   0.448459E-01   0.436235E-01   0.000000E+00   0.145179E+06   0.145179E+06   0.145179E+06  -0.676746E-02   0.123639E+06   0.123609E+06   0.159874E-01
   0.555117E+00   0.143248E+06   0.142135E+06   0.433687E-01   0.421865E-01   0.000000E+00   0.143062E+06   0.143062E+06   0.143062E+06  -0.666877E-02   0.121836E+06   0.121806E+06   0.156078E-01
   0.560312E+00   0.141183E+06   0.140087E+06   0.419546E-01   0.408110E-01   0.000000E+00   0.141000E+06   0.141000E+06   0.141000E+06  -0.657264E-02   0.120080E+06   0.120050E+06   0.152358E-01
   0.565507E+00   0.139169E+06   0.138090E+06   0.406000E-01   0.394933E-01   0.000000E+00   0.138989E+06   0.138989E+06   0.138989E+06  -0.647891E-02   0.118367E+06   0.118338E+06   0.148730E-01
   0.615622E+00   0.121810E+06   0.120866E+06   0.299856E-01   0.291682E-01   0.000000E+00   0.121653E+06   0.121653E+06   0.121653E+06  -0.567077E-02   0.103603E+06   0.103578E+06   0.119689E-01
   0.751923E+00   0.886597E+05   0.879732E+05   0.146298E-01   0.142310E-01   0.000000E+00   0.885453E+05   0.885453E+05   0.885453E+05  -0.412749E-02   0.754078E+05   0.753893E+05   0.715180E-02
   0.918401E+00   0.642095E+05   0.637124E+05   0.710222E-02   0.690861E-02   0.000000E+00   0.641267E+05   0.641267E+05   0.641267E+05  -0.298923E-02   0.546121E+05   0.545987E+05   0.426249E-02
   0.112174E+01   0.462944E+05   0.459360E+05   0.343246E-02   0.333889E-02   0.000000E+00   0.462347E+05   0.462347E+05   0.462347E+05  -0.215521E-02   0.393748E+05   0.393650E+05   0.253626E-02
   0.137009E+01   0.332419E+05   0.329845E+05   0.165213E-02   0.160709E-02   0.000000E+00   0.331990E+05   0.331990E+05   0.331990E+05  -0.154755E-02   0.282732E+05   0.282661E+05   0.150900E-02
   0.167343E+01   0.237810E+05   0.235968E+05   0.792266E-03   0.770669E-03   0.000000E+00   0.237503E+05   0.237503E+05   0.237503E+05  -0.110711E-02   0.202265E+05   0.202213E+05   0.899669E-03
   0.204394E+01   0.169550E+05   0.168236E+05   0.378634E-03   0.368312E-03   0.000000E+00   0.169331E+05   0.169331E+05   0.169331E+05  -0.789327E-03   0.144207E+05   0.144169E+05   0.539009E-03
   0.249647E+01   0.120507E+05   0.119573E+05   0.180391E-03   0.175474E-03   0.000000E+00   0.120351E+05   0.120351E+05   0.120351E+05  -0.561012E-03   0.102495E+05   0.102467E+05   0.325713E-03
   0.304920E+01   0.854062E+04   0.847428E+04   0.856981E-04   0.833621E-04   0.000000E+00   0.852956E+04   0.852956E+04   0.852956E+04  -0.397601E-03   0.726404E+04   0.726196E+04   0.199449E-03
   0.372430E+01   0.603706E+04   0.599006E+04   0.406056E-04   0.394988E-04   0.000000E+00   0.602923E+04   0.602923E+04   0.602923E+04  -0.281049E-03   0.513469E+04   0.513310E+04   0.124461E-03
   0.454887E+01   0.425707E+04   0.422382E+04   0.191933E-04   0.186701E-04   0.000000E+00   0.425153E+04   0.425153E+04   0.425153E+04  -0.198183E-03   0.362075E+04   0.361951E+04   0.796401E-04
   0.555600E+01   0.299521E+04   0.297170E+04   0.905191E-05   0.880518E-05   0.000000E+00   0.299129E+04   0.299129E+04   0.299129E+04  -0.139438E-03   0.254750E+04   0.254650E+04   0.525679E-04
   0.678612E+01   0.210303E+04   0.208639E+04   0.426017E-05   0.414406E-05   0.000000E+00   0.210025E+04   0.210025E+04   0.210025E+04  -0.979022E-04   0.178866E+04   0.178783E+04   0.359580E-04
   0.828858E+01   0.147377E+04   0.146198E+04   0.200114E-05   0.194660E-05   0.000000E+00   0.147181E+04   0.147181E+04   0.147181E+04  -0.686076E-04   0.125346E+04   0.125274E+04   0.255436E-04
   0.101237E+02   0.103096E+04   0.102257E+04   0.938307E-06   0.912738E-06   0.000000E+00   0.102956E+04   0.102956E+04   0.102956E+04  -0.479925E-04   0.876835E+03   0.876181E+03   0.188265E-04
   0.123651E+02   0.719997E+03   0.713996E+03   0.439215E-06   0.427248E-06   0.000000E+00   0.718997E+03   0.718997E+03   0.718997E+03  -0.335157E-04   0.612349E+03   0.611741E+03   0.143438E-04
   0.151028E+02   0.502046E+03   0.497711E+03   0.205264E-06   0.199673E-06   0.000000E+00   0.501323E+03   0.501323E+03   0.501323E+03  -0.233689E-04   0.426973E+03   0.426391E+03   0.112360E-04
   0.184466E+02   0.349558E+03   0.346384E+03   0.957817E-07   0.931738E-07   0.000000E+00   0.349029E+03   0.349029E+03   0.349029E+03  -0.162698E-04   0.297276E+03   0.296707E+03   0.899528E-05
   0.225307E+02   0.243049E+03   0.240680E+03   0.446281E-07   0.434137E-07   0.000000E+00   0.242654E+03   0.242654E+03   0.242654E+03  -0.113112E-04   0.206685E+03   0.206120E+03   0.731860E-05
   0.275191E+02   0.168769E+03   0.166957E+03   0.207633E-07   0.201988E-07   0.000000E+00   0.168467E+03   0.168467E+03   0.168467E+03  -0.785301E-05   0.143507E+03   0.142939E+03   0.602258E-05
   0.336118E+02   0.117041E+03   0.115612E+03   0.964572E-08   0.938381E-08   0.000000E+00   0.116803E+03   0.116803E+03   0.116803E+03  -0.544471E-05   0.995094E+02   0.989337E+02   0.499380E-05
   0.410536E+02   0.810664E+02   0.798979E+02   0.447390E-08   0.435265E-08   0.000000E+00   0.808716E+02   0.808716E+02   0.808716E+02  -0.376979E-05   0.689103E+02   0.683246E+02   0.416010E-05
   0.501430E+02   0.560783E+02   0.550865E+02   0.207147E-08   0.201549E-08   0.000000E+00   0.559130E+02   0.559130E+02   0.559130E+02  -0.260635E-05   0.476559E+02   0.470585E+02   0.347390E-05
   0.612448E+02   0.387421E+02   0.378685E+02   0.957174E-09   0.931419E-09   0.000000E+00   0.385965E+02   0.385965E+02   0.385965E+02  -0.179915E-05   0.329097E+02   0.323001E+02   0.290251E-05
   0.748045E+02   0.267277E+02   0.259324E+02   0.441194E-09   0.429398E-09   0.000000E+00   0.265951E+02   0.265951E+02   0.265951E+02  -0.123972E-05   0.226900E+02   0.220686E+02   0.242247E-05
   0.913665E+02   0.184099E+02   0.176662E+02   0.202719E-09   0.197351E-09   0.000000E+00   0.182860E+02   0.182860E+02   0.182860E+02  -0.852391E-06   0.156145E+02   0.149828E+02   0.201619E-05
   0.111595E+03   0.126570E+02   0.119475E+02   0.927562E-10   0.903350E-10   0.000000E+00   0.125388E+02   0.125388E+02   0.125388E+02  -0.584489E-06   0.107207E+02   0.100816E+02   0.167003E-05
