#          k/h    CDM            baryon         photon         nu             mass_nu        total          no_nu          total_de       Weyl           v_CDM          v_b            v_b-v_c     
   0.102819E-04   0.186193E+07   0.186193E+07   0.248247E+07   0.248247E+07   0.000000E+00   0.186193E+07   0.186193E+07   0.187114E+07  -0.600691E+00   0.185859E+07   0.185859E+07   0.223413E+00
   0.113644E-04   0.186193E+07   0.186193E+07   0.248244E+07   0.248244E+07   0.000000E+00   0.186193E+07   0.186193E+07   0.187114E+07  -0.600691E+00   0.185859E+07   0.185859E+07   0.246933E+00
   0.125608E-04   0.186193E+07   0.186193E+07   0.248241E+07   0.248241E+07   0.000000E+00   0.186193E+07   0.186193E+07   0.187114E+07  -0.600691E+00   0.185859E+07   0.185859E+07   0.272927E+00
   0.138832E-04   0.186193E+07   0.186193E+07   0.248238E+07   0.248237E+07   0.000000E+00   0.186193E+07   0.186193E+07   0.187114E+07  -0.600691E+00   0.185859E+07   0.185859E+07   0.301658E+00
   0.153447E-04   0.186193E+07   0.186193E+07   0.248233E+07   0.248233E+07   0.000000E+00   0.186193E+07   0.186193E+07   0.187114E+07  -0.600691E+00   0.185859E+07   0.185859E+07   0.333412E+00
   0.169602E-04   0.186193E+07   0.186193E+07   0.248227E+07   0.248227E+07   0.000000E+00   0.186193E+07   0.186193E+07   0.187114E+07  -0.600690E+00   0.185859E+07   0.185859E+07   0.368509E+00
   0.187457E-04   0.186193E+07   0.186193E+07   0.248221E+07   0.248220E+07   0.000000E+00   0.186193E+07   0.186193E+07   0.187114E+07  -0.600690E+00   0.185859E+07   0.185859E+07   0.407298E+00
   0.207192E-04   0.186193E+07   0.186193E+07   0.248212E+07   0.248212E+07   0.000000E+00   0.186193E+07   0.186193E+07   0.187114E+07  -0.600689E+00   0.185859E+07   0.185859E+07   0.450170E+00
   0.229004E-04   0.186193E+07   0.186193E+07   0.248202E+07   0.248201E+07   0.000000E+00   0.186193E+07   0.186193E+07   0.187114E+07  -0.600689E+00   0.185858E+07   0.185858E+07   0.497552E+00
   0.253113E-04   0.186193E+07   0.186193E+07   0.248190E+07   0.248189E+07   0.000000E+00   0.186193E+07   0.186193E+07   0.187114E+07  -0.600688E+00   0.185858E+07   0.185858E+07   0.549918E+00
   0.279760E-04   0.186193E+07   0.186193E+07   0.248175E+07   0.248174E+07   0.000000E+00   0.186193E+07   0.186193E+07   0.187113E+07  -0.600687E+00   0.185858E+07   0.185858E+07   0.607793E+00
   0.309213E-04   0.186192E+07   0.186192E+07   0.248156E+07   0.248155E+07   0.000000E+00   0.186192E+07   0.186192E+07   0.187113E+07  -0.600686E+00   0.185858E+07   0.185858E+07   0.671754E+00
   0.341766E-04   0.186192E+07   0.186192E+07   0.248134E+07   0.248132E+07   0.000000E+00   0.186192E+07   0.186192E+07   0.187113E+07  -0.600685E+00   0.185858E+07   0.185858E+07   0.742439E+00
   0.377746E-04   0.186192E+07   0.186192E+07   0.248106E+07   0.248104E+07   0.000000E+00   0.186192E+07   0.186192E+07   0.187112E+07  -0.600684E+00   0.185857E+07   0.185857E+07   0.820554E+00
   0.417514E-04   0.186191E+07   0.186191E+07   0.248073E+07   0.248070E+07   0.000000E+00   0.186191E+07   0.186191E+07   0.187112E+07  -0.600682E+00   0.185857E+07   0.185857E+07   0.906876E+00
   0.461468E-04   0.186191E+07   0.186191E+07   0.248031E+07   0.248028E+07   0.000000E+00   0.186191E+07   0.186191E+07   0.187111E+07  -0.600680E+00   0.185857E+07   0.185857E+07   0.100226E+01
   0.510050E-04   0.186190E+07   0.186190E+07   0.247981E+07   0.247977E+07   0.000000E+00   0.186190E+07   0.186190E+07   0.187110E+07  -0.600677E+00   0.185856E+07   0.185856E+07   0.110766E+01
   0.563747E-04   0.186190E+07   0.186190E+07   0.247920E+07   0.247915E+07   0.000000E+00   0.186190E+07   0.186190E+07   0.187109E+07  -0.600674E+00   0.185855E+07   0.185855E+07   0.122412E+01
   0.623096E-04   0.186189E+07   0.186189E+07   0.247845E+07   0.247839E+07   0.000000E+00   0.186189E+07   0.186189E+07   0.187108E+07  -0.600670E+00   0.185854E+07   0.185854E+07   0.135278E+01
   0.688694E-04   0.186188E+07   0.186188E+07   0.247754E+07   0.247746E+07   0.000000E+00   0.186188E+07   0.186188E+07   0.187107E+07  -0.600665E+00   0.185853E+07   0.185853E+07   0.149491E+01
   0.761198E-04   0.186186E+07   0.186186E+07   0.247642E+07   0.247632E+07   0.000000E+00   0.186186E+07   0.186186E+07   0.187105E+07  -0.600660E+00   0.185852E+07   0.185852E+07   0.165191E+01
   0.841334E-04   0.186185E+07   0.186185E+07   0.247505E+07   0.247494E+07   0.000000E+00   0.186185E+07   0.186185E+07   0.187103E+07  -0.600652E+00   0.185851E+07   0.185850E+07   0.182530E+01
   0.929907E-04   0.186183E+07   0.186183E+07   0.247339E+07   0.247325E+07   0.000000E+00   0.186183E+07   0.186183E+07   0.187100E+07  -0.600644E+00   0.185849E+07   0.185849E+07   0.201676E+01
   0.102781E-03   0.186180E+07   0.186180E+07   0.247136E+07   0.247118E+07   0.000000E+00   0.186180E+07   0.186180E+07   0.187097E+07  -0.600633E+00   0.185846E+07   0.185846E+07   0.222813E+01
   0.113601E-03   0.186178E+07   0.186177E+07   0.246888E+07   0.246866E+07   0.000000E+00   0.186178E+07   0.186178E+07   0.187093E+07  -0.600620E+00   0.185843E+07   0.185843E+07   0.246143E+01
   0.125560E-03   0.186174E+07   0.186174E+07   0.246585E+07   0.246559E+07   0.000000E+00   0.186174E+07   0.186174E+07   0.187089E+07  -0.600604E+00   0.185840E+07   0.185840E+07   0.271884E+01
   0.138779E-03   0.186170E+07   0.186169E+07   0.246215E+07   0.246184E+07   0.000000E+00   0.186170E+07   0.186170E+07   0.187083E+07  -0.600585E+00   0.185836E+07   0.185836E+07   0.300276E+01
   0.153389E-03   0.186164E+07   0.186164E+07   0.245765E+07   0.245726E+07   0.000000E+00   0.186164E+07   0.186164E+07   0.187076E+07  -0.600561E+00   0.185831E+07   0.185830E+07   0.331575E+01
   0.169538E-03   0.186158E+07   0.186158E+07   0.245215E+07   0.245169E+07   0.000000E+00   0.186158E+07   0.186158E+07   0.187068E+07  -0.600532E+00   0.185824E+07   0.185824E+07   0.366060E+01
   0.187386E-03   0.186150E+07   0.186150E+07   0.244545E+07   0.244489E+07   0.000000E+00   0.186150E+07   0.186150E+07   0.187057E+07  -0.600497E+00   0.185817E+07   0.185816E+07   0.404030E+01
   0.207114E-03   0.186140E+07   0.186140E+07   0.243729E+07   0.243661E+07   0.000000E+00   0.186140E+07   0.186140E+07   0.187044E+07  -0.600453E+00   0.185807E+07   0.185807E+07   0.445799E+01
   0.228918E-03   0.186129E+07   0.186128E+07   0.242736E+07   0.242652E+07   0.000000E+00   0.186129E+07   0.186129E+07   0.187029E+07  -0.600401E+00   0.185796E+07   0.185795E+07   0.491700E+01
   0.253018E-03   0.186114E+07   0.186114E+07   0.241528E+07   0.241426E+07   0.000000E+00   0.186114E+07   0.186114E+07   0.187010E+07  -0.600337E+00   0.185782E+07   0.185781E+07   0.542076E+01
   0.279655E-03   0.186097E+07   0.186096E+07   0.240059E+07   0.239936E+07   0.000000E+00   0.186097E+07   0.186097E+07   0.186987E+07  -0.600258E+00   0.185764E+07   0.185764E+07   0.597275E+01
   0.309096E-03   0.186075E+07   0.186074E+07   0.238276E+07   0.238127E+07   0.000000E+00   0.186075E+07   0.186075E+07   0.186959E+07  -0.600163E+00   0.185743E+07   0.185743E+07   0.657644E+01
   0.341636E-03   0.186049E+07   0.186048E+07   0.236114E+07   0.235934E+07   0.000000E+00   0.186049E+07   0.186049E+07   0.186925E+07  -0.600047E+00   0.185718E+07   0.185718E+07   0.723506E+01
   0.377603E-03   0.186018E+07   0.186016E+07   0.233498E+07   0.233282E+07   0.000000E+00   0.186017E+07   0.186017E+07   0.186883E+07  -0.599905E+00   0.185687E+07   0.185686E+07   0.795153E+01
   0.417356E-03   0.185979E+07   0.185977E+07   0.230339E+07   0.230079E+07   0.000000E+00   0.185979E+07   0.185979E+07   0.186833E+07  -0.599733E+00   0.185649E+07   0.185648E+07   0.872808E+01
   0.461294E-03   0.185932E+07   0.185930E+07   0.226533E+07   0.226222E+07   0.000000E+00   0.185931E+07   0.185931E+07   0.186771E+07  -0.599524E+00   0.185602E+07   0.185602E+07   0.956600E+01
   0.509857E-03   0.185874E+07   0.185872E+07   0.221963E+07   0.221592E+07   0.000000E+00   0.185874E+07   0.185874E+07   0.186697E+07  -0.599270E+00   0.185546E+07   0.185545E+07   0.104651E+02
   0.563534E-03   0.185804E+07   0.185801E+07   0.216496E+07   0.216057E+07   0.000000E+00   0.185804E+07   0.185804E+07   0.186606E+07  -0.598962E+00   0.185477E+07   0.185476E+07   0.114233E+02
   0.622861E-03   0.185720E+07   0.185716E+07   0.209987E+07   0.209472E+07   0.000000E+00   0.185719E+07   0.185719E+07   0.186497E+07  -0.598589E+00   0.185394E+07   0.185393E+07   0.124356E+02
   0.688433E-03   0.185616E+07   0.185612E+07   0.202284E+07   0.201684E+07   0.000000E+00   0.185616E+07   0.185616E+07   0.186365E+07  -0.598139E+00   0.185292E+07   0.185291E+07   0.134935E+02
   0.760910E-03   0.185491E+07   0.185486E+07   0.193231E+07   0.192541E+07   0.000000E+00   0.185490E+07   0.185490E+07   0.186206E+07  -0.597596E+00   0.185169E+07   0.185167E+07   0.145842E+02
   0.841016E-03   0.185340E+07   0.185333E+07   0.182687E+07   0.181905E+07   0.000000E+00   0.185339E+07   0.185339E+07   0.186016E+07  -0.596943E+00   0.185020E+07   0.185018E+07   0.156889E+02
   0.929556E-03   0.185157E+07   0.185149E+07   0.170542E+07   0.169671E+07   0.000000E+00   0.185156E+07   0.185156E+07   0.185787E+07  -0.596162E+00   0.184839E+07   0.184837E+07   0.167828E+02
   0.102742E-02   0.184937E+07   0.184926E+07   0.156741E+07   0.155793E+07   0.000000E+00   0.184935E+07   0.184935E+07   0.185515E+07  -0.595230E+00   0.184621E+07   0.184618E+07   0.178339E+02
   0.113558E-02   0.184672E+07   0.184659E+07   0.141326E+07   0.140326E+07   0.000000E+00   0.184670E+07   0.184670E+07   0.185193E+07  -0.594123E+00   0.184357E+07   0.184354E+07   0.188035E+02
   0.125513E-02   0.184355E+07   0.184339E+07   0.124472E+07   0.123459E+07   0.000000E+00   0.184352E+07   0.184352E+07   0.184813E+07  -0.592816E+00   0.184041E+07   0.184038E+07   0.196478E+02
   0.138727E-02   0.183976E+07   0.183957E+07   0.106539E+07   0.105569E+07   0.000000E+00   0.183973E+07   0.183973E+07   0.184367E+07  -0.591283E+00   0.183663E+07   0.183659E+07   0.203215E+02
   0.153331E-02   0.183526E+07   0.183502E+07   0.881047E+06   0.872499E+06   0.000000E+00   0.183522E+07   0.183522E+07   0.183848E+07  -0.589497E+00   0.183212E+07   0.183207E+07   0.207840E+02
   0.169474E-02   0.182994E+07   0.182965E+07   0.699846E+06   0.693246E+06   0.000000E+00   0.182990E+07   0.182990E+07   0.183248E+07  -0.587433E+00   0.182677E+07   0.182671E+07   0.210098E+02
   0.187315E-02   0.182369E+07   0.182334E+07   0.531876E+06   0.527957E+06   0.000000E+00   0.182363E+07   0.182363E+07   0.182560E+07  -0.585068E+00   0.182046E+07   0.182040E+07   0.210010E+02
   0.207035E-02   0.181639E+07   0.181596E+07   0.387970E+06   0.387156E+06   0.000000E+00   0.181632E+07   0.181632E+07   0.181776E+07  -0.582382E+00   0.181306E+07   0.181300E+07   0.208009E+02
   0.228831E-02   0.180793E+07   0.180740E+07   0.277433E+06   0.279540E+06   0.000000E+00   0.180784E+07   0.180784E+07   0.180887E+07  -0.579355E+00   0.180446E+07   0.180439E+07   0.205035E+02
   0.252922E-02   0.179818E+07   0.179754E+07   0.204897E+06   0.208898E+06   0.000000E+00   0.179807E+07   0.179807E+07   0.179884E+07  -0.575968E+00   0.179454E+07   0.179447E+07   0.202506E+02
   0.279549E-02   0.178704E+07   0.178626E+07   0.167215E+06   0.171297E+06   0.000000E+00   0.178691E+07   0.178691E+07   0.178754E+07  -0.572194E+00   0.178320E+07   0.178311E+07   0.202058E+02
   0.308979E-02   0.177441E+07   0.177346E+07   0.152344E+06   0.154489E+06   0.000000E+00   0.177425E+07   0.177425E+07   0.177482E+07  -0.567999E+00   0.177034E+07   0.177024E+07   0.205042E+02
   0.341507E-02   0.176015E+07   0.175900E+07   0.142614E+06   0.141739E+06   0.000000E+00   0.175996E+07   0.175996E+07   0.176049E+07  -0.563332E+00   0.175587E+07   0.175576E+07   0.211869E+02
   0.377460E-02   0.174417E+07   0.174277E+07   0.123283E+06   0.120335E+06   0.000000E+00   0.174394E+07   0.174394E+07   0.174439E+07  -0.558136E+00   0.173969E+07   0.173956E+07   0.221635E+02
   0.417198E-02   0.172632E+07   0.172463E+07   0.925298E+05   0.902673E+05   0.000000E+00   0.172604E+07   0.172604E+07   0.172638E+07  -0.552349E+00   0.172168E+07   0.172154E+07   0.232534E+02
   0.461119E-02   0.170648E+07   0.170442E+07   0.633578E+05   0.639338E+05   0.000000E+00   0.170614E+07   0.170614E+07   0.170638E+07  -0.545920E+00   0.170172E+07   0.170155E+07   0.243257E+02
   0.509664E-02   0.168451E+07   0.168201E+07   0.498605E+05   0.519697E+05   0.000000E+00   0.168409E+07   0.168409E+07   0.168428E+07  -0.538812E+00   0.167962E+07   0.167943E+07   0.254349E+02
   0.563320E-02   0.166026E+07   0.165724E+07   0.481995E+05   0.452907E+05   0.000000E+00   0.165975E+07   0.165975E+07   0.165993E+07  -0.530990E+00   0.165526E+07   0.165503E+07   0.267668E+02
   0.622625E-02   0.163360E+07   0.162995E+07   0.408997E+05   0.364848E+05   0.000000E+00   0.163299E+07   0.163299E+07   0.163314E+07  -0.522402E+00   0.162849E+07   0.162822E+07   0.283747E+02
   0.688173E-02   0.160439E+07   0.159999E+07   0.270000E+05   0.293360E+05   0.000000E+00   0.160366E+07   0.160366E+07   0.160376E+07  -0.512996E+00   0.159918E+07   0.159887E+07   0.300882E+02
   0.760622E-02   0.157250E+07   0.156720E+07   0.225338E+05   0.235378E+05   0.000000E+00   0.157162E+07   0.157162E+07   0.157170E+07  -0.502725E+00   0.156719E+07   0.156682E+07   0.318484E+02
   0.840698E-02   0.153778E+07   0.153141E+07   0.212358E+05   0.188418E+05   0.000000E+00   0.153672E+07   0.153672E+07   0.153679E+07  -0.491547E+00   0.153235E+07   0.153192E+07   0.338116E+02
   0.929204E-02   0.150009E+07   0.149245E+07   0.135613E+05   0.150448E+05   0.000000E+00   0.149881E+07   0.149881E+07   0.149887E+07  -0.479412E+00   0.149453E+07   0.149403E+07   0.359049E+02
   0.102703E-01   0.145929E+07   0.145016E+07   0.128911E+05   0.119789E+05   0.000000E+00   0.145777E+07   0.145777E+07   0.145781E+07  -0.466272E+00   0.145359E+07   0.145300E+07   0.380362E+02
   0.113515E-01   0.141525E+07   0.140436E+07   0.914391E+04   0.950795E+04   0.000000E+00   0.141343E+07   0.141343E+07   0.141347E+07  -0.452085E+00   0.140938E+07   0.140869E+07   0.402843E+02
   0.125466E-01   0.136783E+07   0.135492E+07   0.803206E+04   0.752024E+04   0.000000E+00   0.136568E+07   0.136568E+07   0.136571E+07  -0.436804E+00   0.136176E+07   0.136096E+07   0.425067E+02
   0.138674E-01   0.131692E+07   0.130168E+07   0.542849E+04   0.592480E+04   0.000000E+00   0.131438E+07   0.131438E+07   0.131440E+07  -0.420393E+00   0.131063E+07   0.130969E+07   0.447147E+02
   0.153273E-01   0.126245E+07   0.124457E+07   0.519989E+04   0.464722E+04   0.000000E+00   0.125947E+07   0.125947E+07   0.125949E+07  -0.402825E+00   0.125588E+07   0.125480E+07   0.467747E+02
   0.169409E-01   0.120437E+07   0.118354E+07   0.364812E+04   0.362714E+04   0.000000E+00   0.120090E+07   0.120090E+07   0.120091E+07  -0.384090E+00   0.119751E+07   0.119626E+07   0.486135E+02
   0.187244E-01   0.114275E+07   0.111871E+07   0.256512E+04   0.281531E+04   0.000000E+00   0.113874E+07   0.113874E+07   0.113875E+07  -0.364208E+00   0.113556E+07   0.113414E+07   0.500941E+02
   0.206957E-01   0.107776E+07   0.105031E+07   0.205956E+04   0.217175E+04   0.000000E+00   0.107319E+07   0.107319E+07   0.107320E+07  -0.343240E+00   0.107022E+07   0.106863E+07   0.510554E+02
   0.228745E-01   0.100978E+07   0.978851E+06   0.168521E+04   0.166405E+04   0.000000E+00   0.100463E+07   0.100463E+07   0.100464E+07  -0.321311E+00   0.100189E+07   0.100012E+07   0.513218E+02
   0.252826E-01   0.939432E+06   0.905147E+06   0.154147E+04   0.126589E+04   0.000000E+00   0.933717E+06   0.933717E+06   0.933723E+06  -0.298631E+00   0.931220E+06   0.929281E+06   0.507016E+02
   0.279443E-01   0.867644E+06   0.830407E+06   0.832053E+03   0.955926E+03   0.000000E+00   0.861438E+06   0.861438E+06   0.861441E+06  -0.275512E+00   0.859177E+06   0.857106E+06   0.490073E+02
   0.308862E-01   0.795725E+06   0.756282E+06   0.854832E+03   0.716764E+03   0.000000E+00   0.789151E+06   0.789151E+06   0.789154E+06  -0.252392E+00   0.787119E+06   0.784967E+06   0.460789E+02
   0.341378E-01   0.725339E+06   0.684835E+06   0.594244E+03   0.534218E+03   0.000000E+00   0.718588E+06   0.718588E+06   0.718590E+06  -0.229824E+00   0.716769E+06   0.714609E+06   0.418415E+02
   0.377317E-01   0.658413E+06   0.618387E+06   0.433735E+03   0.396598E+03   0.000000E+00   0.651742E+06   0.651742E+06   0.651743E+06  -0.208444E+00   0.650110E+06   0.648036E+06   0.363431E+02
   0.417040E-01   0.596895E+06   0.559177E+06   0.263638E+03   0.294195E+03   0.000000E+00   0.590608E+06   0.590608E+06   0.590609E+06  -0.188892E+00   0.589128E+06   0.587247E+06   0.298227E+02
   0.458744E-01   0.544578E+06   0.510803E+06   0.229145E+03   0.221887E+03   0.000000E+00   0.538949E+06   0.538949E+06   0.538950E+06  -0.172370E+00   0.537578E+06   0.535976E+06   0.230921E+02
   0.500448E-01   0.503219E+06   0.474285E+06   0.178082E+03   0.172441E+03   0.000000E+00   0.498396E+06   0.498396E+06   0.498397E+06  -0.159400E+00   0.497097E+06   0.495809E+06   0.170090E+02
   0.542152E-01   0.469762E+06   0.445860E+06   0.141832E+03   0.137338E+03   0.000000E+00   0.465778E+06   0.465778E+06   0.465779E+06  -0.148968E+00   0.464526E+06   0.463546E+06   0.119540E+02
   0.583856E-01   0.441815E+06   0.422511E+06   0.115177E+03   0.111526E+03   0.000000E+00   0.438598E+06   0.438598E+06   0.438598E+06  -0.140275E+00   0.437385E+06   0.436668E+06   0.811980E+01
   0.625560E-01   0.417333E+06   0.401724E+06   0.948848E+02   0.918771E+02   0.000000E+00   0.414732E+06   0.414732E+06   0.414732E+06  -0.132642E+00   0.413559E+06   0.413036E+06   0.552442E+01
   0.667264E-01   0.394577E+06   0.381503E+06   0.789102E+02   0.764086E+02   0.000000E+00   0.392398E+06   0.392398E+06   0.392398E+06  -0.125499E+00   0.391274E+06   0.390866E+06   0.404533E+01
   0.708968E-01   0.372432E+06   0.360688E+06   0.659954E+02   0.639032E+02   0.000000E+00   0.370475E+06   0.370475E+06   0.370475E+06  -0.118487E+00   0.369411E+06   0.369040E+06   0.346299E+01
   0.750672E-01   0.350413E+06   0.338940E+06   0.553721E+02   0.536168E+02   0.000000E+00   0.348501E+06   0.348501E+06   0.348501E+06  -0.111459E+00   0.347508E+06   0.347110E+06   0.350649E+01
   0.792376E-01   0.328581E+06   0.316606E+06   0.465670E+02   0.450910E+02   0.000000E+00   0.326585E+06   0.326585E+06   0.326585E+06  -0.104450E+00   0.325670E+06   0.325203E+06   0.389770E+01
   0.834080E-01   0.307343E+06   0.294452E+06   0.392689E+02   0.380245E+02   0.000000E+00   0.305195E+06   0.305195E+06   0.305195E+06  -0.976089E-01   0.304359E+06   0.303805E+06   0.438870E+01
   0.875784E-01   0.287213E+06   0.273350E+06   0.332451E+02   0.321917E+02   0.000000E+00   0.284902E+06   0.284902E+06   0.284902E+06  -0.911188E-01   0.284141E+06   0.283507E+06   0.478848E+01
   0.927733E-01   0.264433E+06   0.249741E+06   0.272389E+02   0.263760E+02   0.000000E+00   0.261985E+06   0.261985E+06   0.261985E+06  -0.837892E-01   0.261304E+06   0.260605E+06   0.498259E+01
   0.979682E-01   0.244947E+06   0.230181E+06   0.226068E+02   0.218907E+02   0.000000E+00   0.242486E+06   0.242486E+06   0.242486E+06  -0.775529E-01   0.241865E+06   0.241159E+06   0.476941E+01
   0.103163E+00   0.229142E+06   0.215153E+06   0.190695E+02   0.184655E+02   0.000000E+00   0.226810E+06   0.226810E+06   0.226810E+06  -0.725395E-01   0.226229E+06   0.225573E+06   0.420312E+01
   0.108358E+00   0.216732E+06   0.204211E+06   0.163594E+02   0.158411E+02   0.000000E+00   0.214645E+06   0.214645E+06   0.214645E+06  -0.686487E-01   0.214085E+06   0.213524E+06   0.342441E+01
   0.113553E+00   0.206848E+06   0.196159E+06   0.142342E+02   0.137832E+02   0.000000E+00   0.205067E+06   0.205067E+06   0.205067E+06  -0.655854E-01   0.204517E+06   0.204070E+06   0.260344E+01
   0.118748E+00   0.198438E+06   0.189561E+06   0.125034E+02   0.121071E+02   0.000000E+00   0.196959E+06   0.196959E+06   0.196959E+06  -0.629922E-01   0.196416E+06   0.196077E+06   0.188998E+01
   0.123943E+00   0.190580E+06   0.183169E+06   0.110349E+02   0.106851E+02   0.000000E+00   0.189345E+06   0.189345E+06   0.189345E+06  -0.605570E-01   0.188812E+06   0.188553E+06   0.138074E+01
   0.129137E+00   0.182608E+06   0.176119E+06   0.974585E+01   0.943691E+01   0.000000E+00   0.181527E+06   0.181527E+06   0.181527E+06  -0.580567E-01   0.181011E+06   0.180795E+06   0.110740E+01
   0.134332E+00   0.174184E+06   0.168035E+06   0.859139E+01   0.831905E+01   0.000000E+00   0.173159E+06   0.173159E+06   0.173159E+06  -0.553805E-01   0.172668E+06   0.172456E+06   0.104303E+01
   0.139527E+00   0.165326E+06   0.159041E+06   0.755456E+01   0.731511E+01   0.000000E+00   0.164278E+06   0.164278E+06   0.164278E+06  -0.525403E-01   0.163818E+06   0.163582E+06   0.112105E+01
   0.144722E+00   0.156331E+06   0.149636E+06   0.663379E+01   0.642356E+01   0.000000E+00   0.155216E+06   0.155216E+06   0.155216E+06  -0.496417E-01   0.154789E+06   0.154514E+06   0.125940E+01
   0.149917E+00   0.147626E+06   0.140478E+06   0.583153E+01   0.564676E+01   0.000000E+00   0.146435E+06   0.146435E+06   0.146435E+06  -0.468334E-01   0.146041E+06   0.145728E+06   0.138294E+01
   0.155112E+00   0.139638E+06   0.132195E+06   0.514797E+01   0.498488E+01   0.000000E+00   0.138398E+06   0.138398E+06   0.138398E+06  -0.442631E-01   0.138033E+06   0.137695E+06   0.143933E+01
   0.160307E+00   0.132698E+06   0.125241E+06   0.457771E+01   0.443269E+01   0.000000E+00   0.131456E+06   0.131456E+06   0.131456E+06  -0.420427E-01   0.131112E+06   0.130771E+06   0.140618E+01
   0.165502E+00   0.126929E+06   0.119770E+06   0.410802E+01   0.397789E+01   0.000000E+00   0.125736E+06   0.125736E+06   0.125736E+06  -0.402135E-01   0.125407E+06   0.125084E+06   0.128981E+01
   0.170696E+00   0.122217E+06   0.115610E+06   0.372010E+01   0.360225E+01   0.000000E+00   0.121115E+06   0.121115E+06   0.121115E+06  -0.387357E-01   0.120795E+06   0.120506E+06   0.111743E+01
   0.175891E+00   0.118283E+06   0.112366E+06   0.339346E+01   0.328594E+01   0.000000E+00   0.117296E+06   0.117296E+06   0.117296E+06  -0.375143E-01   0.116981E+06   0.116734E+06   0.925864E+00
   0.181086E+00   0.114798E+06   0.109575E+06   0.310992E+01   0.301137E+01   0.000000E+00   0.113928E+06   0.113928E+06   0.113928E+06  -0.364368E-01   0.113615E+06   0.113410E+06   0.750444E+00
   0.186281E+00   0.111451E+06   0.106806E+06   0.285526E+01   0.276477E+01   0.000000E+00   0.110677E+06   0.110677E+06   0.110677E+06  -0.353971E-01   0.110369E+06   0.110195E+06   0.616787E+00
   0.191476E+00   0.107996E+06   0.103738E+06   0.261976E+01   0.253673E+01   0.000000E+00   0.107286E+06   0.107286E+06   0.107287E+06  -0.343128E-01   0.106986E+06   0.106831E+06   0.536581E+00
   0.196671E+00   0.104310E+06   0.100228E+06   0.239856E+01   0.232254E+01   0.000000E+00   0.103630E+06   0.103630E+06   0.103630E+06  -0.331434E-01   0.103340E+06   0.103189E+06   0.507443E+00
   0.201866E+00   0.100414E+06   0.963279E+05   0.219098E+01   0.212154E+01   0.000000E+00   0.997327E+05   0.997327E+05   0.997327E+05  -0.318970E-01   0.994556E+05   0.992980E+05   0.516154E+00
   0.207060E+00   0.964291E+05   0.922297E+05   0.199869E+01   0.193535E+01   0.000000E+00   0.957292E+05   0.957292E+05   0.957292E+05  -0.306165E-01   0.954663E+05   0.952960E+05   0.543902E+00
   0.212255E+00   0.925221E+05   0.881810E+05   0.182382E+01   0.176602E+01   0.000000E+00   0.917986E+05   0.917986E+05   0.917986E+05  -0.293594E-01   0.915498E+05   0.913662E+05   0.571838E+00
   0.217450E+00   0.888561E+05   0.844199E+05   0.166791E+01   0.161506E+01   0.000000E+00   0.881167E+05   0.881167E+05   0.881167E+05  -0.281819E-01   0.878806E+05   0.876880E+05   0.585465E+00
   0.222645E+00   0.855576E+05   0.811227E+05   0.153138E+01   0.148286E+01   0.000000E+00   0.848185E+05   0.848185E+05   0.848185E+05  -0.271270E-01   0.845927E+05   0.843983E+05   0.577112E+00
   0.227840E+00   0.826832E+05   0.783630E+05   0.141311E+01   0.136834E+01   0.000000E+00   0.819632E+05   0.819632E+05   0.819632E+05  -0.262138E-01   0.817451E+05   0.815568E+05   0.546355E+00
   0.233035E+00   0.802097E+05   0.761031E+05   0.131067E+01   0.126915E+01   0.000000E+00   0.795253E+05   0.795253E+05   0.795253E+05  -0.254341E-01   0.793126E+05   0.791368E+05   0.498669E+00
   0.238230E+00   0.780558E+05   0.742241E+05   0.122095E+01   0.118226E+01   0.000000E+00   0.774172E+05   0.774172E+05   0.774172E+05  -0.247599E-01   0.772082E+05   0.770486E+05   0.442939E+00
   0.243425E+00   0.761101E+05   0.725665E+05   0.114080E+01   0.110465E+01   0.000000E+00   0.755195E+05   0.755195E+05   0.755195E+05  -0.241530E-01   0.753136E+05   0.751705E+05   0.388653E+00
   0.248619E+00   0.742521E+05   0.709647E+05   0.106739E+01   0.103356E+01   0.000000E+00   0.737042E+05   0.737042E+05   0.737042E+05  -0.235724E-01   0.735015E+05   0.733723E+05   0.343512E+00
   0.253814E+00   0.723772E+05   0.692825E+05   0.998565E+00   0.966918E+00   0.000000E+00   0.718614E+05   0.718614E+05   0.718614E+05  -0.229830E-01   0.716628E+05   0.715430E+05   0.311933E+00
   0.259009E+00   0.704281E+05   0.674497E+05   0.933166E+00   0.903592E+00   0.000000E+00   0.699317E+05   0.699317E+05   0.699317E+05  -0.223659E-01   0.697382E+05   0.696228E+05   0.294606E+00
   0.264204E+00   0.684060E+05   0.654737E+05   0.870981E+00   0.843378E+00   0.000000E+00   0.679172E+05   0.679172E+05   0.679173E+05  -0.217216E-01   0.677299E+05   0.676144E+05   0.289002E+00
   0.269399E+00   0.663513E+05   0.634164E+05   0.812338E+00   0.786595E+00   0.000000E+00   0.658621E+05   0.658621E+05   0.658621E+05  -0.210643E-01   0.656814E+05   0.655631E+05   0.290565E+00
   0.274594E+00   0.643183E+05   0.613603E+05   0.757681E+00   0.733672E+00   0.000000E+00   0.638253E+05   0.638253E+05   0.638253E+05  -0.204129E-01   0.636514E+05   0.635292E+05   0.294153E+00
   0.279789E+00   0.623630E+05   0.593896E+05   0.707394E+00   0.684979E+00   0.000000E+00   0.618675E+05   0.618675E+05   0.618675E+05  -0.197867E-01   0.617000E+05   0.615751E+05   0.295333E+00
   0.284984E+00   0.605381E+05   0.575779E+05   0.661735E+00   0.640767E+00   0.000000E+00   0.600447E+05   0.600447E+05   0.600447E+05  -0.192038E-01   0.598829E+05   0.597574E+05   0.291262E+00
   0.290178E+00   0.588784E+05   0.559704E+05   0.620699E+00   0.601032E+00   0.000000E+00   0.583937E+05   0.583937E+05   0.583937E+05  -0.186757E-01   0.582365E+05   0.581132E+05   0.281033E+00
   0.295373E+00   0.573871E+05   0.545689E+05   0.583919E+00   0.565417E+00   0.000000E+00   0.569174E+05   0.569174E+05   0.569174E+05  -0.182036E-01   0.567639E+05   0.566453E+05   0.265518E+00
   0.300568E+00   0.560374E+05   0.533359E+05   0.550742E+00   0.533291E+00   0.000000E+00   0.555871E+05   0.555871E+05   0.555871E+05  -0.177781E-01   0.554367E+05   0.553245E+05   0.246822E+00
   0.305763E+00   0.547882E+05   0.522143E+05   0.520445E+00   0.503953E+00   0.000000E+00   0.543592E+05   0.543592E+05   0.543592E+05  -0.173854E-01   0.542113E+05   0.541061E+05   0.227549E+00
   0.310958E+00   0.535982E+05   0.511462E+05   0.492388E+00   0.476784E+00   0.000000E+00   0.531895E+05   0.531895E+05   0.531895E+05  -0.170113E-01   0.530442E+05   0.529454E+05   0.210087E+00
   0.316153E+00   0.524313E+05   0.500819E+05   0.466051E+00   0.451282E+00   0.000000E+00   0.520397E+05   0.520397E+05   0.520397E+05  -0.166436E-01   0.518970E+05   0.518032E+05   0.196086E+00
   0.321348E+00   0.512597E+05   0.489864E+05   0.441062E+00   0.427084E+00   0.000000E+00   0.508808E+05   0.508808E+05   0.508808E+05  -0.162729E-01   0.507411E+05   0.506506E+05   0.186202E+00
   0.326543E+00   0.500711E+05   0.478470E+05   0.417229E+00   0.404007E+00   0.000000E+00   0.497004E+05   0.497004E+05   0.497004E+05  -0.158954E-01   0.495640E+05   0.494750E+05   0.180124E+00
   0.331737E+00   0.488722E+05   0.466758E+05   0.394545E+00   0.382042E+00   0.000000E+00   0.485061E+05   0.485061E+05   0.485061E+05  -0.155134E-01   0.483733E+05   0.482846E+05   0.176812E+00
   0.336932E+00   0.476831E+05   0.455020E+05   0.373109E+00   0.361286E+00   0.000000E+00   0.473196E+05   0.473196E+05   0.473196E+05  -0.151340E-01   0.471904E+05   0.471013E+05   0.174865E+00
   0.342127E+00   0.465267E+05   0.443587E+05   0.353031E+00   0.341845E+00   0.000000E+00   0.461654E+05   0.461654E+05   0.461654E+05  -0.147648E-01   0.460398E+05   0.459503E+05   0.172910E+00
   0.347322E+00   0.454215E+05   0.432730E+05   0.334368E+00   0.323773E+00   0.000000E+00   0.450634E+05   0.450634E+05   0.450634E+05  -0.144124E-01   0.449412E+05   0.448519E+05   0.169905E+00
   0.352517E+00   0.443799E+05   0.422628E+05   0.317119E+00   0.307070E+00   0.000000E+00   0.440271E+05   0.440271E+05   0.440271E+05  -0.140809E-01   0.439078E+05   0.438196E+05   0.165321E+00
   0.357712E+00   0.434075E+05   0.413351E+05   0.301226E+00   0.291681E+00   0.000000E+00   0.430621E+05   0.430621E+05   0.430621E+05  -0.137723E-01   0.429454E+05   0.428593E+05   0.159156E+00
   0.362907E+00   0.425014E+05   0.404846E+05   0.286570E+00   0.277490E+00   0.000000E+00   0.421652E+05   0.421652E+05   0.421652E+05  -0.134855E-01   0.420508E+05   0.419675E+05   0.151841E+00
   0.368102E+00   0.416497E+05   0.396949E+05   0.272984E+00   0.264334E+00   0.000000E+00   0.413239E+05   0.413239E+05   0.413239E+05  -0.132164E-01   0.412115E+05   0.411313E+05   0.144054E+00
   0.373296E+00   0.408364E+05   0.389439E+05   0.260285E+00   0.252037E+00   0.000000E+00   0.405209E+05   0.405209E+05   0.405209E+05  -0.129596E-01   0.404105E+05   0.403334E+05   0.136517E+00
   0.378491E+00   0.400464E+05   0.382113E+05   0.248316E+00   0.240447E+00   0.000000E+00   0.397405E+05   0.397405E+05   0.397405E+05  -0.127100E-01   0.396320E+05   0.395577E+05   0.129821E+00
   0.383686E+00   0.392689E+05   0.374827E+05   0.236961E+00   0.229452E+00   0.000000E+00   0.389712E+05   0.389712E+05   0.389712E+05  -0.124639E-01   0.388646E+05   0.387925E+05   0.124306E+00
   0.388881E+00   0.384971E+05   0.367499E+05   0.226143E+00   0.218977E+00   0.000000E+00   0.382059E+05   0.382059E+05   0.382059E+05  -0.122192E-01   0.381014E+05   0.380308E+05   0.120029E+00
   0.394076E+00   0.377293E+05   0.360118E+05   0.215822E+00   0.208983E+00   0.000000E+00   0.374430E+05   0.374430E+05   0.374430E+05  -0.119752E-01   0.373407E+05   0.372711E+05   0.116796E+00
   0.399271E+00   0.369689E+05   0.352748E+05   0.205993E+00   0.199465E+00   0.000000E+00   0.366865E+05   0.366865E+05   0.366865E+05  -0.117333E-01   0.365864E+05   0.365174E+05   0.114254E+00
   0.404466E+00   0.362237E+05   0.345498E+05   0.196675E+00   0.190443E+00   0.000000E+00   0.359448E+05   0.359448E+05   0.359448E+05  -0.114960E-01   0.358468E+05   0.357783E+05   0.111994E+00
   0.409661E+00   0.355015E+05   0.338480E+05   0.187883E+00   0.181930E+00   0.000000E+00   0.352259E+05   0.352259E+05   0.352260E+05  -0.112661E-01   0.351301E+05   0.350621E+05   0.109655E+00
   0.414855E+00   0.348072E+05   0.331769E+05   0.179615E+00   0.173924E+00   0.000000E+00   0.345355E+05   0.345355E+05   0.345355E+05  -0.110453E-01   0.344416E+05   0.343745E+05   0.106995E+00
   0.420050E+00   0.341433E+05   0.325403E+05   0.171855E+00   0.166409E+00   0.000000E+00   0.338761E+05   0.338761E+05   0.338761E+05  -0.108344E-01   0.337840E+05   0.337180E+05   0.103921E+00
   0.425245E+00   0.335104E+05   0.319387E+05   0.164575E+00   0.159360E+00   0.000000E+00   0.332485E+05   0.332485E+05   0.332485E+05  -0.106337E-01   0.331580E+05   0.330934E+05   0.100485E+00
   0.430440E+00   0.329068E+05   0.313691E+05   0.157738E+00   0.152740E+00   0.000000E+00   0.326505E+05   0.326505E+05   0.326505E+05  -0.104424E-01   0.325616E+05   0.324986E+05   0.968410E-01
   0.435635E+00   0.323273E+05   0.308247E+05   0.151294E+00   0.146500E+00   0.000000E+00   0.320768E+05   0.320768E+05   0.320768E+05  -0.102589E-01   0.319894E+05   0.319280E+05   0.931915E-01
   0.440830E+00   0.317656E+05   0.302972E+05   0.145189E+00   0.140589E+00   0.000000E+00   0.315209E+05   0.315209E+05   0.315209E+05  -0.100811E-01   0.314349E+05   0.313751E+05   0.897311E-01
   0.446025E+00   0.312169E+05   0.297801E+05   0.139382E+00   0.134966E+00   0.000000E+00   0.309775E+05   0.309775E+05   0.309775E+05  -0.990735E-02   0.308929E+05   0.308345E+05   0.866019E-01
   0.451219E+00   0.306783E+05   0.292697E+05   0.133845E+00   0.129603E+00   0.000000E+00   0.304436E+05   0.304436E+05   0.304436E+05  -0.973660E-02   0.303605E+05   0.303032E+05   0.838699E-01
   0.456414E+00   0.301483E+05   0.287642E+05   0.128555E+00   0.124481E+00   0.000000E+00   0.299176E+05   0.299176E+05   0.299176E+05  -0.956838E-02   0.298360E+05   0.297797E+05   0.815228E-01
   0.461609E+00   0.296262E+05   0.282635E+05   0.123499E+00   0.119586E+00   0.000000E+00   0.293991E+05   0.293991E+05   0.293991E+05  -0.940254E-02   0.293189E+05   0.292634E+05   0.794853E-01
   0.466804E+00   0.291131E+05   0.277698E+05   0.118671E+00   0.114910E+00   0.000000E+00   0.288892E+05   0.288892E+05   0.288892E+05  -0.923947E-02   0.288104E+05   0.287556E+05   0.776459E-01
   0.471999E+00   0.286116E+05   0.272867E+05   0.114070E+00   0.110456E+00   0.000000E+00   0.283908E+05   0.283908E+05   0.283908E+05  -0.908008E-02   0.283134E+05   0.282593E+05   0.758882E-01
   0.477194E+00   0.281246E+05   0.268183E+05   0.109698E+00   0.106221E+00   0.000000E+00   0.279069E+05   0.279069E+05   0.279069E+05  -0.892530E-02   0.278309E+05   0.277774E+05   0.741172E-01
   0.482389E+00   0.276533E+05   0.263664E+05   0.105547E+00   0.102202E+00   0.000000E+00   0.274388E+05   0.274388E+05   0.274388E+05  -0.877561E-02   0.273641E+05   0.273114E+05   0.722761E-01
   0.487584E+00   0.271978E+05   0.259313E+05   0.101608E+00   0.983878E-01   0.000000E+00   0.269867E+05   0.269867E+05   0.269867E+05  -0.863100E-02   0.269132E+05   0.268613E+05   0.703506E-01
   0.492778E+00   0.267573E+05   0.255124E+05   0.978663E-01   0.947651E-01   0.000000E+00   0.265498E+05   0.265498E+05   0.265498E+05  -0.849128E-02   0.264775E+05   0.264266E+05   0.683643E-01
   0.497973E+00   0.263312E+05   0.251083E+05   0.943104E-01   0.913218E-01   0.000000E+00   0.261274E+05   0.261274E+05   0.261274E+05  -0.835617E-02   0.260562E+05   0.260062E+05   0.663656E-01
   0.503168E+00   0.259179E+05   0.247170E+05   0.909251E-01   0.880438E-01   0.000000E+00   0.257178E+05   0.257178E+05   0.257178E+05  -0.822517E-02   0.256477E+05   0.255986E+05   0.644119E-01
   0.508363E+00   0.255152E+05   0.243356E+05   0.876940E-01   0.849151E-01   0.000000E+00   0.253186E+05   0.253186E+05   0.253186E+05  -0.809751E-02   0.252496E+05   0.252015E+05   0.625541E-01
   0.513558E+00   0.251210E+05   0.239614E+05   0.846025E-01   0.819216E-01   0.000000E+00   0.249278E+05   0.249278E+05   0.249278E+05  -0.797251E-02   0.248598E+05   0.248125E+05   0.608258E-01
   0.518753E+00   0.247343E+05   0.235934E+05   0.816405E-01   0.790534E-01   0.000000E+00   0.245441E+05   0.245441E+05   0.245441E+05  -0.784981E-02   0.244772E+05   0.244307E+05   0.592385E-01
   0.523948E+00   0.243549E+05   0.232313E+05   0.788019E-01   0.763048E-01   0.000000E+00   0.241676E+05   0.241676E+05   0.241676E+05  -0.772940E-02   0.241017E+05   0.240559E+05   0.577824E-01
   0.529143E+00   0.239830E+05   0.228755E+05   0.760817E-01   0.736708E-01   0.000000E+00   0.237984E+05   0.237984E+05   0.237984E+05  -0.761130E-02   0.237335E+05   0.236883E+05   0.564315E-01
   0.534337E+00   0.236185E+05   0.225265E+05   0.734750E-01   0.711467E-01   0.000000E+00   0.234365E+05   0.234365E+05   0.234365E+05  -0.749557E-02   0.233726E+05   0.233280E+05   0.551522E-01
   0.539532E+00   0.232620E+05   0.221849E+05   0.709782E-01   0.687290E-01   0.000000E+00   0.230825E+05   0.230825E+05   0.230825E+05  -0.738234E-02   0.230196E+05   0.229756E+05   0.539118E-01
   0.544727E+00   0.229142E+05   0.218521E+05   0.685892E-01   0.664157E-01   0.000000E+00   0.227372E+05   0.227372E+05   0.227372E+05  -0.727192E-02   0.226753E+05   0.226319E+05   0.526848E-01
   0.549922E+00   0.225759E+05   0.215287E+05   0.663053E-01   0.642042E-01   0.000000E+00   0.224014E+05   0.224014E+05   0.224014E+05  -0.716450E-02   0.223403E+05   0.222975E+05   0.514571E-01
   0.555117E+00   0.222467E+05   0.212147E+05   0.641212E-01   0.620893E-01   0.000000E+00   0.220747E+05   0.220747E+05   0.220747E+05  -0.706002E-02   0.220145E+05   0.219723E+05   0.502268E-01
   0.560312E+00   0.219259E+05   0.209093E+05   0.620305E-01   0.600648E-01   0.000000E+00   0.217565E+05   0.217565E+05   0.217565E+05  -0.695824E-02   0.216972E+05   0.216556E+05   0.490015E-01
   0.565507E+00   0.216131E+05   0.206117E+05   0.600277E-01   0.581255E-01   0.000000E+00   0.214462E+05   0.214462E+05   0.214462E+05  -0.685902E-02   0.213877E+05   0.213469E+05   0.477952E-01
   0.615622E+00   0.189171E+05   0.180411E+05   0.443342E-01   0.429293E-01   0.000000E+00   0.187711E+05   0.187711E+05   0.187711E+05  -0.600347E-02   0.187200E+05   0.186842E+05   0.384051E-01
   0.751923E+00   0.137688E+05   0.131319E+05   0.216305E-01   0.209450E-01   0.000000E+00   0.136626E+05   0.136626E+05   0.136626E+05  -0.436965E-02   0.136254E+05   0.135994E+05   0.228374E-01
   0.918401E+00   0.997166E+04   0.951060E+04   0.105008E-01   0.101680E-01   0.000000E+00   0.989482E+04   0.989482E+04   0.989482E+04  -0.316460E-02   0.986783E+04   0.984904E+04   0.135308E-01
   0.112174E+01   0.718946E+04   0.685711E+04   0.507497E-02   0.491415E-02   0.000000E+00   0.713407E+04   0.713407E+04   0.713407E+04  -0.228165E-02   0.711461E+04   0.710107E+04   0.798389E-02
   0.137009E+01   0.516241E+04   0.492382E+04   0.244272E-02   0.236531E-02   0.000000E+00   0.512265E+04   0.512265E+04   0.512265E+04  -0.163835E-02   0.510868E+04   0.509895E+04   0.469283E-02
   0.167343E+01   0.369315E+04   0.352249E+04   0.117139E-02   0.113427E-02   0.000000E+00   0.366471E+04   0.366471E+04   0.366471E+04  -0.117206E-02   0.365471E+04   0.364775E+04   0.274889E-02
   0.204394E+01   0.263308E+04   0.251141E+04   0.559822E-03   0.542082E-03   0.000000E+00   0.261280E+04   0.261280E+04   0.261280E+04  -0.835637E-03   0.260568E+04   0.260071E+04   0.160527E-02
   0.249647E+01   0.187146E+04   0.178499E+04   0.266715E-03   0.258263E-03   0.000000E+00   0.185705E+04   0.185705E+04   0.185705E+04  -0.593928E-03   0.185198E+04   0.184845E+04   0.934943E-03
   0.304920E+01   0.132634E+04   0.126506E+04   0.126708E-03   0.122693E-03   0.000000E+00   0.131613E+04   0.131613E+04   0.131613E+04  -0.420930E-03   0.131254E+04   0.131004E+04   0.543327E-03
   0.372430E+01   0.937546E+03   0.894224E+03   0.600377E-04   0.581352E-04   0.000000E+00   0.930326E+03   0.930326E+03   0.930326E+03  -0.297541E-03   0.927789E+03   0.926014E+03   0.315209E-03
   0.454887E+01   0.661118E+03   0.630564E+03   0.283786E-04   0.274794E-04   0.000000E+00   0.656026E+03   0.656026E+03   0.656026E+03  -0.209813E-03   0.654238E+03   0.652981E+03   0.182672E-03
   0.555600E+01   0.465155E+03   0.443651E+03   0.133841E-04   0.129600E-04   0.000000E+00   0.461571E+03   0.461571E+03   0.461571E+03  -0.147622E-03   0.460313E+03   0.459424E+03   0.105836E-03
   0.678612E+01   0.326601E+03   0.311494E+03   0.629924E-05   0.609963E-05   0.000000E+00   0.324083E+03   0.324083E+03   0.324083E+03  -0.103650E-03   0.323200E+03   0.322570E+03   0.613698E-04
   0.828858E+01   0.228879E+03   0.218284E+03   0.295907E-05   0.286531E-05   0.000000E+00   0.227114E+03   0.227114E+03   0.227114E+03  -0.726365E-04   0.226496E+03   0.226048E+03   0.356683E-04
   0.101237E+02   0.160112E+03   0.152691E+03   0.138755E-05   0.134358E-05   0.000000E+00   0.158875E+03   0.158875E+03   0.158875E+03  -0.508122E-04   0.158443E+03   0.158125E+03   0.208208E-04
   0.123651E+02   0.111820E+03   0.106628E+03   0.649554E-06   0.628973E-06   0.000000E+00   0.110955E+03   0.110955E+03   0.110955E+03  -0.354861E-04   0.110654E+03   0.110425E+03   0.122406E-04
   0.151028E+02   0.779734E+02   0.743427E+02   0.303603E-06   0.293984E-06   0.000000E+00   0.773683E+02   0.773683E+02   0.773683E+02  -0.247443E-04   0.771590E+02   0.769929E+02   0.727447E-05
   0.184466E+02   0.542927E+02   0.517540E+02   0.141696E-06   0.137207E-06   0.000000E+00   0.538696E+02   0.538696E+02   0.538696E+02  -0.172288E-04   0.537245E+02   0.536020E+02   0.439061E-05
   0.225307E+02   0.377525E+02   0.359761E+02   0.660397E-07   0.639478E-07   0.000000E+00   0.374564E+02   0.374564E+02   0.374564E+02  -0.119795E-04   0.373562E+02   0.372639E+02   0.270650E-05
   0.275191E+02   0.262174E+02   0.249723E+02   0.307379E-07   0.297644E-07   0.000000E+00   0.260098E+02   0.260098E+02   0.260098E+02  -0.831858E-05   0.259409E+02   0.258696E+02   0.171428E-05
   0.336118E+02   0.181844E+02   0.173090E+02   0.142883E-07   0.138359E-07   0.000000E+00   0.180385E+02   0.180385E+02   0.180385E+02  -0.576916E-05   0.179914E+02   0.179344E+02   0.112198E-05
   0.410536E+02   0.125979E+02   0.119791E+02   0.663337E-08   0.642345E-08   0.000000E+00   0.124948E+02   0.124948E+02   0.124948E+02  -0.399613E-05   0.124628E+02   0.124155E+02   0.761839E-06
   0.501430E+02   0.871757E+01   0.827672E+01   0.307556E-08   0.297829E-08   0.000000E+00   0.864409E+01   0.864409E+01   0.864409E+01  -0.276459E-05   0.862274E+01   0.858199E+01   0.537379E-06
   0.612448E+02   0.602556E+01   0.570784E+01   0.142405E-08   0.137906E-08   0.000000E+00   0.597261E+01   0.597261E+01   0.597261E+01  -0.191019E-05   0.595861E+01   0.592220E+01   0.393045E-06
   0.748045E+02   0.416000E+01   0.392731E+01   0.658392E-09   0.637621E-09   0.000000E+00   0.412122E+01   0.412122E+01   0.412122E+01  -0.131807E-05   0.411233E+01   0.407876E+01   0.296728E-06
   0.913665E+02   0.286850E+01   0.269443E+01   0.303884E-09   0.294317E-09   0.000000E+00   0.283949E+01   0.283949E+01   0.283949E+01  -0.908138E-06   0.283416E+01   0.280241E+01   0.229768E-06
   0.111595E+03   0.197528E+01   0.184158E+01   0.139973E-09   0.135581E-09   0.000000E+00   0.195300E+01   0.195300E+01   0.195300E+01  -0.624617E-06   0.195013E+01   0.191955E+01   0.181217E-06
