#          k/h    CDM            baryon         photon         nu             mass_nu        total          no_nu          total_de       Weyl           v_CDM          v_b            v_b-v_c     
   0.102819E-04   0.114547E+07   0.114547E+07   0.152726E+07   0.152726E+07   0.000000E+00   0.114547E+07   0.114547E+07   0.115464E+07  -0.601221E+00   0.114323E+07   0.114323E+07   0.890895E-01
   0.113644E-04   0.114547E+07   0.114547E+07   0.152725E+07   0.152725E+07   0.000000E+00   0.114547E+07   0.114547E+07   0.115464E+07  -0.601221E+00   0.114323E+07   0.114323E+07   0.984685E-01
   0.125608E-04   0.114547E+07   0.114547E+07   0.152724E+07   0.152723E+07   0.000000E+00   0.114547E+07   0.114547E+07   0.115464E+07  -0.601220E+00   0.114323E+07   0.114323E+07   0.108835E+00
   0.138832E-04   0.114547E+07   0.114547E+07   0.152722E+07   0.152722E+07   0.000000E+00   0.114547E+07   0.114547E+07   0.115464E+07  -0.601220E+00   0.114323E+07   0.114323E+07   0.120293E+00
   0.153447E-04   0.114547E+07   0.114547E+07   0.152721E+07   0.152720E+07   0.000000E+00   0.114547E+07   0.114547E+07   0.115464E+07  -0.601220E+00   0.114323E+07   0.114323E+07   0.132957E+00
   0.169602E-04   0.114547E+07   0.114547E+07   0.152718E+07   0.152718E+07   0.000000E+00   0.114547E+07   0.114547E+07   0.115464E+07  -0.601220E+00   0.114323E+07   0.114323E+07   0.146954E+00
   0.187457E-04   0.114547E+07   0.114547E+07   0.152716E+07   0.152716E+07   0.000000E+00   0.114547E+07   0.114547E+07   0.115464E+07  -0.601220E+00   0.114323E+07   0.114323E+07   0.162424E+00
   0.207192E-04   0.114547E+07   0.114547E+07   0.152713E+07   0.152713E+07   0.000000E+00   0.114547E+07   0.114547E+07   0.115464E+07  -0.601219E+00   0.114323E+07   0.114323E+07   0.179524E+00
   0.229004E-04   0.114547E+07   0.114547E+07   0.152709E+07   0.152709E+07   0.000000E+00   0.114547E+07   0.114547E+07   0.115464E+07  -0.601219E+00   0.114322E+07   0.114322E+07   0.198423E+00
   0.253113E-04   0.114547E+07   0.114547E+07   0.152705E+07   0.152704E+07   0.000000E+00   0.114547E+07   0.114547E+07   0.115464E+07  -0.601218E+00   0.114322E+07   0.114322E+07   0.219312E+00
   0.279760E-04   0.114547E+07   0.114547E+07   0.152699E+07   0.152698E+07   0.000000E+00   0.114547E+07   0.114547E+07   0.115464E+07  -0.601218E+00   0.114322E+07   0.114322E+07   0.242400E+00
   0.309213E-04   0.114547E+07   0.114547E+07   0.152692E+07   0.152691E+07   0.000000E+00   0.114547E+07   0.114547E+07   0.115464E+07  -0.601217E+00   0.114322E+07   0.114322E+07   0.267918E+00
   0.341766E-04   0.114547E+07   0.114547E+07   0.152684E+07   0.152683E+07   0.000000E+00   0.114547E+07   0.114547E+07   0.115463E+07  -0.601216E+00   0.114322E+07   0.114322E+07   0.296123E+00
   0.377746E-04   0.114546E+07   0.114546E+07   0.152674E+07   0.152672E+07   0.000000E+00   0.114546E+07   0.114546E+07   0.115463E+07  -0.601214E+00   0.114322E+07   0.114322E+07   0.327296E+00
   0.417514E-04   0.114546E+07   0.114546E+07   0.152661E+07   0.152660E+07   0.000000E+00   0.114546E+07   0.114546E+07   0.115463E+07  -0.601213E+00   0.114322E+07   0.114322E+07   0.361751E+00
   0.461468E-04   0.114546E+07   0.114546E+07   0.152646E+07   0.152644E+07   0.000000E+00   0.114546E+07   0.114546E+07   0.115462E+07  -0.601211E+00   0.114321E+07   0.114321E+07   0.399833E+00
   0.510050E-04   0.114546E+07   0.114546E+07   0.152628E+07   0.152625E+07   0.000000E+00   0.114546E+07   0.114546E+07   0.115462E+07  -0.601209E+00   0.114321E+07   0.114321E+07   0.441922E+00
   0.563747E-04   0.114545E+07   0.114545E+07   0.152605E+07   0.152602E+07   0.000000E+00   0.114545E+07   0.114545E+07   0.115462E+07  -0.601206E+00   0.114321E+07   0.114321E+07   0.488442E+00
   0.623096E-04   0.114545E+07   0.114545E+07   0.152578E+07   0.152574E+07   0.000000E+00   0.114545E+07   0.114545E+07   0.115461E+07  -0.601203E+00   0.114320E+07   0.114320E+07   0.539857E+00
   0.688694E-04   0.114544E+07   0.114544E+07   0.152544E+07   0.152539E+07   0.000000E+00   0.114544E+07   0.114544E+07   0.115460E+07  -0.601198E+00   0.114320E+07   0.114320E+07   0.596683E+00
   0.761198E-04   0.114544E+07   0.114544E+07   0.152503E+07   0.152497E+07   0.000000E+00   0.114544E+07   0.114544E+07   0.115459E+07  -0.601193E+00   0.114319E+07   0.114319E+07   0.659488E+00
   0.841334E-04   0.114543E+07   0.114543E+07   0.152452E+07   0.152446E+07   0.000000E+00   0.114543E+07   0.114543E+07   0.115458E+07  -0.601187E+00   0.114318E+07   0.114318E+07   0.728901E+00
   0.929907E-04   0.114542E+07   0.114542E+07   0.152391E+07   0.152383E+07   0.000000E+00   0.114542E+07   0.114542E+07   0.115457E+07  -0.601180E+00   0.114317E+07   0.114317E+07   0.805616E+00
   0.102781E-03   0.114541E+07   0.114541E+07   0.152316E+07   0.152306E+07   0.000000E+00   0.114541E+07   0.114541E+07   0.115455E+07  -0.601170E+00   0.114316E+07   0.114316E+07   0.890399E+00
   0.113601E-03   0.114539E+07   0.114539E+07   0.152225E+07   0.152212E+07   0.000000E+00   0.114539E+07   0.114539E+07   0.115453E+07  -0.601159E+00   0.114315E+07   0.114315E+07   0.984099E+00
   0.125560E-03   0.114537E+07   0.114537E+07   0.152113E+07   0.152098E+07   0.000000E+00   0.114537E+07   0.114537E+07   0.115451E+07  -0.601145E+00   0.114313E+07   0.114313E+07   0.108765E+01
   0.138779E-03   0.114535E+07   0.114535E+07   0.151976E+07   0.151958E+07   0.000000E+00   0.114535E+07   0.114535E+07   0.115448E+07  -0.601128E+00   0.114311E+07   0.114311E+07   0.120208E+01
   0.153389E-03   0.114532E+07   0.114532E+07   0.151810E+07   0.151788E+07   0.000000E+00   0.114532E+07   0.114532E+07   0.115444E+07  -0.601108E+00   0.114308E+07   0.114308E+07   0.132854E+01
   0.169538E-03   0.114529E+07   0.114529E+07   0.151607E+07   0.151579E+07   0.000000E+00   0.114529E+07   0.114529E+07   0.115439E+07  -0.601083E+00   0.114305E+07   0.114305E+07   0.146827E+01
   0.187386E-03   0.114525E+07   0.114525E+07   0.151359E+07   0.151326E+07   0.000000E+00   0.114525E+07   0.114525E+07   0.115434E+07  -0.601052E+00   0.114301E+07   0.114301E+07   0.162267E+01
   0.207114E-03   0.114520E+07   0.114520E+07   0.151057E+07   0.151016E+07   0.000000E+00   0.114520E+07   0.114520E+07   0.115427E+07  -0.601015E+00   0.114296E+07   0.114296E+07   0.179326E+01
   0.228918E-03   0.114514E+07   0.114514E+07   0.150688E+07   0.150639E+07   0.000000E+00   0.114514E+07   0.114514E+07   0.115419E+07  -0.600969E+00   0.114290E+07   0.114290E+07   0.198173E+01
   0.253018E-03   0.114507E+07   0.114506E+07   0.150239E+07   0.150179E+07   0.000000E+00   0.114507E+07   0.114507E+07   0.115409E+07  -0.600913E+00   0.114283E+07   0.114283E+07   0.218993E+01
   0.279655E-03   0.114498E+07   0.114497E+07   0.149692E+07   0.149619E+07   0.000000E+00   0.114498E+07   0.114498E+07   0.115396E+07  -0.600846E+00   0.114274E+07   0.114274E+07   0.241990E+01
   0.309096E-03   0.114487E+07   0.114486E+07   0.149026E+07   0.148937E+07   0.000000E+00   0.114487E+07   0.114487E+07   0.115381E+07  -0.600763E+00   0.114264E+07   0.114264E+07   0.267387E+01
   0.341636E-03   0.114474E+07   0.114472E+07   0.148216E+07   0.148109E+07   0.000000E+00   0.114473E+07   0.114473E+07   0.115363E+07  -0.600662E+00   0.114251E+07   0.114250E+07   0.295431E+01
   0.377603E-03   0.114457E+07   0.114456E+07   0.147233E+07   0.147102E+07   0.000000E+00   0.114457E+07   0.114457E+07   0.115341E+07  -0.600538E+00   0.114235E+07   0.114235E+07   0.326391E+01
   0.417356E-03   0.114437E+07   0.114436E+07   0.146039E+07   0.145881E+07   0.000000E+00   0.114437E+07   0.114437E+07   0.115314E+07  -0.600388E+00   0.114215E+07   0.114215E+07   0.360560E+01
   0.461294E-03   0.114413E+07   0.114411E+07   0.144593E+07   0.144402E+07   0.000000E+00   0.114413E+07   0.114413E+07   0.115281E+07  -0.600205E+00   0.114191E+07   0.114191E+07   0.398260E+01
   0.509857E-03   0.114384E+07   0.114381E+07   0.142844E+07   0.142615E+07   0.000000E+00   0.114383E+07   0.114383E+07   0.115240E+07  -0.599983E+00   0.114162E+07   0.114162E+07   0.439840E+01
   0.563534E-03   0.114348E+07   0.114345E+07   0.140734E+07   0.140459E+07   0.000000E+00   0.114347E+07   0.114347E+07   0.115192E+07  -0.599713E+00   0.114127E+07   0.114127E+07   0.485678E+01
   0.622861E-03   0.114304E+07   0.114300E+07   0.138195E+07   0.137866E+07   0.000000E+00   0.114303E+07   0.114303E+07   0.115132E+07  -0.599384E+00   0.114084E+07   0.114084E+07   0.536181E+01
   0.688433E-03   0.114251E+07   0.114246E+07   0.135150E+07   0.134760E+07   0.000000E+00   0.114250E+07   0.114250E+07   0.115060E+07  -0.598986E+00   0.114032E+07   0.114031E+07   0.591788E+01
   0.760910E-03   0.114186E+07   0.114180E+07   0.131514E+07   0.131053E+07   0.000000E+00   0.114185E+07   0.114185E+07   0.114974E+07  -0.598504E+00   0.113968E+07   0.113968E+07   0.652964E+01
   0.841016E-03   0.114107E+07   0.114100E+07   0.127195E+07   0.126655E+07   0.000000E+00   0.114106E+07   0.114106E+07   0.114869E+07  -0.597921E+00   0.113891E+07   0.113890E+07   0.720201E+01
   0.929556E-03   0.114012E+07   0.114004E+07   0.122095E+07   0.121469E+07   0.000000E+00   0.114011E+07   0.114011E+07   0.114742E+07  -0.597218E+00   0.113797E+07   0.113796E+07   0.794016E+01
   0.102742E-02   0.113897E+07   0.113886E+07   0.116122E+07   0.115405E+07   0.000000E+00   0.113895E+07   0.113895E+07   0.114590E+07  -0.596373E+00   0.113683E+07   0.113682E+07   0.874941E+01
   0.113558E-02   0.113757E+07   0.113744E+07   0.109193E+07   0.108384E+07   0.000000E+00   0.113755E+07   0.113755E+07   0.114408E+07  -0.595360E+00   0.113545E+07   0.113543E+07   0.963519E+01
   0.125513E-02   0.113589E+07   0.113573E+07   0.101251E+07   0.100356E+07   0.000000E+00   0.113586E+07   0.113586E+07   0.114192E+07  -0.594151E+00   0.113378E+07   0.113376E+07   0.106029E+02
   0.138727E-02   0.113386E+07   0.113368E+07   0.922827E+06   0.913177E+06   0.000000E+00   0.113383E+07   0.113383E+07   0.113935E+07  -0.592715E+00   0.113177E+07   0.113175E+07   0.116579E+02
   0.153331E-02   0.113144E+07   0.113121E+07   0.823432E+06   0.813372E+06   0.000000E+00   0.113140E+07   0.113140E+07   0.113632E+07  -0.591017E+00   0.112935E+07   0.112932E+07   0.128053E+02
   0.169474E-02   0.112854E+07   0.112826E+07   0.715839E+06   0.705817E+06   0.000000E+00   0.112849E+07   0.112849E+07   0.113276E+07  -0.589024E+00   0.112645E+07   0.112642E+07   0.140498E+02
   0.187315E-02   0.112509E+07   0.112475E+07   0.602809E+06   0.593437E+06   0.000000E+00   0.112503E+07   0.112503E+07   0.112863E+07  -0.586702E+00   0.112299E+07   0.112296E+07   0.153957E+02
   0.207035E-02   0.112101E+07   0.112060E+07   0.488546E+06   0.480577E+06   0.000000E+00   0.112095E+07   0.112095E+07   0.112386E+07  -0.584019E+00   0.111888E+07   0.111884E+07   0.168469E+02
   0.228831E-02   0.111622E+07   0.111572E+07   0.378683E+06   0.372916E+06   0.000000E+00   0.111614E+07   0.111614E+07   0.111840E+07  -0.580947E+00   0.111404E+07   0.111399E+07   0.184072E+02
   0.252922E-02   0.111062E+07   0.111001E+07   0.279869E+06   0.276968E+06   0.000000E+00   0.111052E+07   0.111052E+07   0.111219E+07  -0.577463E+00   0.110835E+07   0.110829E+07   0.200803E+02
   0.279549E-02   0.110413E+07   0.110338E+07   0.198760E+06   0.198989E+06   0.000000E+00   0.110400E+07   0.110400E+07   0.110520E+07  -0.573551E+00   0.110173E+07   0.110166E+07   0.218706E+02
   0.308979E-02   0.109666E+07   0.109575E+07   0.140347E+06   0.143272E+06   0.000000E+00   0.109651E+07   0.109651E+07   0.109736E+07  -0.569197E+00   0.109409E+07   0.109401E+07   0.237838E+02
   0.341507E-02   0.108813E+07   0.108703E+07   0.105862E+06   0.110186E+06   0.000000E+00   0.108795E+07   0.108795E+07   0.108859E+07  -0.564384E+00   0.108536E+07   0.108526E+07   0.258275E+02
   0.377460E-02   0.107848E+07   0.107713E+07   0.910854E+05   0.948451E+05   0.000000E+00   0.107825E+07   0.107825E+07   0.107881E+07  -0.559084E+00   0.107548E+07   0.107535E+07   0.280119E+02
   0.417198E-02   0.106763E+07   0.106600E+07   0.864761E+05   0.878172E+05   0.000000E+00   0.106736E+07   0.106736E+07   0.106788E+07  -0.553254E+00   0.106439E+07   0.106424E+07   0.303484E+02
   0.461119E-02   0.105552E+07   0.105354E+07   0.805373E+05   0.789318E+05   0.000000E+00   0.105519E+07   0.105519E+07   0.105567E+07  -0.546829E+00   0.105204E+07   0.105186E+07   0.328491E+02
   0.509664E-02   0.104208E+07   0.103967E+07   0.661718E+05   0.632411E+05   0.000000E+00   0.104168E+07   0.104168E+07   0.104207E+07  -0.539732E+00   0.103839E+07   0.103818E+07   0.355239E+02
   0.563320E-02   0.102721E+07   0.102431E+07   0.461429E+05   0.447667E+05   0.000000E+00   0.102673E+07   0.102673E+07   0.102700E+07  -0.531896E+00   0.102336E+07   0.102310E+07   0.383790E+02
   0.622625E-02   0.101085E+07   0.100733E+07   0.309450E+05   0.323803E+05   0.000000E+00   0.101026E+07   0.101026E+07   0.101045E+07  -0.523275E+00   0.100684E+07   0.100654E+07   0.414163E+02
   0.688173E-02   0.992890E+06   0.988646E+06   0.269473E+05   0.292998E+05   0.000000E+00   0.992183E+06   0.992183E+06   0.992350E+06  -0.513843E+00   0.988729E+06   0.988364E+06   0.446354E+02
   0.760622E-02   0.973265E+06   0.968151E+06   0.268856E+05   0.235150E+05   0.000000E+00   0.972412E+06   0.972412E+06   0.972566E+06  -0.503558E+00   0.968952E+06   0.968518E+06   0.480335E+02
   0.840698E-02   0.951889E+06   0.945739E+06   0.204121E+05   0.188292E+05   0.000000E+00   0.950864E+06   0.950864E+06   0.950983E+06  -0.492364E+00   0.947421E+06   0.946906E+06   0.516012E+02
   0.929204E-02   0.928679E+06   0.921302E+06   0.127767E+05   0.150386E+05   0.000000E+00   0.927450E+06   0.927450E+06   0.927532E+06  -0.480206E+00   0.924052E+06   0.923441E+06   0.553178E+02
   0.102703E-01   0.903550E+06   0.894728E+06   0.125026E+05   0.119758E+05   0.000000E+00   0.902080E+06   0.902080E+06   0.902154E+06  -0.467044E+00   0.898748E+06   0.898026E+06   0.591492E+02
   0.113515E-01   0.876422E+06   0.865907E+06   0.104311E+05   0.950670E+04   0.000000E+00   0.874669E+06   0.874669E+06   0.874730E+06  -0.452835E+00   0.871421E+06   0.870571E+06   0.630473E+02
   0.125466E-01   0.847216E+06   0.834736E+06   0.644400E+04   0.752026E+04   0.000000E+00   0.845136E+06   0.845136E+06   0.845178E+06  -0.437528E+00   0.841995E+06   0.840997E+06   0.669416E+02
   0.138674E-01   0.815866E+06   0.801127E+06   0.682503E+04   0.592506E+04   0.000000E+00   0.813409E+06   0.813409E+06   0.813448E+06  -0.421091E+00   0.810393E+06   0.809228E+06   0.707347E+02
   0.153273E-01   0.782321E+06   0.765020E+06   0.400176E+04   0.464776E+04   0.000000E+00   0.779438E+06   0.779438E+06   0.779463E+06  -0.403495E+00   0.776564E+06   0.775211E+06   0.742985E+02
   0.169409E-01   0.746562E+06   0.726404E+06   0.415127E+04   0.362756E+04   0.000000E+00   0.743203E+06   0.743203E+06   0.743226E+06  -0.384729E+00   0.740489E+06   0.738930E+06   0.774661E+02
   0.187244E-01   0.708623E+06   0.685342E+06   0.249349E+04   0.281565E+04   0.000000E+00   0.704743E+06   0.704743E+06   0.704758E+06  -0.364814E+00   0.702206E+06   0.700425E+06   0.800302E+02
   0.206957E-01   0.668612E+06   0.642018E+06   0.219421E+04   0.217194E+04   0.000000E+00   0.664179E+06   0.664179E+06   0.664192E+06  -0.343812E+00   0.661831E+06   0.659822E+06   0.817401E+02
   0.228745E-01   0.626750E+06   0.596774E+06   0.186656E+04   0.166411E+04   0.000000E+00   0.621754E+06   0.621754E+06   0.621765E+06  -0.321847E+00   0.619605E+06   0.617369E+06   0.823087E+02
   0.252826E-01   0.583411E+06   0.550174E+06   0.128595E+04   0.126586E+04   0.000000E+00   0.577871E+06   0.577871E+06   0.577879E+06  -0.299129E+00   0.575928E+06   0.573482E+06   0.814254E+02
   0.279443E-01   0.539160E+06   0.503045E+06   0.909620E+03   0.955819E+03   0.000000E+00   0.533141E+06   0.533141E+06   0.533147E+06  -0.275972E+00   0.531401E+06   0.528786E+06   0.787860E+02
   0.308862E-01   0.494785E+06   0.456508E+06   0.756207E+03   0.716623E+03   0.000000E+00   0.488405E+06   0.488405E+06   0.488410E+06  -0.252814E+00   0.486860E+06   0.484140E+06   0.741397E+02
   0.341378E-01   0.451292E+06   0.411958E+06   0.706258E+03   0.534071E+03   0.000000E+00   0.444736E+06   0.444736E+06   0.444740E+06  -0.230209E+00   0.443368E+06   0.440636E+06   0.673582E+02
   0.377317E-01   0.409850E+06   0.370947E+06   0.393323E+03   0.396474E+03   0.000000E+00   0.403366E+06   0.403366E+06   0.403369E+06  -0.208793E+00   0.402146E+06   0.399523E+06   0.585240E+02
   0.417040E-01   0.371648E+06   0.334949E+06   0.252406E+03   0.294108E+03   0.000000E+00   0.365531E+06   0.365531E+06   0.365533E+06  -0.189208E+00   0.364424E+06   0.362045E+06   0.480239E+02
   0.458744E-01   0.339044E+06   0.306137E+06   0.221869E+03   0.221840E+03   0.000000E+00   0.333559E+06   0.333559E+06   0.333561E+06  -0.172658E+00   0.332524E+06   0.330498E+06   0.371723E+02
   0.500448E-01   0.313168E+06   0.284930E+06   0.172451E+03   0.172429E+03   0.000000E+00   0.308462E+06   0.308462E+06   0.308463E+06  -0.159667E+00   0.307463E+06   0.305836E+06   0.273577E+02
   0.542152E-01   0.292169E+06   0.268798E+06   0.137370E+03   0.137352E+03   0.000000E+00   0.288274E+06   0.288274E+06   0.288275E+06  -0.149217E+00   0.287294E+06   0.286057E+06   0.191998E+02
   0.583856E-01   0.274605E+06   0.255687E+06   0.111571E+03   0.111557E+03   0.000000E+00   0.271452E+06   0.271452E+06   0.271453E+06  -0.140509E+00   0.270486E+06   0.269583E+06   0.130128E+02
   0.625560E-01   0.259236E+06   0.243908E+06   0.919264E+02   0.919146E+02   0.000000E+00   0.256681E+06   0.256681E+06   0.256681E+06  -0.132863E+00   0.255734E+06   0.255078E+06   0.882737E+01
   0.667264E-01   0.245001E+06   0.232146E+06   0.764557E+02   0.764459E+02   0.000000E+00   0.242859E+06   0.242859E+06   0.242859E+06  -0.125708E+00   0.241945E+06   0.241434E+06   0.644637E+01
   0.708968E-01   0.231214E+06   0.219669E+06   0.639437E+02   0.639355E+02   0.000000E+00   0.229290E+06   0.229290E+06   0.229291E+06  -0.118685E+00   0.228424E+06   0.227960E+06   0.551511E+01
   0.750672E-01   0.217567E+06   0.206308E+06   0.536483E+02   0.536415E+02   0.000000E+00   0.215690E+06   0.215690E+06   0.215691E+06  -0.111646E+00   0.214885E+06   0.214386E+06   0.559551E+01
   0.792376E-01   0.204081E+06   0.192357E+06   0.451133E+02   0.451075E+02   0.000000E+00   0.202127E+06   0.202127E+06   0.202127E+06  -0.104625E+00   0.201392E+06   0.200804E+06   0.623759E+01
   0.834080E-01   0.190987E+06   0.178394E+06   0.380383E+02   0.380335E+02   0.000000E+00   0.188888E+06   0.188888E+06   0.188889E+06  -0.977722E-01   0.188226E+06   0.187528E+06   0.704019E+01
   0.875784E-01   0.178583E+06   0.165063E+06   0.321989E+02   0.321948E+02   0.000000E+00   0.176329E+06   0.176329E+06   0.176330E+06  -0.912714E-01   0.175735E+06   0.174934E+06   0.769419E+01
   0.927733E-01   0.164531E+06   0.150217E+06   0.263779E+02   0.263746E+02   0.000000E+00   0.162146E+06   0.162146E+06   0.162146E+06  -0.839296E-01   0.161623E+06   0.160739E+06   0.801570E+01
   0.979682E-01   0.152475E+06   0.138092E+06   0.218905E+02   0.218877E+02   0.000000E+00   0.150078E+06   0.150078E+06   0.150078E+06  -0.776829E-01   0.149606E+06   0.148713E+06   0.767667E+01
   0.103163E+00   0.142648E+06   0.129015E+06   0.184655E+02   0.184631E+02   0.000000E+00   0.140376E+06   0.140376E+06   0.140376E+06  -0.726610E-01   0.139934E+06   0.139105E+06   0.676490E+01
   0.108358E+00   0.134882E+06   0.122666E+06   0.158426E+02   0.158406E+02   0.000000E+00   0.132846E+06   0.132846E+06   0.132846E+06  -0.687637E-01   0.132416E+06   0.131707E+06   0.550831E+01
   0.113553E+00   0.128660E+06   0.118212E+06   0.137865E+02   0.137847E+02   0.000000E+00   0.126918E+06   0.126918E+06   0.126918E+06  -0.656952E-01   0.126488E+06   0.125924E+06   0.418259E+01
   0.118748E+00   0.123349E+06   0.114655E+06   0.121119E+02   0.121104E+02   0.000000E+00   0.121900E+06   0.121900E+06   0.121900E+06  -0.630976E-01   0.121468E+06   0.121041E+06   0.303042E+01
   0.123943E+00   0.118399E+06   0.111128E+06   0.106907E+02   0.106893E+02   0.000000E+00   0.117187E+06   0.117187E+06   0.117187E+06  -0.606583E-01   0.116759E+06   0.116433E+06   0.220848E+01
   0.129137E+00   0.113411E+06   0.107038E+06   0.944243E+01   0.944122E+01   0.000000E+00   0.112349E+06   0.112349E+06   0.112349E+06  -0.581538E-01   0.111931E+06   0.111660E+06   0.176817E+01
   0.134332E+00   0.108176E+06   0.102141E+06   0.832384E+01   0.832278E+01   0.000000E+00   0.107170E+06   0.107170E+06   0.107170E+06  -0.554732E-01   0.106773E+06   0.106507E+06   0.166599E+01
   0.139527E+00   0.102700E+06   0.965428E+05   0.731879E+01   0.731786E+01   0.000000E+00   0.101674E+06   0.101674E+06   0.101674E+06  -0.526282E-01   0.101304E+06   0.101007E+06   0.179418E+01
   0.144722E+00   0.971558E+05   0.906096E+05   0.642605E+01   0.642523E+01   0.000000E+00   0.960648E+05   0.960648E+05   0.960648E+05  -0.497248E-01   0.957261E+05   0.953788E+05   0.201989E+01
   0.149917E+00   0.917933E+05   0.848148E+05   0.564825E+01   0.564753E+01   0.000000E+00   0.906302E+05   0.906302E+05   0.906302E+05  -0.469118E-01   0.903217E+05   0.899261E+05   0.222147E+01
   0.155112E+00   0.868664E+05   0.796058E+05   0.498568E+01   0.498504E+01   0.000000E+00   0.856563E+05   0.856563E+05   0.856563E+05  -0.443372E-01   0.853733E+05   0.849469E+05   0.231419E+01
   0.160307E+00   0.825716E+05   0.752993E+05   0.443317E+01   0.443261E+01   0.000000E+00   0.813596E+05   0.813596E+05   0.813596E+05  -0.421131E-01   0.810949E+05   0.806642E+05   0.226178E+01
   0.165502E+00   0.789839E+05   0.719996E+05   0.397835E+01   0.397784E+01   0.000000E+00   0.778198E+05   0.778198E+05   0.778198E+05  -0.402809E-01   0.775661E+05   0.771582E+05   0.207448E+01
   0.170696E+00   0.760351E+05   0.695842E+05   0.360289E+01   0.360243E+01   0.000000E+00   0.749599E+05   0.749599E+05   0.749599E+05  -0.388006E-01   0.747109E+05   0.743466E+05   0.179635E+01
   0.175891E+00   0.735601E+05   0.677770E+05   0.328685E+01   0.328643E+01   0.000000E+00   0.725963E+05   0.725963E+05   0.725963E+05  -0.375771E-01   0.723483E+05   0.720375E+05   0.148703E+01
   0.181086E+00   0.713631E+05   0.662515E+05   0.301251E+01   0.301212E+01   0.000000E+00   0.705111E+05   0.705111E+05   0.705111E+05  -0.364978E-01   0.702632E+05   0.700043E+05   0.120377E+01
   0.186281E+00   0.692577E+05   0.647067E+05   0.276604E+01   0.276568E+01   0.000000E+00   0.684992E+05   0.684992E+05   0.684992E+05  -0.354564E-01   0.682530E+05   0.680343E+05   0.988052E+00
   0.191476E+00   0.670966E+05   0.629224E+05   0.253800E+01   0.253768E+01   0.000000E+00   0.664009E+05   0.664009E+05   0.664009E+05  -0.343702E-01   0.661595E+05   0.659642E+05   0.858821E+00
   0.196671E+00   0.648047E+05   0.608036E+05   0.232370E+01   0.232340E+01   0.000000E+00   0.641379E+05   0.641379E+05   0.641379E+05  -0.331989E-01   0.639049E+05   0.637151E+05   0.812235E+00
   0.201866E+00   0.623926E+05   0.583918E+05   0.212251E+01   0.212224E+01   0.000000E+00   0.617258E+05   0.617258E+05   0.617258E+05  -0.319503E-01   0.615041E+05   0.613058E+05   0.826898E+00
   0.207060E+00   0.599326E+05   0.558251E+05   0.193611E+01   0.193586E+01   0.000000E+00   0.592480E+05   0.592480E+05   0.592480E+05  -0.306678E-01   0.590391E+05   0.588245E+05   0.872352E+00
   0.212255E+00   0.575223E+05   0.532804E+05   0.176658E+01   0.176635E+01   0.000000E+00   0.568153E+05   0.568153E+05   0.568153E+05  -0.294086E-01   0.566192E+05   0.563877E+05   0.918076E+00
   0.217450E+00   0.552586E+05   0.509265E+05   0.161547E+01   0.161526E+01   0.000000E+00   0.545366E+05   0.545366E+05   0.545366E+05  -0.282291E-01   0.543517E+05   0.541087E+05   0.940598E+00
   0.222645E+00   0.532169E+05   0.488871E+05   0.148318E+01   0.148299E+01   0.000000E+00   0.524953E+05   0.524953E+05   0.524953E+05  -0.271724E-01   0.523192E+05   0.520739E+05   0.927496E+00
   0.227840E+00   0.514312E+05   0.472128E+05   0.136863E+01   0.136846E+01   0.000000E+00   0.507281E+05   0.507281E+05   0.507281E+05  -0.262577E-01   0.505581E+05   0.503204E+05   0.878081E+00
   0.233035E+00   0.498878E+05   0.458763E+05   0.126945E+01   0.126929E+01   0.000000E+00   0.492192E+05   0.492192E+05   0.492192E+05  -0.254767E-01   0.490528E+05   0.488310E+05   0.801219E+00
   0.238230E+00   0.485387E+05   0.447932E+05   0.118261E+01   0.118246E+01   0.000000E+00   0.479145E+05   0.479145E+05   0.479145E+05  -0.248014E-01   0.477501E+05   0.475488E+05   0.711302E+00
   0.243425E+00   0.473177E+05   0.438514E+05   0.110503E+01   0.110489E+01   0.000000E+00   0.467400E+05   0.467400E+05   0.467400E+05  -0.241934E-01   0.465770E+05   0.463967E+05   0.623695E+00
   0.248619E+00   0.461527E+05   0.429351E+05   0.103397E+01   0.103384E+01   0.000000E+00   0.456165E+05   0.456165E+05   0.456165E+05  -0.236119E-01   0.454552E+05   0.452925E+05   0.550871E+00
   0.253814E+00   0.449809E+05   0.419508E+05   0.967332E+00   0.967209E+00   0.000000E+00   0.444759E+05   0.444759E+05   0.444759E+05  -0.230215E-01   0.443175E+05   0.441667E+05   0.499991E+00
   0.259009E+00   0.437676E+05   0.408514E+05   0.903985E+00   0.903869E+00   0.000000E+00   0.432816E+05   0.432816E+05   0.432816E+05  -0.224033E-01   0.431271E+05   0.429819E+05   0.472173E+00
   0.264204E+00   0.425132E+05   0.396432E+05   0.843731E+00   0.843623E+00   0.000000E+00   0.420348E+05   0.420348E+05   0.420348E+05  -0.217580E-01   0.418855E+05   0.417401E+05   0.463325E+00
   0.269399E+00   0.412414E+05   0.383704E+05   0.786898E+00   0.786797E+00   0.000000E+00   0.407629E+05   0.407629E+05   0.407629E+05  -0.210996E-01   0.406194E+05   0.404703E+05   0.466071E+00
   0.274594E+00   0.399843E+05   0.370923E+05   0.733925E+00   0.733831E+00   0.000000E+00   0.395023E+05   0.395023E+05   0.395023E+05  -0.204471E-01   0.393648E+05   0.392108E+05   0.472084E+00
   0.279789E+00   0.387749E+05   0.358690E+05   0.685191E+00   0.685103E+00   0.000000E+00   0.382906E+05   0.382906E+05   0.382906E+05  -0.198199E-01   0.381587E+05   0.380010E+05   0.474189E+00
   0.284984E+00   0.376445E+05   0.347522E+05   0.640950E+00   0.640868E+00   0.000000E+00   0.371625E+05   0.371625E+05   0.371625E+05  -0.192359E-01   0.370353E+05   0.368769E+05   0.467779E+00
   0.290178E+00   0.366142E+05   0.337728E+05   0.601199E+00   0.601122E+00   0.000000E+00   0.361406E+05   0.361406E+05   0.361406E+05  -0.187070E-01   0.360172E+05   0.358616E+05   0.451385E+00
   0.295373E+00   0.356859E+05   0.329318E+05   0.565579E+00   0.565506E+00   0.000000E+00   0.352269E+05   0.352269E+05   0.352269E+05  -0.182341E-01   0.351063E+05   0.349567E+05   0.426421E+00
   0.300568E+00   0.348437E+05   0.322029E+05   0.533455E+00   0.533387E+00   0.000000E+00   0.344036E+05   0.344036E+05   0.344036E+05  -0.178079E-01   0.342851E+05   0.341436E+05   0.396295E+00
   0.305763E+00   0.340631E+05   0.315461E+05   0.504123E+00   0.504059E+00   0.000000E+00   0.336436E+05   0.336436E+05   0.336436E+05  -0.174145E-01   0.335267E+05   0.333941E+05   0.365225E+00
   0.310958E+00   0.333195E+05   0.309208E+05   0.476958E+00   0.476897E+00   0.000000E+00   0.329197E+05   0.329197E+05   0.329197E+05  -0.170398E-01   0.328045E+05   0.326800E+05   0.337079E+00
   0.316153E+00   0.325912E+05   0.302924E+05   0.451455E+00   0.451397E+00   0.000000E+00   0.322080E+05   0.322080E+05   0.322080E+05  -0.166714E-01   0.320947E+05   0.319766E+05   0.314529E+00
   0.321348E+00   0.318615E+05   0.296371E+05   0.427252E+00   0.427197E+00   0.000000E+00   0.314908E+05   0.314908E+05   0.314908E+05  -0.163002E-01   0.313797E+05   0.312657E+05   0.298641E+00
   0.326543E+00   0.311229E+05   0.289469E+05   0.404164E+00   0.404112E+00   0.000000E+00   0.307602E+05   0.307602E+05   0.307602E+05  -0.159220E-01   0.306519E+05   0.305398E+05   0.288909E+00
   0.331737E+00   0.303791E+05   0.282307E+05   0.382185E+00   0.382136E+00   0.000000E+00   0.300211E+05   0.300211E+05   0.300211E+05  -0.155394E-01   0.299157E+05   0.298039E+05   0.283651E+00
   0.336932E+00   0.296422E+05   0.275092E+05   0.361415E+00   0.361368E+00   0.000000E+00   0.292867E+05   0.292867E+05   0.292867E+05  -0.151593E-01   0.291844E+05   0.290721E+05   0.280599E+00
   0.342127E+00   0.289256E+05   0.268059E+05   0.341960E+00   0.341916E+00   0.000000E+00   0.285723E+05   0.285723E+05   0.285724E+05  -0.147895E-01   0.284731E+05   0.283603E+05   0.277529E+00
   0.347322E+00   0.282404E+05   0.261401E+05   0.323878E+00   0.323836E+00   0.000000E+00   0.278903E+05   0.278903E+05   0.278903E+05  -0.144365E-01   0.277939E+05   0.276813E+05   0.272755E+00
   0.352517E+00   0.275938E+05   0.255243E+05   0.307167E+00   0.307128E+00   0.000000E+00   0.272489E+05   0.272489E+05   0.272489E+05  -0.141045E-01   0.271549E+05   0.270437E+05   0.265418E+00
   0.357712E+00   0.269894E+05   0.249634E+05   0.291773E+00   0.291735E+00   0.000000E+00   0.266517E+05   0.266517E+05   0.266517E+05  -0.137954E-01   0.265597E+05   0.264511E+05   0.255518E+00
   0.362907E+00   0.264252E+05   0.244535E+05   0.277579E+00   0.277544E+00   0.000000E+00   0.260966E+05   0.260966E+05   0.260966E+05  -0.135081E-01   0.260063E+05   0.259012E+05   0.243751E+00
   0.368102E+00   0.258945E+05   0.239830E+05   0.264423E+00   0.264389E+00   0.000000E+00   0.255759E+05   0.255759E+05   0.255759E+05  -0.132385E-01   0.254871E+05   0.253860E+05   0.231215E+00
   0.373296E+00   0.253874E+05   0.235366E+05   0.252125E+00   0.252093E+00   0.000000E+00   0.250789E+05   0.250789E+05   0.250789E+05  -0.129813E-01   0.249915E+05   0.248944E+05   0.219082E+00
   0.378491E+00   0.248951E+05   0.231001E+05   0.240534E+00   0.240503E+00   0.000000E+00   0.245959E+05   0.245959E+05   0.245959E+05  -0.127313E-01   0.245099E+05   0.244163E+05   0.208305E+00
   0.383686E+00   0.244110E+05   0.226637E+05   0.229536E+00   0.229506E+00   0.000000E+00   0.241197E+05   0.241197E+05   0.241197E+05  -0.124848E-01   0.240353E+05   0.239444E+05   0.199438E+00
   0.388881E+00   0.239310E+05   0.222218E+05   0.219057E+00   0.219029E+00   0.000000E+00   0.236461E+05   0.236461E+05   0.236461E+05  -0.122396E-01   0.235633E+05   0.234743E+05   0.192573E+00
   0.394076E+00   0.234539E+05   0.217741E+05   0.209059E+00   0.209032E+00   0.000000E+00   0.231740E+05   0.231740E+05   0.231740E+05  -0.119952E-01   0.230929E+05   0.230051E+05   0.187396E+00
   0.399271E+00   0.229819E+05   0.213250E+05   0.199537E+00   0.199511E+00   0.000000E+00   0.227058E+05   0.227058E+05   0.227058E+05  -0.117529E-01   0.226265E+05   0.225395E+05   0.183336E+00
   0.404466E+00   0.225195E+05   0.208826E+05   0.190509E+00   0.190485E+00   0.000000E+00   0.222467E+05   0.222467E+05   0.222467E+05  -0.115153E-01   0.221692E+05   0.220828E+05   0.179729E+00
   0.409661E+00   0.220713E+05   0.204545E+05   0.181992E+00   0.181968E+00   0.000000E+00   0.218018E+05   0.218018E+05   0.218018E+05  -0.112850E-01   0.217260E+05   0.216404E+05   0.175993E+00
   0.414855E+00   0.216401E+05   0.200461E+05   0.173982E+00   0.173960E+00   0.000000E+00   0.213745E+05   0.213745E+05   0.213745E+05  -0.110638E-01   0.213003E+05   0.212156E+05   0.171735E+00
   0.420050E+00   0.212276E+05   0.196602E+05   0.166465E+00   0.166443E+00   0.000000E+00   0.209664E+05   0.209664E+05   0.209664E+05  -0.108525E-01   0.208936E+05   0.208104E+05   0.166805E+00
   0.425245E+00   0.208340E+05   0.192972E+05   0.159414E+00   0.159393E+00   0.000000E+00   0.205779E+05   0.205779E+05   0.205779E+05  -0.106515E-01   0.205065E+05   0.204250E+05   0.161286E+00
   0.430440E+00   0.204584E+05   0.189548E+05   0.152792E+00   0.152772E+00   0.000000E+00   0.202078E+05   0.202078E+05   0.202078E+05  -0.104599E-01   0.201376E+05   0.200581E+05   0.155428E+00
   0.435635E+00   0.200977E+05   0.186282E+05   0.146550E+00   0.146532E+00   0.000000E+00   0.198528E+05   0.198528E+05   0.198528E+05  -0.102761E-01   0.197836E+05   0.197062E+05   0.149560E+00
   0.440830E+00   0.197480E+05   0.183119E+05   0.140638E+00   0.140620E+00   0.000000E+00   0.195087E+05   0.195087E+05   0.195087E+05  -0.100980E-01   0.194407E+05   0.193653E+05   0.143996E+00
   0.446025E+00   0.194066E+05   0.180013E+05   0.135014E+00   0.134996E+00   0.000000E+00   0.191723E+05   0.191723E+05   0.191723E+05  -0.992393E-02   0.191054E+05   0.190318E+05   0.138966E+00
   0.451219E+00   0.190715E+05   0.176938E+05   0.129650E+00   0.129633E+00   0.000000E+00   0.188419E+05   0.188419E+05   0.188419E+05  -0.975290E-02   0.187761E+05   0.187040E+05   0.134579E+00
   0.456414E+00   0.187420E+05   0.173883E+05   0.124526E+00   0.124510E+00   0.000000E+00   0.185164E+05   0.185164E+05   0.185164E+05  -0.958440E-02   0.184517E+05   0.183808E+05   0.130813E+00
   0.461609E+00   0.184176E+05   0.170849E+05   0.119628E+00   0.119613E+00   0.000000E+00   0.181955E+05   0.181955E+05   0.181955E+05  -0.941828E-02   0.181320E+05   0.180620E+05   0.127547E+00
   0.466804E+00   0.180988E+05   0.167851E+05   0.114951E+00   0.114936E+00   0.000000E+00   0.178799E+05   0.178799E+05   0.178799E+05  -0.925494E-02   0.178175E+05   0.177484E+05   0.124601E+00
   0.471999E+00   0.177874E+05   0.164918E+05   0.110494E+00   0.110480E+00   0.000000E+00   0.175714E+05   0.175714E+05   0.175714E+05  -0.909528E-02   0.175102E+05   0.174419E+05   0.121786E+00
   0.477194E+00   0.174848E+05   0.162074E+05   0.106258E+00   0.106245E+00   0.000000E+00   0.172719E+05   0.172719E+05   0.172719E+05  -0.894024E-02   0.172118E+05   0.171444E+05   0.118949E+00
   0.482389E+00   0.171920E+05   0.159335E+05   0.102238E+00   0.102224E+00   0.000000E+00   0.169822E+05   0.169822E+05   0.169822E+05  -0.879030E-02   0.169232E+05   0.168567E+05   0.115996E+00
   0.487584E+00   0.169088E+05   0.156704E+05   0.984216E-01   0.984090E-01   0.000000E+00   0.167024E+05   0.167024E+05   0.167024E+05  -0.864545E-02   0.166443E+05   0.165789E+05   0.112906E+00
   0.492778E+00   0.166349E+05   0.154175E+05   0.947978E-01   0.947856E-01   0.000000E+00   0.164320E+05   0.164320E+05   0.164320E+05  -0.850550E-02   0.163748E+05   0.163106E+05   0.109717E+00
   0.497973E+00   0.163699E+05   0.151740E+05   0.913535E-01   0.913418E-01   0.000000E+00   0.161706E+05   0.161706E+05   0.161706E+05  -0.837016E-02   0.161143E+05   0.160513E+05   0.106506E+00
   0.503168E+00   0.161128E+05   0.149384E+05   0.880746E-01   0.880633E-01   0.000000E+00   0.159171E+05   0.159171E+05   0.159171E+05  -0.823894E-02   0.158616E+05   0.157998E+05   0.103367E+00
   0.508363E+00   0.158623E+05   0.147086E+05   0.849450E-01   0.849341E-01   0.000000E+00   0.156700E+05   0.156700E+05   0.156700E+05  -0.811107E-02   0.156154E+05   0.155548E+05   0.100383E+00
   0.513558E+00   0.156171E+05   0.144831E+05   0.819505E-01   0.819400E-01   0.000000E+00   0.154281E+05   0.154281E+05   0.154281E+05  -0.798586E-02   0.153743E+05   0.153148E+05   0.976076E-01
   0.518753E+00   0.153767E+05   0.142608E+05   0.790814E-01   0.790713E-01   0.000000E+00   0.151907E+05   0.151907E+05   0.151907E+05  -0.786296E-02   0.151377E+05   0.150791E+05   0.950597E-01
   0.523948E+00   0.151408E+05   0.140419E+05   0.763318E-01   0.763220E-01   0.000000E+00   0.149577E+05   0.149577E+05   0.149577E+05  -0.774234E-02   0.149055E+05   0.148478E+05   0.927233E-01
   0.529143E+00   0.149096E+05   0.138266E+05   0.736968E-01   0.736873E-01   0.000000E+00   0.147291E+05   0.147291E+05   0.147291E+05  -0.762405E-02   0.146778E+05   0.146208E+05   0.905567E-01
   0.534337E+00   0.146832E+05   0.136152E+05   0.711716E-01   0.711625E-01   0.000000E+00   0.145052E+05   0.145052E+05   0.145052E+05  -0.750812E-02   0.144546E+05   0.143984E+05   0.885054E-01
   0.539532E+00   0.144616E+05   0.134083E+05   0.687530E-01   0.687442E-01   0.000000E+00   0.142860E+05   0.142860E+05   0.142860E+05  -0.739470E-02   0.142363E+05   0.141808E+05   0.865163E-01
   0.544727E+00   0.142455E+05   0.132068E+05   0.664389E-01   0.664304E-01   0.000000E+00   0.140724E+05   0.140724E+05   0.140724E+05  -0.728409E-02   0.140233E+05   0.139686E+05   0.845483E-01
   0.549922E+00   0.140352E+05   0.130111E+05   0.642265E-01   0.642183E-01   0.000000E+00   0.138645E+05   0.138645E+05   0.138645E+05  -0.717649E-02   0.138162E+05   0.137623E+05   0.825787E-01
   0.555117E+00   0.138305E+05   0.128213E+05   0.621109E-01   0.621029E-01   0.000000E+00   0.136623E+05   0.136623E+05   0.136623E+05  -0.707184E-02   0.136147E+05   0.135616E+05   0.806040E-01
   0.560312E+00   0.136310E+05   0.126369E+05   0.600858E-01   0.600781E-01   0.000000E+00   0.134654E+05   0.134654E+05   0.134654E+05  -0.696989E-02   0.134184E+05   0.133661E+05   0.786370E-01
   0.565507E+00   0.134365E+05   0.124573E+05   0.581459E-01   0.581384E-01   0.000000E+00   0.132733E+05   0.132733E+05   0.132733E+05  -0.687050E-02   0.132271E+05   0.131756E+05   0.767003E-01
   0.615622E+00   0.117605E+05   0.109038E+05   0.429444E-01   0.429389E-01   0.000000E+00   0.116177E+05   0.116177E+05   0.116177E+05  -0.601352E-02   0.115772E+05   0.115321E+05   0.616304E-01
   0.751923E+00   0.855979E+04   0.793695E+04   0.209524E-01   0.209497E-01   0.000000E+00   0.845599E+04   0.845599E+04   0.845599E+04  -0.437696E-02   0.842651E+04   0.839377E+04   0.366463E-01
   0.918401E+00   0.619918E+04   0.574827E+04   0.101716E-01   0.101703E-01   0.000000E+00   0.612403E+04   0.612403E+04   0.612403E+04  -0.316990E-02   0.610268E+04   0.607899E+04   0.217112E-01
   0.112174E+01   0.446954E+04   0.414451E+04   0.491588E-02   0.491525E-02   0.000000E+00   0.441537E+04   0.441537E+04   0.441537E+04  -0.228547E-02   0.439997E+04   0.438290E+04   0.128098E-01
   0.137009E+01   0.320936E+04   0.297602E+04   0.236615E-02   0.236584E-02   0.000000E+00   0.317047E+04   0.317047E+04   0.317047E+04  -0.164109E-02   0.315942E+04   0.314716E+04   0.752861E-02
   0.167343E+01   0.229595E+04   0.212904E+04   0.113467E-02   0.113452E-02   0.000000E+00   0.226813E+04   0.226813E+04   0.226813E+04  -0.117403E-02   0.226022E+04   0.225146E+04   0.440928E-02
   0.204394E+01   0.163693E+04   0.151794E+04   0.542274E-03   0.542204E-03   0.000000E+00   0.161710E+04   0.161710E+04   0.161710E+04  -0.837037E-03   0.161146E+04   0.160521E+04   0.257428E-02
   0.249647E+01   0.116344E+04   0.107888E+04   0.258355E-03   0.258322E-03   0.000000E+00   0.114935E+04   0.114935E+04   0.114935E+04  -0.594923E-03   0.114534E+04   0.114090E+04   0.149879E-02
   0.304920E+01   0.824559E+03   0.764628E+03   0.122737E-03   0.122721E-03   0.000000E+00   0.814570E+03   0.814570E+03   0.814570E+03  -0.421635E-03   0.811729E+03   0.808576E+03   0.870549E-03
   0.372430E+01   0.582852E+03   0.540488E+03   0.581558E-04   0.581484E-04   0.000000E+00   0.575791E+03   0.575791E+03   0.575791E+03  -0.298039E-03   0.573783E+03   0.571551E+03   0.504658E-03
   0.454887E+01   0.411003E+03   0.381126E+03   0.274891E-04   0.274856E-04   0.000000E+00   0.406023E+03   0.406023E+03   0.406023E+03  -0.210165E-03   0.404608E+03   0.403029E+03   0.292130E-03
   0.555600E+01   0.289177E+03   0.268152E+03   0.129646E-04   0.129630E-04   0.000000E+00   0.285673E+03   0.285673E+03   0.285673E+03  -0.147869E-03   0.284677E+03   0.283562E+03   0.168970E-03
   0.678612E+01   0.203041E+03   0.188273E+03   0.610180E-05   0.610102E-05   0.000000E+00   0.200580E+03   0.200580E+03   0.200580E+03  -0.103823E-03   0.199881E+03   0.199093E+03   0.977361E-04
   0.828858E+01   0.142290E+03   0.131935E+03   0.286633E-05   0.286596E-05   0.000000E+00   0.140564E+03   0.140564E+03   0.140564E+03  -0.727584E-04   0.140075E+03   0.139518E+03   0.565991E-04
   0.101237E+02   0.995388E+02   0.922890E+02   0.134406E-05   0.134389E-05   0.000000E+00   0.983305E+02   0.983305E+02   0.983305E+02  -0.508975E-04   0.979886E+02   0.975934E+02   0.328657E-04
   0.123651E+02   0.695171E+02   0.644472E+02   0.629197E-06   0.629117E-06   0.000000E+00   0.686721E+02   0.686721E+02   0.686721E+02  -0.355459E-04   0.684338E+02   0.681521E+02   0.191770E-04
   0.151028E+02   0.484753E+02   0.449329E+02   0.294089E-06   0.294051E-06   0.000000E+00   0.478849E+02   0.478849E+02   0.478849E+02  -0.247860E-04   0.477192E+02   0.475169E+02   0.112768E-04
   0.184466E+02   0.337536E+02   0.312796E+02   0.137256E-06   0.137238E-06   0.000000E+00   0.333412E+02   0.333412E+02   0.333412E+02  -0.172580E-04   0.332264E+02   0.330794E+02   0.670832E-05
   0.225307E+02   0.234709E+02   0.217429E+02   0.639705E-07   0.639624E-07   0.000000E+00   0.231829E+02   0.231829E+02   0.231829E+02  -0.119999E-04   0.231035E+02   0.229950E+02   0.405671E-05
   0.275191E+02   0.162999E+02   0.150918E+02   0.297750E-07   0.297712E-07   0.000000E+00   0.160985E+02   0.160985E+02   0.160985E+02  -0.833287E-05   0.160439E+02   0.159619E+02   0.250806E-05
   0.336118E+02   0.113060E+02   0.104598E+02   0.138409E-07   0.138391E-07   0.000000E+00   0.111650E+02   0.111650E+02   0.111650E+02  -0.577918E-05   0.111277E+02   0.110640E+02   0.159485E-05
   0.410536E+02   0.783304E+01   0.723819E+01   0.642572E-08   0.642490E-08   0.000000E+00   0.773390E+01   0.773390E+01   0.773390E+01  -0.400320E-05   0.770862E+01   0.765747E+01   0.104874E-05
   0.501430E+02   0.542078E+01   0.500028E+01   0.297934E-08   0.297896E-08   0.000000E+00   0.535070E+01   0.535070E+01   0.535070E+01  -0.276961E-05   0.533379E+01   0.529116E+01   0.715685E-06
   0.612448E+02   0.374727E+01   0.344750E+01   0.137954E-08   0.137937E-08   0.000000E+00   0.369730E+01   0.369730E+01   0.369730E+01  -0.191379E-05   0.368621E+01   0.364931E+01   0.507213E-06
   0.748045E+02   0.258753E+01   0.237122E+01   0.637842E-09   0.637761E-09   0.000000E+00   0.255148E+01   0.255148E+01   0.255148E+01  -0.132069E-05   0.254443E+01   0.251134E+01   0.372388E-06
   0.913665E+02   0.178467E+01   0.162595E+01   0.294417E-09   0.294380E-09   0.000000E+00   0.175822E+01   0.175822E+01   0.175822E+01  -0.910082E-06   0.175399E+01   0.172340E+01   0.281779E-06
   0.111595E+03   0.122941E+01   0.111039E+01   0.135626E-09   0.135609E-09   0.000000E+00   0.120957E+01   0.120957E+01   0.120957E+01  -0.626094E-06   0.120729E+01   0.117836E+01   0.218266E-06
