#          k/h    CDM            baryon         photon         nu             mass_nu        total          no_nu          total_de       Weyl           v_CDM          v_b            v_b-v_c     
   0.102819E-04   0.982214E+07   0.982214E+07   0.130930E+08   0.130929E+08   0.000000E+00   0.982214E+07   0.982214E+07   0.983115E+07  -0.583439E+00   0.903300E+07   0.903300E+07   0.942800E+01
   0.113644E-04   0.982214E+07   0.982214E+07   0.130923E+08   0.130921E+08   0.000000E+00   0.982214E+07   0.982214E+07   0.983114E+07  -0.583438E+00   0.903299E+07   0.903299E+07   0.104203E+02
   0.125608E-04   0.982214E+07   0.982214E+07   0.130914E+08   0.130912E+08   0.000000E+00   0.982214E+07   0.982214E+07   0.983114E+07  -0.583438E+00   0.903299E+07   0.903299E+07   0.115171E+02
   0.138832E-04   0.982213E+07   0.982213E+07   0.130904E+08   0.130901E+08   0.000000E+00   0.982213E+07   0.982213E+07   0.983114E+07  -0.583438E+00   0.903299E+07   0.903299E+07   0.127292E+02
   0.153447E-04   0.982213E+07   0.982213E+07   0.130891E+08   0.130888E+08   0.000000E+00   0.982213E+07   0.982213E+07   0.983113E+07  -0.583438E+00   0.903298E+07   0.903298E+07   0.140688E+02
   0.169602E-04   0.982212E+07   0.982212E+07   0.130875E+08   0.130872E+08   0.000000E+00   0.982212E+07   0.982212E+07   0.983112E+07  -0.583437E+00   0.903298E+07   0.903298E+07   0.155492E+02
   0.187457E-04   0.982212E+07   0.982211E+07   0.130856E+08   0.130852E+08   0.000000E+00   0.982212E+07   0.982212E+07   0.983112E+07  -0.583437E+00   0.903297E+07   0.903297E+07   0.171852E+02
   0.207192E-04   0.982211E+07   0.982211E+07   0.130832E+08   0.130827E+08   0.000000E+00   0.982211E+07   0.982211E+07   0.983111E+07  -0.583436E+00   0.903296E+07   0.903296E+07   0.189932E+02
   0.229004E-04   0.982210E+07   0.982210E+07   0.130803E+08   0.130797E+08   0.000000E+00   0.982210E+07   0.982210E+07   0.983109E+07  -0.583435E+00   0.903296E+07   0.903295E+07   0.209910E+02
   0.253113E-04   0.982208E+07   0.982208E+07   0.130768E+08   0.130761E+08   0.000000E+00   0.982208E+07   0.982208E+07   0.983108E+07  -0.583434E+00   0.903294E+07   0.903294E+07   0.231985E+02
   0.279760E-04   0.982207E+07   0.982207E+07   0.130725E+08   0.130716E+08   0.000000E+00   0.982207E+07   0.982207E+07   0.983106E+07  -0.583433E+00   0.903293E+07   0.903293E+07   0.256377E+02
   0.309213E-04   0.982205E+07   0.982205E+07   0.130673E+08   0.130662E+08   0.000000E+00   0.982205E+07   0.982205E+07   0.983104E+07  -0.583432E+00   0.903291E+07   0.903291E+07   0.283325E+02
   0.341766E-04   0.982203E+07   0.982202E+07   0.130609E+08   0.130595E+08   0.000000E+00   0.982203E+07   0.982203E+07   0.983101E+07  -0.583430E+00   0.903289E+07   0.903289E+07   0.313096E+02
   0.377746E-04   0.982200E+07   0.982200E+07   0.130531E+08   0.130514E+08   0.000000E+00   0.982200E+07   0.982200E+07   0.983098E+07  -0.583428E+00   0.903287E+07   0.903286E+07   0.345981E+02
   0.417514E-04   0.982197E+07   0.982196E+07   0.130436E+08   0.130415E+08   0.000000E+00   0.982197E+07   0.982197E+07   0.983094E+07  -0.583425E+00   0.903284E+07   0.903283E+07   0.382302E+02
   0.461468E-04   0.982193E+07   0.982192E+07   0.130319E+08   0.130294E+08   0.000000E+00   0.982192E+07   0.982192E+07   0.983089E+07  -0.583422E+00   0.903280E+07   0.903279E+07   0.422409E+02
   0.510050E-04   0.982188E+07   0.982187E+07   0.130177E+08   0.130146E+08   0.000000E+00   0.982187E+07   0.982187E+07   0.983083E+07  -0.583418E+00   0.903275E+07   0.903274E+07   0.466691E+02
   0.563747E-04   0.982181E+07   0.982180E+07   0.130004E+08   0.129966E+08   0.000000E+00   0.982181E+07   0.982181E+07   0.983075E+07  -0.583414E+00   0.903270E+07   0.903269E+07   0.515568E+02
   0.623096E-04   0.982174E+07   0.982173E+07   0.129792E+08   0.129746E+08   0.000000E+00   0.982174E+07   0.982174E+07   0.983066E+07  -0.583408E+00   0.903263E+07   0.903262E+07   0.569502E+02
   0.688694E-04   0.982165E+07   0.982163E+07   0.129534E+08   0.129478E+08   0.000000E+00   0.982164E+07   0.982164E+07   0.983055E+07  -0.583401E+00   0.903254E+07   0.903253E+07   0.628994E+02
   0.761198E-04   0.982154E+07   0.982152E+07   0.129220E+08   0.129152E+08   0.000000E+00   0.982153E+07   0.982153E+07   0.983042E+07  -0.583393E+00   0.903244E+07   0.903242E+07   0.694587E+02
   0.841334E-04   0.982140E+07   0.982138E+07   0.128837E+08   0.128754E+08   0.000000E+00   0.982139E+07   0.982139E+07   0.983025E+07  -0.583383E+00   0.903232E+07   0.903230E+07   0.766868E+02
   0.929907E-04   0.982123E+07   0.982120E+07   0.128370E+08   0.128269E+08   0.000000E+00   0.982123E+07   0.982123E+07   0.983005E+07  -0.583370E+00   0.903216E+07   0.903214E+07   0.846465E+02
   0.102781E-03   0.982103E+07   0.982099E+07   0.127802E+08   0.127679E+08   0.000000E+00   0.982102E+07   0.982102E+07   0.982981E+07  -0.583355E+00   0.903198E+07   0.903195E+07   0.934046E+02
   0.113601E-03   0.982078E+07   0.982074E+07   0.127112E+08   0.126962E+08   0.000000E+00   0.982077E+07   0.982077E+07   0.982951E+07  -0.583336E+00   0.903175E+07   0.903171E+07   0.103032E+03
   0.125560E-03   0.982047E+07   0.982042E+07   0.126273E+08   0.126092E+08   0.000000E+00   0.982046E+07   0.982046E+07   0.982915E+07  -0.583313E+00   0.903147E+07   0.903143E+07   0.113600E+03
   0.138779E-03   0.982010E+07   0.982004E+07   0.125256E+08   0.125035E+08   0.000000E+00   0.982009E+07   0.982009E+07   0.982870E+07  -0.583286E+00   0.903114E+07   0.903108E+07   0.125186E+03
   0.153389E-03   0.981965E+07   0.981957E+07   0.124024E+08   0.123757E+08   0.000000E+00   0.981964E+07   0.981964E+07   0.982816E+07  -0.583252E+00   0.903072E+07   0.903065E+07   0.137862E+03
   0.169538E-03   0.981910E+07   0.981900E+07   0.122535E+08   0.122211E+08   0.000000E+00   0.981908E+07   0.981908E+07   0.982750E+07  -0.583210E+00   0.903022E+07   0.903013E+07   0.151700E+03
   0.187386E-03   0.981843E+07   0.981831E+07   0.120739E+08   0.120348E+08   0.000000E+00   0.981841E+07   0.981841E+07   0.982670E+07  -0.583160E+00   0.902960E+07   0.902950E+07   0.166764E+03
   0.207114E-03   0.981761E+07   0.981747E+07   0.118579E+08   0.118108E+08   0.000000E+00   0.981758E+07   0.981758E+07   0.982573E+07  -0.583099E+00   0.902885E+07   0.902873E+07   0.183105E+03
   0.228918E-03   0.981661E+07   0.981644E+07   0.115991E+08   0.115425E+08   0.000000E+00   0.981658E+07   0.981658E+07   0.982454E+07  -0.583025E+00   0.902794E+07   0.902779E+07   0.200755E+03
   0.253018E-03   0.981539E+07   0.981519E+07   0.112904E+08   0.112226E+08   0.000000E+00   0.981536E+07   0.981536E+07   0.982310E+07  -0.582935E+00   0.902683E+07   0.902665E+07   0.219718E+03
   0.279655E-03   0.981391E+07   0.981367E+07   0.109240E+08   0.108432E+08   0.000000E+00   0.981387E+07   0.981387E+07   0.982136E+07  -0.582826E+00   0.902547E+07   0.902525E+07   0.239957E+03
   0.309096E-03   0.981212E+07   0.981182E+07   0.104921E+08   0.103964E+08   0.000000E+00   0.981207E+07   0.981207E+07   0.981926E+07  -0.582694E+00   0.902383E+07   0.902356E+07   0.261377E+03
   0.341636E-03   0.980994E+07   0.980958E+07   0.998694E+07   0.987436E+07   0.000000E+00   0.980988E+07   0.980988E+07   0.981671E+07  -0.582534E+00   0.902183E+07   0.902151E+07   0.283810E+03
   0.377603E-03   0.980729E+07   0.980686E+07   0.940211E+07   0.927076E+07   0.000000E+00   0.980722E+07   0.980722E+07   0.981365E+07  -0.582342E+00   0.901940E+07   0.901902E+07   0.306992E+03
   0.417356E-03   0.980409E+07   0.980357E+07   0.873334E+07   0.858168E+07   0.000000E+00   0.980401E+07   0.980401E+07   0.980997E+07  -0.582112E+00   0.901646E+07   0.901601E+07   0.330535E+03
   0.461294E-03   0.980023E+07   0.979960E+07   0.798025E+07   0.780736E+07   0.000000E+00   0.980012E+07   0.980012E+07   0.980557E+07  -0.581835E+00   0.901291E+07   0.901238E+07   0.353910E+03
   0.509857E-03   0.979557E+07   0.979483E+07   0.714832E+07   0.695432E+07   0.000000E+00   0.979545E+07   0.979545E+07   0.980031E+07  -0.581506E+00   0.900862E+07   0.900799E+07   0.376419E+03
   0.563534E-03   0.978997E+07   0.978910E+07   0.625113E+07   0.603762E+07   0.000000E+00   0.978983E+07   0.978983E+07   0.979407E+07  -0.581115E+00   0.900345E+07   0.900272E+07   0.397184E+03
   0.622861E-03   0.978327E+07   0.978224E+07   0.531243E+07   0.508306E+07   0.000000E+00   0.978310E+07   0.978310E+07   0.978669E+07  -0.580652E+00   0.899726E+07   0.899641E+07   0.415158E+03
   0.688433E-03   0.977526E+07   0.977406E+07   0.436744E+07   0.412829E+07   0.000000E+00   0.977506E+07   0.977506E+07   0.977800E+07  -0.580109E+00   0.898984E+07   0.898888E+07   0.429158E+03
   0.760910E-03   0.976574E+07   0.976435E+07   0.346198E+07   0.322175E+07   0.000000E+00   0.976550E+07   0.976550E+07   0.976782E+07  -0.579474E+00   0.898101E+07   0.897992E+07   0.437950E+03
   0.841016E-03   0.975446E+07   0.975288E+07   0.264830E+07   0.241793E+07   0.000000E+00   0.975420E+07   0.975420E+07   0.975595E+07  -0.578736E+00   0.897054E+07   0.896933E+07   0.440381E+03
   0.929556E-03   0.974118E+07   0.973940E+07   0.197603E+07   0.176761E+07   0.000000E+00   0.974088E+07   0.974088E+07   0.974218E+07  -0.577884E+00   0.895818E+07   0.895686E+07   0.435574E+03
   0.102742E-02   0.972560E+07   0.972363E+07   0.147862E+07   0.130327E+07   0.000000E+00   0.972527E+07   0.972527E+07   0.972624E+07  -0.576903E+00   0.894368E+07   0.894227E+07   0.423150E+03
   0.113558E-02   0.970744E+07   0.970529E+07   0.115806E+07   0.102329E+07   0.000000E+00   0.970708E+07   0.970708E+07   0.970784E+07  -0.575779E+00   0.892678E+07   0.892528E+07   0.403430E+03
   0.125513E-02   0.968636E+07   0.968406E+07   0.975581E+06   0.882797E+06   0.000000E+00   0.968597E+07   0.968597E+07   0.968662E+07  -0.574494E+00   0.890717E+07   0.890563E+07   0.377532E+03
   0.138727E-02   0.966201E+07   0.965959E+07   0.859217E+06   0.802897E+06   0.000000E+00   0.966160E+07   0.966160E+07   0.966218E+07  -0.573025E+00   0.888456E+07   0.888299E+07   0.347265E+03
   0.153331E-02   0.963400E+07   0.963150E+07   0.735342E+06   0.705107E+06   0.000000E+00   0.963358E+07   0.963358E+07   0.963408E+07  -0.571345E+00   0.885861E+07   0.885703E+07   0.314795E+03
   0.169474E-02   0.960190E+07   0.959936E+07   0.574083E+06   0.559094E+06   0.000000E+00   0.960148E+07   0.960148E+07   0.960186E+07  -0.569426E+00   0.882892E+07   0.882736E+07   0.282181E+03
   0.187315E-02   0.956523E+07   0.956267E+07   0.412200E+06   0.404801E+06   0.000000E+00   0.956480E+07   0.956480E+07   0.956508E+07  -0.567238E+00   0.879507E+07   0.879354E+07   0.251057E+03
   0.207035E-02   0.952348E+07   0.952090E+07   0.312812E+06   0.308093E+06   0.000000E+00   0.952305E+07   0.952305E+07   0.952326E+07  -0.564750E+00   0.875656E+07   0.875506E+07   0.222634E+03
   0.228831E-02   0.947609E+07   0.947347E+07   0.281639E+06   0.249834E+06   0.000000E+00   0.947565E+07   0.947565E+07   0.947584E+07  -0.561929E+00   0.871288E+07   0.871141E+07   0.197882E+03
   0.252922E-02   0.942247E+07   0.941977E+07   0.250479E+06   0.203363E+06   0.000000E+00   0.942202E+07   0.942202E+07   0.942218E+07  -0.558742E+00   0.866348E+07   0.866202E+07   0.177349E+03
   0.279549E-02   0.936201E+07   0.935916E+07   0.186561E+06   0.165408E+06   0.000000E+00   0.936153E+07   0.936153E+07   0.936166E+07  -0.555150E+00   0.860780E+07   0.860633E+07   0.160568E+03
   0.308979E-02   0.929404E+07   0.929100E+07   0.144732E+06   0.134422E+06   0.000000E+00   0.929353E+07   0.929353E+07   0.929363E+07  -0.551113E+00   0.854522E+07   0.854374E+07   0.146067E+03
   0.341507E-02   0.921790E+07   0.921463E+07   0.128519E+06   0.109136E+06   0.000000E+00   0.921735E+07   0.921735E+07   0.921743E+07  -0.546592E+00   0.847512E+07   0.847364E+07   0.132517E+03
   0.377460E-02   0.913288E+07   0.912935E+07   0.937821E+05   0.885143E+05   0.000000E+00   0.913229E+07   0.913229E+07   0.913235E+07  -0.541544E+00   0.839687E+07   0.839540E+07   0.119454E+03
   0.417198E-02   0.903826E+07   0.903445E+07   0.822908E+05   0.717062E+05   0.000000E+00   0.903762E+07   0.903762E+07   0.903768E+07  -0.535929E+00   0.830979E+07   0.830834E+07   0.107090E+03
   0.461119E-02   0.893331E+07   0.892915E+07   0.670355E+05   0.580160E+05   0.000000E+00   0.893262E+07   0.893262E+07   0.893266E+07  -0.529700E+00   0.821322E+07   0.821177E+07   0.961556E+02
   0.509664E-02   0.881729E+07   0.881268E+07   0.507797E+05   0.468740E+05   0.000000E+00   0.881652E+07   0.881652E+07   0.881656E+07  -0.522814E+00   0.810645E+07   0.810501E+07   0.867677E+02
   0.563320E-02   0.868944E+07   0.868429E+07   0.390829E+05   0.378136E+05   0.000000E+00   0.868858E+07   0.868858E+07   0.868861E+07  -0.515226E+00   0.798880E+07   0.798736E+07   0.783452E+02
   0.622625E-02   0.854902E+07   0.854322E+07   0.342567E+05   0.304529E+05   0.000000E+00   0.854805E+07   0.854805E+07   0.854807E+07  -0.506891E+00   0.785957E+07   0.785814E+07   0.704976E+02
   0.688173E-02   0.839525E+07   0.838869E+07   0.243624E+05   0.244794E+05   0.000000E+00   0.839416E+07   0.839416E+07   0.839418E+07  -0.497765E+00   0.771806E+07   0.771664E+07   0.634720E+02
   0.760622E-02   0.822739E+07   0.821990E+07   0.197043E+05   0.196372E+05   0.000000E+00   0.822614E+07   0.822614E+07   0.822616E+07  -0.487801E+00   0.756357E+07   0.756215E+07   0.573175E+02
   0.840698E-02   0.804466E+07   0.803607E+07   0.163170E+05   0.157172E+05   0.000000E+00   0.804323E+07   0.804323E+07   0.804324E+07  -0.476954E+00   0.739539E+07   0.739397E+07   0.517502E+02
   0.929204E-02   0.784631E+07   0.783641E+07   0.127412E+05   0.125481E+05   0.000000E+00   0.784466E+07   0.784466E+07   0.784467E+07  -0.465179E+00   0.721281E+07   0.721140E+07   0.467752E+02
   0.102703E-01   0.763158E+07   0.762014E+07   0.108698E+05   0.999004E+04   0.000000E+00   0.762967E+07   0.762967E+07   0.762968E+07  -0.452430E+00   0.701514E+07   0.701372E+07   0.423756E+02
   0.113515E-01   0.739972E+07   0.738646E+07   0.779695E+04   0.792876E+04   0.000000E+00   0.739751E+07   0.739751E+07   0.739752E+07  -0.438663E+00   0.680168E+07   0.680026E+07   0.384462E+02
   0.125466E-01   0.715003E+07   0.713467E+07   0.677280E+04   0.627089E+04   0.000000E+00   0.714747E+07   0.714747E+07   0.714748E+07  -0.423835E+00   0.657179E+07   0.657036E+07   0.349680E+02
   0.138674E-01   0.688191E+07   0.686412E+07   0.533151E+04   0.494033E+04   0.000000E+00   0.687894E+07   0.687894E+07   0.687895E+07  -0.407912E+00   0.632489E+07   0.632345E+07   0.318736E+02
   0.153273E-01   0.659490E+07   0.657437E+07   0.425514E+04   0.387501E+04   0.000000E+00   0.659147E+07   0.659147E+07   0.659148E+07  -0.390865E+00   0.606059E+07   0.605914E+07   0.291185E+02
   0.169409E-01   0.628884E+07   0.626526E+07   0.312712E+04   0.302444E+04   0.000000E+00   0.628491E+07   0.628491E+07   0.628492E+07  -0.372686E+00   0.577873E+07   0.577726E+07   0.266517E+02
   0.187244E-01   0.596406E+07   0.593713E+07   0.250485E+04   0.234756E+04   0.000000E+00   0.595957E+07   0.595957E+07   0.595957E+07  -0.353394E+00   0.547960E+07   0.547811E+07   0.244189E+02
   0.206957E-01   0.562154E+07   0.559107E+07   0.206889E+04   0.181100E+04   0.000000E+00   0.561646E+07   0.561646E+07   0.561646E+07  -0.333048E+00   0.516415E+07   0.516264E+07   0.223670E+02
   0.228745E-01   0.526332E+07   0.522925E+07   0.151288E+04   0.138772E+04   0.000000E+00   0.525764E+07   0.525764E+07   0.525764E+07  -0.311770E+00   0.483424E+07   0.483271E+07   0.204426E+02
   0.252826E-01   0.489276E+07   0.485524E+07   0.110768E+04   0.105575E+04   0.000000E+00   0.488651E+07   0.488651E+07   0.488651E+07  -0.289763E+00   0.449302E+07   0.449148E+07   0.185883E+02
   0.279443E-01   0.451498E+07   0.447444E+07   0.861201E+03   0.797301E+03   0.000000E+00   0.450823E+07   0.450823E+07   0.450823E+07  -0.267331E+00   0.414521E+07   0.414369E+07   0.167536E+02
   0.308862E-01   0.413704E+07   0.409428E+07   0.667283E+03   0.597875E+03   0.000000E+00   0.412991E+07   0.412991E+07   0.412991E+07  -0.244898E+00   0.379738E+07   0.379588E+07   0.148978E+02
   0.341378E-01   0.376791E+07   0.372416E+07   0.426407E+03   0.445639E+03   0.000000E+00   0.376062E+07   0.376062E+07   0.376062E+07  -0.222999E+00   0.345783E+07   0.345639E+07   0.129924E+02
   0.377317E-01   0.341797E+07   0.337487E+07   0.332902E+03   0.330852E+03   0.000000E+00   0.341079E+07   0.341079E+07   0.341079E+07  -0.202255E+00   0.313617E+07   0.313482E+07   0.110335E+02
   0.417040E-01   0.309760E+07   0.305709E+07   0.244157E+03   0.245423E+03   0.000000E+00   0.309085E+07   0.309085E+07   0.309085E+07  -0.183283E+00   0.284199E+07   0.284076E+07   0.905097E+01
   0.458744E-01   0.282652E+07   0.279033E+07   0.191359E+03   0.185089E+03   0.000000E+00   0.282049E+07   0.282049E+07   0.282049E+07  -0.167251E+00   0.259340E+07   0.259232E+07   0.720316E+01
   0.500448E-01   0.261343E+07   0.258248E+07   0.148698E+03   0.143825E+03   0.000000E+00   0.260827E+07   0.260827E+07   0.260827E+07  -0.154666E+00   0.239825E+07   0.239733E+07   0.563067E+01
   0.542152E-01   0.244182E+07   0.241629E+07   0.118411E+03   0.114531E+03   0.000000E+00   0.243757E+07   0.243757E+07   0.243757E+07  -0.144544E+00   0.224128E+07   0.224051E+07   0.435361E+01
   0.583856E-01   0.229876E+07   0.227815E+07   0.961431E+02   0.929925E+02   0.000000E+00   0.229532E+07   0.229532E+07   0.229532E+07  -0.136109E+00   0.211047E+07   0.210983E+07   0.337458E+01
   0.625560E-01   0.217320E+07   0.215653E+07   0.791950E+02   0.765998E+02   0.000000E+00   0.217042E+07   0.217042E+07   0.217042E+07  -0.128703E+00   0.199562E+07   0.199508E+07   0.267408E+01
   0.667264E-01   0.205587E+07   0.204189E+07   0.658572E+02   0.636991E+02   0.000000E+00   0.205354E+07   0.205354E+07   0.205354E+07  -0.121772E+00   0.188815E+07   0.188767E+07   0.221357E+01
   0.708968E-01   0.194091E+07   0.192833E+07   0.550780E+02   0.532731E+02   0.000000E+00   0.193881E+07   0.193881E+07   0.193881E+07  -0.114969E+00   0.178266E+07   0.178221E+07   0.194259E+01
   0.750672E-01   0.182587E+07   0.181355E+07   0.462140E+02   0.446995E+02   0.000000E+00   0.182381E+07   0.182381E+07   0.182381E+07  -0.108149E+00   0.167692E+07   0.167648E+07   0.180552E+01
   0.792376E-01   0.171127E+07   0.169839E+07   0.388686E+02   0.375949E+02   0.000000E+00   0.170912E+07   0.170912E+07   0.170912E+07  -0.101348E+00   0.157148E+07   0.157102E+07   0.174833E+01
   0.834080E-01   0.159949E+07   0.158563E+07   0.327809E+02   0.317067E+02   0.000000E+00   0.159718E+07   0.159718E+07   0.159718E+07  -0.947103E-01   0.146856E+07   0.146809E+07   0.172416E+01
   0.875784E-01   0.149346E+07   0.147856E+07   0.277559E+02   0.268463E+02   0.000000E+00   0.149098E+07   0.149098E+07   0.149098E+07  -0.884129E-01   0.137092E+07   0.137043E+07   0.169718E+01
   0.927733E-01   0.137367E+07   0.135790E+07   0.227445E+02   0.219992E+02   0.000000E+00   0.137104E+07   0.137104E+07   0.137104E+07  -0.813009E-01   0.126065E+07   0.126016E+07   0.162630E+01
   0.979682E-01   0.127164E+07   0.125580E+07   0.188781E+02   0.182595E+02   0.000000E+00   0.126900E+07   0.126900E+07   0.126900E+07  -0.752498E-01   0.116682E+07   0.116635E+07   0.149998E+01
   0.103163E+00   0.118946E+07   0.117448E+07   0.159242E+02   0.154024E+02   0.000000E+00   0.118697E+07   0.118697E+07   0.118697E+07  -0.703853E-01   0.109140E+07   0.109095E+07   0.132621E+01
   0.108358E+00   0.112553E+07   0.111214E+07   0.136599E+02   0.132122E+02   0.000000E+00   0.112330E+07   0.112330E+07   0.112330E+07  -0.666101E-01   0.103285E+07   0.103245E+07   0.112774E+01
   0.113553E+00   0.107508E+07   0.106366E+07   0.118837E+02   0.114943E+02   0.000000E+00   0.107318E+07   0.107318E+07   0.107318E+07  -0.636378E-01   0.986758E+06   0.986413E+06   0.932077E+00
   0.118748E+00   0.103233E+07   0.102284E+07   0.104372E+02   0.100952E+02   0.000000E+00   0.103074E+07   0.103074E+07   0.103074E+07  -0.611216E-01   0.947737E+06   0.947442E+06   0.763226E+00
   0.123943E+00   0.992217E+06   0.984300E+06   0.921040E+01   0.890858E+01   0.000000E+00   0.990898E+06   0.990898E+06   0.990898E+06  -0.587588E-01   0.911095E+06   0.910838E+06   0.636278E+00
   0.129137E+00   0.951141E+06   0.944204E+06   0.813403E+01   0.786748E+01   0.000000E+00   0.949985E+06   0.949985E+06   0.949985E+06  -0.563327E-01   0.873475E+06   0.873241E+06   0.555266E+00
   0.134332E+00   0.907292E+06   0.900708E+06   0.717056E+01   0.693558E+01   0.000000E+00   0.906195E+06   0.906195E+06   0.906195E+06  -0.537360E-01   0.833211E+06   0.832986E+06   0.514300E+00
   0.139527E+00   0.860842E+06   0.854104E+06   0.630563E+01   0.609899E+01   0.000000E+00   0.859719E+06   0.859719E+06   0.859719E+06  -0.509800E-01   0.790481E+06   0.790253E+06   0.500964E+00
   0.144722E+00   0.813487E+06   0.806305E+06   0.553765E+01   0.535619E+01   0.000000E+00   0.812290E+06   0.812290E+06   0.812290E+06  -0.481676E-01   0.746875E+06   0.746639E+06   0.500484E+00
   0.149917E+00   0.767614E+06   0.759947E+06   0.486851E+01   0.470898E+01   0.000000E+00   0.766336E+06   0.766336E+06   0.766336E+06  -0.454426E-01   0.704626E+06   0.704381E+06   0.499538E+00
   0.155112E+00   0.725608E+06   0.717627E+06   0.429823E+01   0.415738E+01   0.000000E+00   0.724278E+06   0.724278E+06   0.724278E+06  -0.429486E-01   0.665957E+06   0.665710E+06   0.488942E+00
   0.160307E+00   0.689277E+06   0.681288E+06   0.382228E+01   0.369703E+01   0.000000E+00   0.687946E+06   0.687946E+06   0.687946E+06  -0.407942E-01   0.632552E+06   0.632309E+06   0.464820E+00
   0.165502E+00   0.659293E+06   0.651628E+06   0.343008E+01   0.331768E+01   0.000000E+00   0.658015E+06   0.658015E+06   0.658015E+06  -0.390193E-01   0.605031E+06   0.604800E+06   0.428248E+00
   0.170696E+00   0.635012E+06   0.627942E+06   0.310600E+01   0.300422E+01   0.000000E+00   0.633833E+06   0.633833E+06   0.633833E+06  -0.375854E-01   0.582795E+06   0.582581E+06   0.383815E+00
   0.175891E+00   0.614902E+06   0.608576E+06   0.283303E+01   0.274019E+01   0.000000E+00   0.613848E+06   0.613848E+06   0.613848E+06  -0.364003E-01   0.564416E+06   0.564223E+06   0.337700E+00
   0.181086E+00   0.597148E+06   0.591564E+06   0.259608E+01   0.251101E+01   0.000000E+00   0.596217E+06   0.596217E+06   0.596217E+06  -0.353548E-01   0.548203E+06   0.548029E+06   0.295805E+00
   0.186281E+00   0.580033E+06   0.575067E+06   0.238332E+01   0.230522E+01   0.000000E+00   0.579205E+06   0.579205E+06   0.579205E+06  -0.343460E-01   0.532560E+06   0.532400E+06   0.262330E+00
   0.191476E+00   0.562222E+06   0.557667E+06   0.218666E+01   0.211501E+01   0.000000E+00   0.561463E+06   0.561463E+06   0.561463E+06  -0.332939E-01   0.516245E+06   0.516096E+06   0.239049E+00
   0.196671E+00   0.543056E+06   0.538686E+06   0.200203E+01   0.193643E+01   0.000000E+00   0.542327E+06   0.542327E+06   0.542327E+06  -0.321592E-01   0.498651E+06   0.498506E+06   0.225337E+00
   0.201866E+00   0.522661E+06   0.518285E+06   0.182884E+01   0.176891E+01   0.000000E+00   0.521931E+06   0.521931E+06   0.521931E+06  -0.309498E-01   0.479898E+06   0.479754E+06   0.218768E+00
   0.207060E+00   0.501730E+06   0.497230E+06   0.166844E+01   0.161376E+01   0.000000E+00   0.500980E+06   0.500980E+06   0.500980E+06  -0.297073E-01   0.460635E+06   0.460489E+06   0.216008E+00
   0.212255E+00   0.481185E+06   0.476533E+06   0.152256E+01   0.147267E+01   0.000000E+00   0.480409E+06   0.480409E+06   0.480409E+06  -0.284876E-01   0.441723E+06   0.441575E+06   0.213755E+00
   0.217450E+00   0.461933E+06   0.457180E+06   0.139249E+01   0.134686E+01   0.000000E+00   0.461141E+06   0.461141E+06   0.461141E+06  -0.273450E-01   0.424007E+06   0.423859E+06   0.209490E+00
   0.222645E+00   0.444672E+06   0.439922E+06   0.127854E+01   0.123665E+01   0.000000E+00   0.443880E+06   0.443880E+06   0.443880E+06  -0.263214E-01   0.408137E+06   0.407990E+06   0.201899E+00
   0.227840E+00   0.429709E+06   0.425084E+06   0.117981E+01   0.114114E+01   0.000000E+00   0.428938E+06   0.428938E+06   0.428938E+06  -0.254354E-01   0.394398E+06   0.394256E+06   0.190918E+00
   0.233035E+00   0.416912E+06   0.412517E+06   0.109425E+01   0.105839E+01   0.000000E+00   0.416180E+06   0.416180E+06   0.416180E+06  -0.246788E-01   0.382667E+06   0.382532E+06   0.177481E+00
   0.238230E+00   0.405830E+06   0.401731E+06   0.101930E+01   0.985895E+00   0.000000E+00   0.405147E+06   0.405147E+06   0.405147E+06  -0.240246E-01   0.372522E+06   0.372395E+06   0.163100E+00
   0.243425E+00   0.395848E+06   0.392058E+06   0.952332E+00   0.921124E+00   0.000000E+00   0.395216E+06   0.395216E+06   0.395216E+06  -0.234357E-01   0.363390E+06   0.363271E+06   0.149374E+00
   0.248619E+00   0.386302E+06   0.382786E+06   0.891009E+00   0.861811E+00   0.000000E+00   0.385716E+06   0.385716E+06   0.385716E+06  -0.228724E-01   0.354654E+06   0.354542E+06   0.137579E+00
   0.253814E+00   0.376624E+06   0.373313E+06   0.833537E+00   0.806223E+00   0.000000E+00   0.376072E+06   0.376072E+06   0.376072E+06  -0.223005E-01   0.345786E+06   0.345680E+06   0.128410E+00
   0.259009E+00   0.366505E+06   0.363317E+06   0.778943E+00   0.753417E+00   0.000000E+00   0.365974E+06   0.365974E+06   0.365974E+06  -0.217017E-01   0.336501E+06   0.336398E+06   0.121930E+00
   0.264204E+00   0.355955E+06   0.352815E+06   0.727046E+00   0.703221E+00   0.000000E+00   0.355431E+06   0.355431E+06   0.355431E+06  -0.210766E-01   0.326808E+06   0.326706E+06   0.117671E+00
   0.269399E+00   0.345200E+06   0.342057E+06   0.678115E+00   0.655893E+00   0.000000E+00   0.344676E+06   0.344676E+06   0.344676E+06  -0.204388E-01   0.316919E+06   0.316818E+06   0.114827E+00
   0.274594E+00   0.334545E+06   0.331377E+06   0.632512E+00   0.611785E+00   0.000000E+00   0.334017E+06   0.334017E+06   0.334017E+06  -0.198067E-01   0.307119E+06   0.307018E+06   0.112492E+00
   0.279789E+00   0.324302E+06   0.321117E+06   0.590552E+00   0.571200E+00   0.000000E+00   0.323771E+06   0.323771E+06   0.323771E+06  -0.191991E-01   0.297698E+06   0.297598E+06   0.109893E+00
   0.284984E+00   0.314760E+06   0.311591E+06   0.552446E+00   0.534343E+00   0.000000E+00   0.314232E+06   0.314232E+06   0.314232E+06  -0.186335E-01   0.288928E+06   0.288829E+06   0.106541E+00
   0.290178E+00   0.306110E+06   0.302997E+06   0.518191E+00   0.501211E+00   0.000000E+00   0.305592E+06   0.305592E+06   0.305592E+06  -0.181211E-01   0.280983E+06   0.280887E+06   0.102290E+00
   0.295373E+00   0.298368E+06   0.295352E+06   0.487480E+00   0.471506E+00   0.000000E+00   0.297866E+06   0.297866E+06   0.297866E+06  -0.176630E-01   0.273879E+06   0.273786E+06   0.972889E-01
   0.300568E+00   0.291386E+06   0.288495E+06   0.459774E+00   0.444707E+00   0.000000E+00   0.290904E+06   0.290904E+06   0.290904E+06  -0.172502E-01   0.267478E+06   0.267388E+06   0.918934E-01
   0.305763E+00   0.284937E+06   0.282183E+06   0.434470E+00   0.420233E+00   0.000000E+00   0.284478E+06   0.284478E+06   0.284478E+06  -0.168691E-01   0.261569E+06   0.261483E+06   0.865401E-01
   0.310958E+00   0.278794E+06   0.276170E+06   0.411037E+00   0.397568E+00   0.000000E+00   0.278357E+06   0.278357E+06   0.278357E+06  -0.165061E-01   0.255941E+06   0.255858E+06   0.816286E-01
   0.316153E+00   0.272758E+06   0.270244E+06   0.389045E+00   0.376296E+00   0.000000E+00   0.272339E+06   0.272339E+06   0.272339E+06  -0.161493E-01   0.250408E+06   0.250328E+06   0.774289E-01
   0.321348E+00   0.266680E+06   0.264247E+06   0.368182E+00   0.356117E+00   0.000000E+00   0.266274E+06   0.266274E+06   0.266274E+06  -0.157897E-01   0.244831E+06   0.244753E+06   0.740368E-01
   0.326543E+00   0.260494E+06   0.258113E+06   0.348289E+00   0.336876E+00   0.000000E+00   0.260097E+06   0.260097E+06   0.260097E+06  -0.154234E-01   0.239151E+06   0.239075E+06   0.713829E-01
   0.331737E+00   0.254239E+06   0.251888E+06   0.329357E+00   0.318564E+00   0.000000E+00   0.253847E+06   0.253847E+06   0.253847E+06  -0.150528E-01   0.233405E+06   0.233330E+06   0.692787E-01
   0.336932E+00   0.248027E+06   0.245692E+06   0.311468E+00   0.301262E+00   0.000000E+00   0.247638E+06   0.247638E+06   0.247638E+06  -0.146845E-01   0.227695E+06   0.227621E+06   0.674791E-01
   0.342127E+00   0.241984E+06   0.239663E+06   0.294712E+00   0.285055E+00   0.000000E+00   0.241597E+06   0.241597E+06   0.241597E+06  -0.143264E-01   0.222142E+06   0.222068E+06   0.657450E-01
   0.347322E+00   0.236214E+06   0.233914E+06   0.279136E+00   0.269989E+00   0.000000E+00   0.235830E+06   0.235830E+06   0.235830E+06  -0.139844E-01   0.216839E+06   0.216767E+06   0.638951E-01
   0.352517E+00   0.230784E+06   0.228518E+06   0.264738E+00   0.256062E+00   0.000000E+00   0.230407E+06   0.230407E+06   0.230407E+06  -0.136628E-01   0.211852E+06   0.211781E+06   0.618369E-01
   0.357712E+00   0.225727E+06   0.223508E+06   0.251469E+00   0.243229E+00   0.000000E+00   0.225357E+06   0.225357E+06   0.225357E+06  -0.133633E-01   0.207209E+06   0.207140E+06   0.595708E-01
   0.362907E+00   0.221023E+06   0.218865E+06   0.239233E+00   0.231394E+00   0.000000E+00   0.220663E+06   0.220663E+06   0.220663E+06  -0.130850E-01   0.202894E+06   0.202826E+06   0.571706E-01
   0.368102E+00   0.216609E+06   0.214517E+06   0.227889E+00   0.220421E+00   0.000000E+00   0.216260E+06   0.216260E+06   0.216260E+06  -0.128239E-01   0.198845E+06   0.198779E+06   0.547500E-01
   0.373296E+00   0.212396E+06   0.210370E+06   0.217285E+00   0.210165E+00   0.000000E+00   0.212058E+06   0.212058E+06   0.212058E+06  -0.125747E-01   0.194981E+06   0.194917E+06   0.524288E-01
   0.378491E+00   0.208301E+06   0.206337E+06   0.207291E+00   0.200498E+00   0.000000E+00   0.207974E+06   0.207974E+06   0.207974E+06  -0.123326E-01   0.191226E+06   0.191164E+06   0.503033E-01
   0.383686E+00   0.204266E+06   0.202355E+06   0.197811E+00   0.191328E+00   0.000000E+00   0.203948E+06   0.203948E+06   0.203948E+06  -0.120938E-01   0.187524E+06   0.187463E+06   0.484279E-01
   0.388881E+00   0.200255E+06   0.198385E+06   0.188780E+00   0.182594E+00   0.000000E+00   0.199943E+06   0.199943E+06   0.199943E+06  -0.118563E-01   0.183842E+06   0.183782E+06   0.468071E-01
   0.394076E+00   0.196257E+06   0.194419E+06   0.180165E+00   0.174261E+00   0.000000E+00   0.195951E+06   0.195951E+06   0.195951E+06  -0.116196E-01   0.180171E+06   0.180112E+06   0.454031E-01
   0.399271E+00   0.192294E+06   0.190480E+06   0.171961E+00   0.166326E+00   0.000000E+00   0.191992E+06   0.191992E+06   0.191992E+06  -0.113848E-01   0.176531E+06   0.176473E+06   0.441519E-01
   0.404466E+00   0.188408E+06   0.186616E+06   0.164184E+00   0.158803E+00   0.000000E+00   0.188110E+06   0.188110E+06   0.188110E+06  -0.111546E-01   0.172961E+06   0.172905E+06   0.429820E-01
   0.409661E+00   0.184643E+06   0.182873E+06   0.156845E+00   0.151706E+00   0.000000E+00   0.184348E+06   0.184348E+06   0.184348E+06  -0.109316E-01   0.169503E+06   0.169447E+06   0.418305E-01
   0.414855E+00   0.181025E+06   0.179280E+06   0.149944E+00   0.145031E+00   0.000000E+00   0.180735E+06   0.180735E+06   0.180735E+06  -0.107173E-01   0.166180E+06   0.166125E+06   0.406545E-01
   0.420050E+00   0.177570E+06   0.175854E+06   0.143466E+00   0.138764E+00   0.000000E+00   0.177284E+06   0.177284E+06   0.177284E+06  -0.105127E-01   0.163007E+06   0.162953E+06   0.394373E-01
   0.425245E+00   0.174279E+06   0.172597E+06   0.137388E+00   0.132886E+00   0.000000E+00   0.173999E+06   0.173999E+06   0.173999E+06  -0.103179E-01   0.159987E+06   0.159934E+06   0.381873E-01
   0.430440E+00   0.171144E+06   0.169498E+06   0.131680E+00   0.127365E+00   0.000000E+00   0.170870E+06   0.170870E+06   0.170870E+06  -0.101323E-01   0.157110E+06   0.157058E+06   0.369308E-01
   0.435635E+00   0.168136E+06   0.166527E+06   0.126300E+00   0.122161E+00   0.000000E+00   0.167868E+06   0.167868E+06   0.167868E+06  -0.995430E-02   0.154349E+06   0.154299E+06   0.357010E-01
   0.440830E+00   0.165220E+06   0.163649E+06   0.121203E+00   0.117231E+00   0.000000E+00   0.164958E+06   0.164958E+06   0.164958E+06  -0.978178E-02   0.151674E+06   0.151625E+06   0.345294E-01
   0.446025E+00   0.162371E+06   0.160833E+06   0.116355E+00   0.112542E+00   0.000000E+00   0.162114E+06   0.162114E+06   0.162114E+06  -0.961314E-02   0.149059E+06   0.149011E+06   0.334384E-01
   0.451219E+00   0.159572E+06   0.158064E+06   0.111732E+00   0.108071E+00   0.000000E+00   0.159320E+06   0.159320E+06   0.159320E+06  -0.944746E-02   0.146490E+06   0.146443E+06   0.324381E-01
   0.456414E+00   0.156815E+06   0.155333E+06   0.107316E+00   0.103800E+00   0.000000E+00   0.156568E+06   0.156568E+06   0.156568E+06  -0.928424E-02   0.143959E+06   0.143913E+06   0.315246E-01
   0.461609E+00   0.154097E+06   0.152639E+06   0.103096E+00   0.997178E-01   0.000000E+00   0.153854E+06   0.153854E+06   0.153854E+06  -0.912332E-02   0.141464E+06   0.141418E+06   0.306832E-01
   0.466804E+00   0.151425E+06   0.149988E+06   0.990658E-01   0.958194E-01   0.000000E+00   0.151186E+06   0.151186E+06   0.151186E+06  -0.896509E-02   0.139011E+06   0.138965E+06   0.298934E-01
   0.471999E+00   0.148814E+06   0.147396E+06   0.952255E-01   0.921050E-01   0.000000E+00   0.148578E+06   0.148578E+06   0.148578E+06  -0.881043E-02   0.136613E+06   0.136568E+06   0.291347E-01
   0.477194E+00   0.146278E+06   0.144880E+06   0.915754E-01   0.885745E-01   0.000000E+00   0.146045E+06   0.146045E+06   0.146045E+06  -0.866025E-02   0.134284E+06   0.134240E+06   0.283905E-01
   0.482389E+00   0.143825E+06   0.142448E+06   0.881107E-01   0.852233E-01   0.000000E+00   0.143596E+06   0.143596E+06   0.143596E+06  -0.851500E-02   0.132032E+06   0.131988E+06   0.276505E-01
   0.487584E+00   0.141455E+06   0.140100E+06   0.848220E-01   0.820424E-01   0.000000E+00   0.141229E+06   0.141229E+06   0.141229E+06  -0.837469E-02   0.129856E+06   0.129813E+06   0.269114E-01
   0.492778E+00   0.139165E+06   0.137833E+06   0.816987E-01   0.790215E-01   0.000000E+00   0.138943E+06   0.138943E+06   0.138943E+06  -0.823912E-02   0.127754E+06   0.127712E+06   0.261769E-01
   0.497973E+00   0.136950E+06   0.135642E+06   0.787301E-01   0.761502E-01   0.000000E+00   0.136732E+06   0.136732E+06   0.136732E+06  -0.810802E-02   0.125721E+06   0.125680E+06   0.254550E-01
   0.503168E+00   0.134803E+06   0.133518E+06   0.759039E-01   0.734166E-01   0.000000E+00   0.134589E+06   0.134589E+06   0.134589E+06  -0.798091E-02   0.123750E+06   0.123710E+06   0.247550E-01
   0.508363E+00   0.132710E+06   0.131448E+06   0.732065E-01   0.708076E-01   0.000000E+00   0.132500E+06   0.132500E+06   0.132500E+06  -0.785705E-02   0.121830E+06   0.121790E+06   0.240848E-01
   0.513558E+00   0.130661E+06   0.129420E+06   0.706256E-01   0.683113E-01   0.000000E+00   0.130454E+06   0.130454E+06   0.130454E+06  -0.773576E-02   0.119949E+06   0.119910E+06   0.234492E-01
   0.518753E+00   0.128650E+06   0.127429E+06   0.681529E-01   0.659196E-01   0.000000E+00   0.128447E+06   0.128447E+06   0.128447E+06  -0.761670E-02   0.118103E+06   0.118064E+06   0.228495E-01
   0.523948E+00   0.126677E+06   0.125474E+06   0.657833E-01   0.636276E-01   0.000000E+00   0.126476E+06   0.126476E+06   0.126476E+06  -0.749986E-02   0.116291E+06   0.116253E+06   0.222835E-01
   0.529143E+00   0.124742E+06   0.123556E+06   0.635126E-01   0.614313E-01   0.000000E+00   0.124544E+06   0.124544E+06   0.124544E+06  -0.738528E-02   0.114515E+06   0.114477E+06   0.217463E-01
   0.534337E+00   0.122845E+06   0.121676E+06   0.613365E-01   0.593266E-01   0.000000E+00   0.122650E+06   0.122650E+06   0.122650E+06  -0.727298E-02   0.112773E+06   0.112736E+06   0.212313E-01
   0.539532E+00   0.120990E+06   0.119837E+06   0.592523E-01   0.573106E-01   0.000000E+00   0.120798E+06   0.120798E+06   0.120798E+06  -0.716311E-02   0.111070E+06   0.111033E+06   0.207325E-01
   0.544727E+00   0.119180E+06   0.118043E+06   0.572580E-01   0.553817E-01   0.000000E+00   0.118991E+06   0.118991E+06   0.118991E+06  -0.705597E-02   0.109408E+06   0.109372E+06   0.202453E-01
   0.549922E+00   0.117420E+06   0.116299E+06   0.553515E-01   0.535377E-01   0.000000E+00   0.117233E+06   0.117233E+06   0.117233E+06  -0.695174E-02   0.107792E+06   0.107757E+06   0.197672E-01
   0.555117E+00   0.115707E+06   0.114603E+06   0.535282E-01   0.517741E-01   0.000000E+00   0.115523E+06   0.115523E+06   0.115523E+06  -0.685036E-02   0.106220E+06   0.106185E+06   0.192973E-01
   0.560312E+00   0.114039E+06   0.112951E+06   0.517828E-01   0.500860E-01   0.000000E+00   0.113858E+06   0.113858E+06   0.113858E+06  -0.675161E-02   0.104689E+06   0.104655E+06   0.188367E-01
   0.565507E+00   0.112413E+06   0.111341E+06   0.501109E-01   0.484688E-01   0.000000E+00   0.112234E+06   0.112234E+06   0.112234E+06  -0.665533E-02   0.103196E+06   0.103162E+06   0.183874E-01
   0.615622E+00   0.983912E+05   0.974536E+05   0.370100E-01   0.357972E-01   0.000000E+00   0.982349E+05   0.982349E+05   0.982349E+05  -0.582519E-02   0.903241E+05   0.902945E+05   0.147931E-01
   0.751923E+00   0.716143E+05   0.709326E+05   0.180570E-01   0.174653E-01   0.000000E+00   0.715007E+05   0.715007E+05   0.715007E+05  -0.423988E-02   0.657428E+05   0.657211E+05   0.883201E-02
   0.918401E+00   0.518648E+05   0.513712E+05   0.876597E-02   0.847872E-02   0.000000E+00   0.517825E+05   0.517825E+05   0.517825E+05  -0.307063E-02   0.476125E+05   0.475967E+05   0.525761E-02
   0.112174E+01   0.373940E+05   0.370381E+05   0.423654E-02   0.409771E-02   0.000000E+00   0.373347E+05   0.373347E+05   0.373347E+05  -0.221389E-02   0.343281E+05   0.343167E+05   0.312288E-02
   0.137009E+01   0.268509E+05   0.265954E+05   0.203916E-02   0.197234E-02   0.000000E+00   0.268083E+05   0.268083E+05   0.268083E+05  -0.158969E-02   0.246495E+05   0.246412E+05   0.185326E-02
   0.167343E+01   0.192089E+05   0.190261E+05   0.977861E-03   0.945818E-03   0.000000E+00   0.191785E+05   0.191785E+05   0.191785E+05  -0.113725E-02   0.176340E+05   0.176280E+05   0.110081E-02
   0.204394E+01   0.136953E+05   0.135649E+05   0.467332E-03   0.452018E-03   0.000000E+00   0.136735E+05   0.136735E+05   0.136735E+05  -0.810820E-03   0.125724E+05   0.125680E+05   0.656011E-03
   0.249647E+01   0.973389E+04   0.964115E+04   0.222650E-03   0.215354E-03   0.000000E+00   0.971843E+04   0.971843E+04   0.971843E+04  -0.576288E-03   0.893583E+04   0.893262E+04   0.393449E-03
   0.304920E+01   0.689862E+04   0.683283E+04   0.105774E-03   0.102308E-03   0.000000E+00   0.688766E+04   0.688766E+04   0.688766E+04  -0.408428E-03   0.633302E+04   0.633065E+04   0.238457E-03
   0.372430E+01   0.487639E+04   0.482981E+04   0.501181E-04   0.484758E-04   0.000000E+00   0.486863E+04   0.486863E+04   0.486863E+04  -0.288702E-03   0.447658E+04   0.447480E+04   0.146783E-03
   0.454887E+01   0.343862E+04   0.340569E+04   0.236896E-04   0.229134E-04   0.000000E+00   0.343313E+04   0.343313E+04   0.343313E+04  -0.203580E-03   0.315668E+04   0.315531E+04   0.923095E-04
   0.555600E+01   0.241936E+04   0.239610E+04   0.111725E-04   0.108064E-04   0.000000E+00   0.241549E+04   0.241549E+04   0.241549E+04  -0.143235E-03   0.222099E+04   0.221991E+04   0.596799E-04
   0.678612E+01   0.169871E+04   0.168228E+04   0.525822E-05   0.508595E-05   0.000000E+00   0.169597E+04   0.169597E+04   0.169597E+04  -0.100569E-03   0.155942E+04   0.155854E+04   0.398871E-04
   0.828858E+01   0.119043E+04   0.117882E+04   0.246998E-05   0.238906E-05   0.000000E+00   0.118850E+04   0.118850E+04   0.118850E+04  -0.704762E-04   0.109281E+04   0.109207E+04   0.276617E-04
   0.101237E+02   0.832756E+03   0.824529E+03   0.115815E-05   0.112021E-05   0.000000E+00   0.831385E+03   0.831385E+03   0.831385E+03  -0.492999E-04   0.764459E+03   0.763801E+03   0.199235E-04
   0.123651E+02   0.581578E+03   0.575724E+03   0.542130E-06   0.524376E-06   0.000000E+00   0.580602E+03   0.580602E+03   0.580602E+03  -0.344289E-04   0.533873E+03   0.533273E+03   0.148721E-04
   0.151028E+02   0.405530E+03   0.401334E+03   0.253367E-06   0.245072E-06   0.000000E+00   0.404831E+03   0.404831E+03   0.404831E+03  -0.240059E-04   0.372257E+03   0.371693E+03   0.114536E-04
   0.184466E+02   0.282359E+03   0.279320E+03   0.118232E-06   0.114363E-06   0.000000E+00   0.281853E+03   0.281853E+03   0.281853E+03  -0.167134E-04   0.259183E+03   0.258639E+03   0.904795E-05
   0.225307E+02   0.196327E+03   0.194092E+03   0.550914E-07   0.532897E-07   0.000000E+00   0.195955E+03   0.195955E+03   0.195955E+03  -0.116198E-04   0.180204E+03   0.179669E+03   0.728826E-05
   0.275191E+02   0.136329E+03   0.134651E+03   0.256333E-07   0.247959E-07   0.000000E+00   0.136049E+03   0.136049E+03   0.136049E+03  -0.806753E-05   0.125124E+03   0.124589E+03   0.595446E-05
   0.336118E+02   0.945465E+02   0.932521E+02   0.119095E-07   0.115210E-07   0.000000E+00   0.943308E+02   0.943308E+02   0.943308E+02  -0.559368E-05   0.867656E+02   0.862272E+02   0.491240E-05
   0.410536E+02   0.654883E+02   0.644570E+02   0.552484E-08   0.534500E-08   0.000000E+00   0.653164E+02   0.653164E+02   0.653164E+02  -0.387317E-05   0.600887E+02   0.595428E+02   0.407826E-05
   0.501430E+02   0.453046E+02   0.444525E+02   0.255872E-08   0.247571E-08   0.000000E+00   0.451626E+02   0.451626E+02   0.451626E+02  -0.267807E-05   0.415588E+02   0.410033E+02   0.339798E-05
   0.612448E+02   0.313016E+02   0.305706E+02   0.118277E-08   0.114459E-08   0.000000E+00   0.311798E+02   0.311798E+02   0.311798E+02  -0.184891E-05   0.287030E+02   0.281368E+02   0.283534E-05
   0.748045E+02   0.215973E+02   0.209473E+02   0.545488E-09   0.528007E-09   0.000000E+00   0.214889E+02   0.214889E+02   0.214889E+02  -0.127426E-05   0.197934E+02   0.192166E+02   0.236501E-05
   0.913665E+02   0.148789E+02   0.142827E+02   0.250850E-09   0.242900E-09   0.000000E+00   0.147795E+02   0.147795E+02   0.147795E+02  -0.876403E-06   0.136251E+02   0.130387E+02   0.196849E-05
   0.111595E+03   0.102322E+02   0.967207E+01   0.114921E-09   0.111338E-09   0.000000E+00   0.101388E+02   0.101388E+02   0.101388E+02  -0.601217E-06   0.935870E+01   0.876500E+01   0.163169E-05
