#          k/h    CDM            baryon         photon         nu             mass_nu        total          no_nu          total_de       Weyl           v_CDM          v_b            v_b-v_c     
   0.102819E-04   0.782753E+07   0.782753E+07   0.104347E+08   0.104346E+08   0.000000E+00   0.782753E+07   0.782753E+07   0.783666E+07  -0.591783E+00   0.750254E+07   0.750253E+07   0.101266E+02
   0.113644E-04   0.782753E+07   0.782753E+07   0.104343E+08   0.104342E+08   0.000000E+00   0.782753E+07   0.782753E+07   0.783666E+07  -0.591783E+00   0.750253E+07   0.750253E+07   0.111925E+02
   0.125608E-04   0.782752E+07   0.782752E+07   0.104337E+08   0.104336E+08   0.000000E+00   0.782752E+07   0.782752E+07   0.783665E+07  -0.591783E+00   0.750253E+07   0.750253E+07   0.123706E+02
   0.138832E-04   0.782752E+07   0.782752E+07   0.104330E+08   0.104329E+08   0.000000E+00   0.782752E+07   0.782752E+07   0.783665E+07  -0.591783E+00   0.750253E+07   0.750253E+07   0.136726E+02
   0.153447E-04   0.782752E+07   0.782752E+07   0.104322E+08   0.104321E+08   0.000000E+00   0.782752E+07   0.782752E+07   0.783665E+07  -0.591782E+00   0.750253E+07   0.750252E+07   0.151115E+02
   0.169602E-04   0.782751E+07   0.782751E+07   0.104312E+08   0.104310E+08   0.000000E+00   0.782751E+07   0.782751E+07   0.783664E+07  -0.591782E+00   0.750252E+07   0.750252E+07   0.167018E+02
   0.187457E-04   0.782751E+07   0.782751E+07   0.104300E+08   0.104298E+08   0.000000E+00   0.782751E+07   0.782751E+07   0.783664E+07  -0.591781E+00   0.750252E+07   0.750252E+07   0.184592E+02
   0.207192E-04   0.782750E+07   0.782750E+07   0.104285E+08   0.104282E+08   0.000000E+00   0.782750E+07   0.782750E+07   0.783663E+07  -0.591781E+00   0.750251E+07   0.750251E+07   0.204014E+02
   0.229004E-04   0.782749E+07   0.782749E+07   0.104267E+08   0.104263E+08   0.000000E+00   0.782749E+07   0.782749E+07   0.783662E+07  -0.591780E+00   0.750250E+07   0.750250E+07   0.225476E+02
   0.253113E-04   0.782748E+07   0.782748E+07   0.104245E+08   0.104240E+08   0.000000E+00   0.782748E+07   0.782748E+07   0.783661E+07  -0.591779E+00   0.750249E+07   0.750249E+07   0.249192E+02
   0.279760E-04   0.782747E+07   0.782747E+07   0.104218E+08   0.104212E+08   0.000000E+00   0.782747E+07   0.782747E+07   0.783659E+07  -0.591778E+00   0.750248E+07   0.750248E+07   0.275397E+02
   0.309213E-04   0.782746E+07   0.782746E+07   0.104185E+08   0.104178E+08   0.000000E+00   0.782746E+07   0.782746E+07   0.783658E+07  -0.591777E+00   0.750247E+07   0.750247E+07   0.304351E+02
   0.341766E-04   0.782744E+07   0.782744E+07   0.104145E+08   0.104136E+08   0.000000E+00   0.782744E+07   0.782744E+07   0.783656E+07  -0.591775E+00   0.750245E+07   0.750245E+07   0.336339E+02
   0.377746E-04   0.782742E+07   0.782742E+07   0.104096E+08   0.104085E+08   0.000000E+00   0.782742E+07   0.782742E+07   0.783653E+07  -0.591773E+00   0.750243E+07   0.750243E+07   0.371676E+02
   0.417514E-04   0.782740E+07   0.782739E+07   0.104036E+08   0.104022E+08   0.000000E+00   0.782740E+07   0.782740E+07   0.783650E+07  -0.591771E+00   0.750241E+07   0.750240E+07   0.410709E+02
   0.461468E-04   0.782737E+07   0.782736E+07   0.103962E+08   0.103946E+08   0.000000E+00   0.782736E+07   0.782736E+07   0.783646E+07  -0.591767E+00   0.750238E+07   0.750237E+07   0.453818E+02
   0.510050E-04   0.782733E+07   0.782732E+07   0.103873E+08   0.103853E+08   0.000000E+00   0.782733E+07   0.782733E+07   0.783642E+07  -0.591764E+00   0.750234E+07   0.750234E+07   0.501419E+02
   0.563747E-04   0.782728E+07   0.782727E+07   0.103763E+08   0.103739E+08   0.000000E+00   0.782728E+07   0.782728E+07   0.783636E+07  -0.591759E+00   0.750230E+07   0.750229E+07   0.553970E+02
   0.623096E-04   0.782722E+07   0.782721E+07   0.103630E+08   0.103601E+08   0.000000E+00   0.782722E+07   0.782722E+07   0.783629E+07  -0.591754E+00   0.750225E+07   0.750224E+07   0.611971E+02
   0.688694E-04   0.782716E+07   0.782714E+07   0.103467E+08   0.103432E+08   0.000000E+00   0.782715E+07   0.782715E+07   0.783621E+07  -0.591747E+00   0.750218E+07   0.750217E+07   0.675967E+02
   0.761198E-04   0.782707E+07   0.782706E+07   0.103269E+08   0.103225E+08   0.000000E+00   0.782707E+07   0.782707E+07   0.783610E+07  -0.591739E+00   0.750210E+07   0.750208E+07   0.746549E+02
   0.841334E-04   0.782697E+07   0.782695E+07   0.103027E+08   0.102974E+08   0.000000E+00   0.782696E+07   0.782696E+07   0.783598E+07  -0.591729E+00   0.750200E+07   0.750198E+07   0.824360E+02
   0.929907E-04   0.782684E+07   0.782682E+07   0.102732E+08   0.102667E+08   0.000000E+00   0.782684E+07   0.782684E+07   0.783583E+07  -0.591717E+00   0.750188E+07   0.750186E+07   0.910089E+02
   0.102781E-03   0.782669E+07   0.782666E+07   0.102373E+08   0.102294E+08   0.000000E+00   0.782668E+07   0.782668E+07   0.783564E+07  -0.591702E+00   0.750174E+07   0.750171E+07   0.100448E+03
   0.113601E-03   0.782650E+07   0.782647E+07   0.101936E+08   0.101840E+08   0.000000E+00   0.782649E+07   0.782649E+07   0.783541E+07  -0.591684E+00   0.750156E+07   0.750152E+07   0.110830E+03
   0.125560E-03   0.782627E+07   0.782623E+07   0.101405E+08   0.101288E+08   0.000000E+00   0.782626E+07   0.782626E+07   0.783513E+07  -0.591662E+00   0.750134E+07   0.750130E+07   0.122239E+03
   0.138779E-03   0.782599E+07   0.782594E+07   0.100760E+08   0.100617E+08   0.000000E+00   0.782598E+07   0.782598E+07   0.783480E+07  -0.591635E+00   0.750108E+07   0.750102E+07   0.134760E+03
   0.153389E-03   0.782565E+07   0.782559E+07   0.999764E+07   0.998033E+07   0.000000E+00   0.782564E+07   0.782564E+07   0.783438E+07  -0.591602E+00   0.750075E+07   0.750068E+07   0.148478E+03
   0.169538E-03   0.782523E+07   0.782516E+07   0.990276E+07   0.988176E+07   0.000000E+00   0.782522E+07   0.782522E+07   0.783388E+07  -0.591562E+00   0.750036E+07   0.750027E+07   0.163479E+03
   0.187386E-03   0.782472E+07   0.782464E+07   0.978802E+07   0.976259E+07   0.000000E+00   0.782471E+07   0.782471E+07   0.783327E+07  -0.591513E+00   0.749987E+07   0.749977E+07   0.179842E+03
   0.207114E-03   0.782411E+07   0.782400E+07   0.964960E+07   0.961885E+07   0.000000E+00   0.782409E+07   0.782409E+07   0.783252E+07  -0.591454E+00   0.749928E+07   0.749916E+07   0.197639E+03
   0.228918E-03   0.782335E+07   0.782322E+07   0.948305E+07   0.944597E+07   0.000000E+00   0.782333E+07   0.782333E+07   0.783161E+07  -0.591382E+00   0.749857E+07   0.749842E+07   0.216923E+03
   0.253018E-03   0.782243E+07   0.782227E+07   0.928336E+07   0.923878E+07   0.000000E+00   0.782240E+07   0.782240E+07   0.783051E+07  -0.591294E+00   0.749769E+07   0.749751E+07   0.237722E+03
   0.279655E-03   0.782131E+07   0.782112E+07   0.904494E+07   0.899151E+07   0.000000E+00   0.782128E+07   0.782128E+07   0.782918E+07  -0.591188E+00   0.749663E+07   0.749641E+07   0.260027E+03
   0.309096E-03   0.781995E+07   0.781972E+07   0.876173E+07   0.869799E+07   0.000000E+00   0.781991E+07   0.781991E+07   0.782756E+07  -0.591059E+00   0.749533E+07   0.749507E+07   0.283778E+03
   0.341636E-03   0.781830E+07   0.781801E+07   0.842745E+07   0.835180E+07   0.000000E+00   0.781825E+07   0.781825E+07   0.782560E+07  -0.590903E+00   0.749376E+07   0.749344E+07   0.308841E+03
   0.377603E-03   0.781629E+07   0.781595E+07   0.803597E+07   0.794677E+07   0.000000E+00   0.781623E+07   0.781623E+07   0.782323E+07  -0.590715E+00   0.749184E+07   0.749146E+07   0.334989E+03
   0.417356E-03   0.781386E+07   0.781344E+07   0.758192E+07   0.747756E+07   0.000000E+00   0.781379E+07   0.781379E+07   0.782039E+07  -0.590488E+00   0.748952E+07   0.748907E+07   0.361873E+03
   0.461294E-03   0.781091E+07   0.781042E+07   0.706154E+07   0.694063E+07   0.000000E+00   0.781083E+07   0.781083E+07   0.781697E+07  -0.590215E+00   0.748671E+07   0.748617E+07   0.388990E+03
   0.509857E-03   0.780736E+07   0.780677E+07   0.647395E+07   0.633552E+07   0.000000E+00   0.780726E+07   0.780726E+07   0.781287E+07  -0.589889E+00   0.748330E+07   0.748267E+07   0.415657E+03
   0.563534E-03   0.780307E+07   0.780237E+07   0.582263E+07   0.566642E+07   0.000000E+00   0.780296E+07   0.780296E+07   0.780800E+07  -0.589500E+00   0.747920E+07   0.747845E+07   0.440986E+03
   0.622861E-03   0.779792E+07   0.779710E+07   0.511722E+07   0.494408E+07   0.000000E+00   0.779779E+07   0.779779E+07   0.780220E+07  -0.589038E+00   0.747425E+07   0.747339E+07   0.463865E+03
   0.688433E-03   0.779176E+07   0.779079E+07   0.437523E+07   0.418748E+07   0.000000E+00   0.779159E+07   0.779159E+07   0.779536E+07  -0.588493E+00   0.746832E+07   0.746732E+07   0.482980E+03
   0.760910E-03   0.778439E+07   0.778328E+07   0.362319E+07   0.342501E+07   0.000000E+00   0.778421E+07   0.778421E+07   0.778731E+07  -0.587852E+00   0.746123E+07   0.746009E+07   0.496863E+03
   0.841016E-03   0.777564E+07   0.777436E+07   0.289640E+07   0.269396E+07   0.000000E+00   0.777543E+07   0.777543E+07   0.777789E+07  -0.587103E+00   0.745278E+07   0.745151E+07   0.504006E+03
   0.929556E-03   0.776529E+07   0.776384E+07   0.223601E+07   0.203734E+07   0.000000E+00   0.776505E+07   0.776505E+07   0.776693E+07  -0.586235E+00   0.744276E+07   0.744136E+07   0.503048E+03
   0.102742E-02   0.775310E+07   0.775148E+07   0.168258E+07   0.149681E+07   0.000000E+00   0.775283E+07   0.775283E+07   0.775423E+07  -0.585233E+00   0.743095E+07   0.742943E+07   0.493033E+03
   0.113558E-02   0.773882E+07   0.773705E+07   0.126567E+07   0.110164E+07   0.000000E+00   0.773853E+07   0.773853E+07   0.773957E+07  -0.584082E+00   0.741711E+07   0.741549E+07   0.473713E+03
   0.125513E-02   0.772219E+07   0.772028E+07   0.991460E+06   0.855814E+06   0.000000E+00   0.772187E+07   0.772187E+07   0.772269E+07  -0.582767E+00   0.740097E+07   0.739929E+07   0.445825E+03
   0.138727E-02   0.770292E+07   0.770090E+07   0.833928E+06   0.729337E+06   0.000000E+00   0.770259E+07   0.770259E+07   0.770328E+07  -0.581268E+00   0.738229E+07   0.738058E+07   0.411204E+03
   0.153331E-02   0.768071E+07   0.767861E+07   0.737926E+06   0.662416E+06   0.000000E+00   0.768036E+07   0.768036E+07   0.768098E+07  -0.579559E+00   0.736078E+07   0.735906E+07   0.372621E+03
   0.169474E-02   0.765521E+07   0.765306E+07   0.641372E+06   0.589638E+06   0.000000E+00   0.765485E+07   0.765485E+07   0.765539E+07  -0.577611E+00   0.733613E+07   0.733443E+07   0.333241E+03
   0.187315E-02   0.762606E+07   0.762388E+07   0.511685E+06   0.477981E+06   0.000000E+00   0.762569E+07   0.762569E+07   0.762613E+07  -0.575393E+00   0.730801E+07   0.730635E+07   0.295873E+03
   0.207035E-02   0.759284E+07   0.759064E+07   0.370607E+06   0.350836E+06   0.000000E+00   0.759247E+07   0.759247E+07   0.759279E+07  -0.572869E+00   0.727604E+07   0.727441E+07   0.262346E+03
   0.228831E-02   0.755512E+07   0.755287E+07   0.271936E+06   0.262418E+06   0.000000E+00   0.755474E+07   0.755474E+07   0.755498E+07  -0.570006E+00   0.723976E+07   0.723816E+07   0.233431E+03
   0.252922E-02   0.751242E+07   0.751009E+07   0.234696E+06   0.223632E+06   0.000000E+00   0.751203E+07   0.751203E+07   0.751223E+07  -0.566771E+00   0.719873E+07   0.719714E+07   0.209215E+03
   0.279549E-02   0.746425E+07   0.746178E+07   0.211466E+06   0.181898E+06   0.000000E+00   0.746384E+07   0.746384E+07   0.746402E+07  -0.563126E+00   0.715246E+07   0.715088E+07   0.189287E+03
   0.308979E-02   0.741010E+07   0.740744E+07   0.162868E+06   0.147826E+06   0.000000E+00   0.740966E+07   0.740966E+07   0.740980E+07  -0.559031E+00   0.710047E+07   0.709887E+07   0.172384E+03
   0.341507E-02   0.734943E+07   0.734653E+07   0.124857E+06   0.120021E+06   0.000000E+00   0.734894E+07   0.734894E+07   0.734905E+07  -0.554445E+00   0.704223E+07   0.704062E+07   0.156640E+03
   0.377460E-02   0.728167E+07   0.727852E+07   0.113432E+06   0.973441E+05   0.000000E+00   0.728115E+07   0.728115E+07   0.728124E+07  -0.549325E+00   0.697721E+07   0.697561E+07   0.141158E+03
   0.417198E-02   0.720626E+07   0.720282E+07   0.854434E+05   0.788605E+05   0.000000E+00   0.720569E+07   0.720569E+07   0.720576E+07  -0.543628E+00   0.690486E+07   0.690327E+07   0.126614E+03
   0.461119E-02   0.712262E+07   0.711882E+07   0.687802E+05   0.638052E+05   0.000000E+00   0.712198E+07   0.712198E+07   0.712204E+07  -0.537310E+00   0.682461E+07   0.682304E+07   0.113738E+03
   0.509664E-02   0.703014E+07   0.702589E+07   0.601694E+05   0.515517E+05   0.000000E+00   0.702943E+07   0.702943E+07   0.702948E+07  -0.530325E+00   0.673590E+07   0.673433E+07   0.102682E+03
   0.563320E-02   0.692823E+07   0.692344E+07   0.441295E+05   0.415874E+05   0.000000E+00   0.692743E+07   0.692743E+07   0.692747E+07  -0.522628E+00   0.663814E+07   0.663657E+07   0.928184E+02
   0.622625E-02   0.681630E+07   0.681087E+07   0.357118E+05   0.334923E+05   0.000000E+00   0.681539E+07   0.681539E+07   0.681542E+07  -0.514173E+00   0.653076E+07   0.652920E+07   0.835936E+02
   0.688173E-02   0.669374E+07   0.668753E+07   0.298714E+05   0.269227E+05   0.000000E+00   0.669270E+07   0.669270E+07   0.669273E+07  -0.504916E+00   0.641318E+07   0.641162E+07   0.753266E+02
   0.760622E-02   0.655994E+07   0.655280E+07   0.211252E+05   0.215974E+05   0.000000E+00   0.655875E+07   0.655875E+07   0.655876E+07  -0.494809E+00   0.628481E+07   0.628326E+07   0.681217E+02
   0.840698E-02   0.641429E+07   0.640605E+07   0.187126E+05   0.172861E+05   0.000000E+00   0.641292E+07   0.641292E+07   0.641293E+07  -0.483806E+00   0.614506E+07   0.614351E+07   0.615892E+02
   0.929204E-02   0.625619E+07   0.624665E+07   0.150898E+05   0.138007E+05   0.000000E+00   0.625460E+07   0.625460E+07   0.625461E+07  -0.471862E+00   0.599336E+07   0.599180E+07   0.557595E+02
   0.102703E-01   0.608504E+07   0.607395E+07   0.117806E+05   0.109873E+05   0.000000E+00   0.608319E+07   0.608319E+07   0.608320E+07  -0.458929E+00   0.582911E+07   0.582755E+07   0.506144E+02
   0.113515E-01   0.590024E+07   0.588734E+07   0.989590E+04   0.872028E+04   0.000000E+00   0.589809E+07   0.589809E+07   0.589809E+07  -0.444964E+00   0.565174E+07   0.565017E+07   0.460184E+02
   0.125466E-01   0.570123E+07   0.568623E+07   0.754296E+04   0.689692E+04   0.000000E+00   0.569873E+07   0.569873E+07   0.569874E+07  -0.429924E+00   0.546072E+07   0.545914E+07   0.419591E+02
   0.138674E-01   0.548753E+07   0.547012E+07   0.552364E+04   0.543352E+04   0.000000E+00   0.548463E+07   0.548463E+07   0.548464E+07  -0.413772E+00   0.525557E+07   0.525397E+07   0.383499E+02
   0.153273E-01   0.525879E+07   0.523864E+07   0.454936E+04   0.426186E+04   0.000000E+00   0.525543E+07   0.525543E+07   0.525544E+07  -0.396480E+00   0.503595E+07   0.503434E+07   0.351375E+02
   0.169409E-01   0.501488E+07   0.499166E+07   0.352003E+04   0.332637E+04   0.000000E+00   0.501101E+07   0.501101E+07   0.501101E+07  -0.378041E+00   0.480175E+07   0.480011E+07   0.322611E+02
   0.187244E-01   0.475604E+07   0.472949E+07   0.291077E+04   0.258191E+04   0.000000E+00   0.475161E+07   0.475161E+07   0.475161E+07  -0.358471E+00   0.455320E+07   0.455154E+07   0.296543E+02
   0.206957E-01   0.448306E+07   0.445298E+07   0.205519E+04   0.199179E+04   0.000000E+00   0.447805E+07   0.447805E+07   0.447805E+07  -0.337833E+00   0.429108E+07   0.428939E+07   0.272523E+02
   0.228745E-01   0.419757E+07   0.416389E+07   0.174872E+04   0.152625E+04   0.000000E+00   0.419196E+07   0.419196E+07   0.419196E+07  -0.316249E+00   0.401696E+07   0.401524E+07   0.249880E+02
   0.252826E-01   0.390224E+07   0.386511E+07   0.124727E+04   0.116114E+04   0.000000E+00   0.389605E+07   0.389605E+07   0.389605E+07  -0.293926E+00   0.373343E+07   0.373170E+07   0.227913E+02
   0.279443E-01   0.360114E+07   0.356099E+07   0.937688E+03   0.876887E+03   0.000000E+00   0.359444E+07   0.359444E+07   0.359445E+07  -0.271172E+00   0.344443E+07   0.344270E+07   0.205988E+02
   0.308862E-01   0.329987E+07   0.325750E+07   0.696826E+03   0.657553E+03   0.000000E+00   0.329281E+07   0.329281E+07   0.329281E+07  -0.248416E+00   0.315540E+07   0.315370E+07   0.183604E+02
   0.341378E-01   0.300560E+07   0.296223E+07   0.557141E+03   0.490120E+03   0.000000E+00   0.299837E+07   0.299837E+07   0.299837E+07  -0.226203E+00   0.287327E+07   0.287162E+07   0.160406E+02
   0.377317E-01   0.272657E+07   0.268382E+07   0.400160E+03   0.363875E+03   0.000000E+00   0.271945E+07   0.271945E+07   0.271945E+07  -0.205160E+00   0.260599E+07   0.260444E+07   0.136362E+02
   0.417040E-01   0.247106E+07   0.243087E+07   0.280456E+03   0.269919E+03   0.000000E+00   0.246436E+07   0.246436E+07   0.246436E+07  -0.185916E+00   0.236154E+07   0.236014E+07   0.111862E+02
   0.458744E-01   0.225479E+07   0.221888E+07   0.212719E+03   0.203563E+03   0.000000E+00   0.224880E+07   0.224880E+07   0.224880E+07  -0.169654E+00   0.215497E+07   0.215375E+07   0.889137E+01
   0.500448E-01   0.208471E+07   0.205400E+07   0.165297E+03   0.158182E+03   0.000000E+00   0.207959E+07   0.207959E+07   0.207959E+07  -0.156888E+00   0.199281E+07   0.199177E+07   0.693231E+01
   0.542152E-01   0.194771E+07   0.192238E+07   0.131630E+03   0.125964E+03   0.000000E+00   0.194349E+07   0.194349E+07   0.194349E+07  -0.146621E+00   0.186237E+07   0.186150E+07   0.533933E+01
   0.583856E-01   0.183349E+07   0.181304E+07   0.106876E+03   0.102276E+03   0.000000E+00   0.183008E+07   0.183008E+07   0.183008E+07  -0.138065E+00   0.175367E+07   0.175295E+07   0.411881E+01
   0.625560E-01   0.173325E+07   0.171672E+07   0.880366E+02   0.842469E+02   0.000000E+00   0.173050E+07   0.173050E+07   0.173050E+07  -0.130552E+00   0.165823E+07   0.165762E+07   0.324808E+01
   0.667264E-01   0.163962E+07   0.162576E+07   0.732099E+02   0.700584E+02   0.000000E+00   0.163731E+07   0.163731E+07   0.163731E+07  -0.123521E+00   0.156893E+07   0.156839E+07   0.267959E+01
   0.708968E-01   0.154791E+07   0.153544E+07   0.612272E+02   0.585916E+02   0.000000E+00   0.154583E+07   0.154583E+07   0.154583E+07  -0.116620E+00   0.148127E+07   0.148077E+07   0.235005E+01
   0.750672E-01   0.145617E+07   0.144397E+07   0.513735E+02   0.491620E+02   0.000000E+00   0.145414E+07   0.145414E+07   0.145414E+07  -0.109703E+00   0.139342E+07   0.139292E+07   0.218920E+01
   0.792376E-01   0.136482E+07   0.135207E+07   0.432080E+02   0.413480E+02   0.000000E+00   0.136270E+07   0.136270E+07   0.136270E+07  -0.102804E+00   0.130580E+07   0.130529E+07   0.212854E+01
   0.834080E-01   0.127573E+07   0.126199E+07   0.364405E+02   0.348719E+02   0.000000E+00   0.127344E+07   0.127344E+07   0.127344E+07  -0.960709E-01   0.122028E+07   0.121975E+07   0.210853E+01
   0.875784E-01   0.119123E+07   0.117646E+07   0.308543E+02   0.295262E+02   0.000000E+00   0.118877E+07   0.118877E+07   0.118877E+07  -0.896831E-01   0.113915E+07   0.113860E+07   0.208363E+01
   0.927733E-01   0.109575E+07   0.108010E+07   0.252834E+02   0.241951E+02   0.000000E+00   0.109315E+07   0.109315E+07   0.109315E+07  -0.824689E-01   0.104753E+07   0.104697E+07   0.200343E+01
   0.979682E-01   0.101440E+07   0.998690E+06   0.209854E+02   0.200821E+02   0.000000E+00   0.101178E+07   0.101178E+07   0.101178E+07  -0.763309E-01   0.969566E+06   0.969022E+06   0.185081E+01
   0.103163E+00   0.948856E+06   0.933987E+06   0.177017E+02   0.169398E+02   0.000000E+00   0.946378E+06   0.946378E+06   0.946378E+06  -0.713965E-01   0.906888E+06   0.906382E+06   0.163615E+01
   0.108358E+00   0.897833E+06   0.884540E+06   0.151847E+02   0.145311E+02   0.000000E+00   0.895617E+06   0.895617E+06   0.895617E+06  -0.675670E-01   0.858241E+06   0.857790E+06   0.138871E+01
   0.113553E+00   0.857542E+06   0.846205E+06   0.132104E+02   0.126417E+02   0.000000E+00   0.855653E+06   0.855653E+06   0.855653E+06  -0.645520E-01   0.819938E+06   0.819548E+06   0.114384E+01
   0.118748E+00   0.823389E+06   0.813982E+06   0.116024E+02   0.111030E+02   0.000000E+00   0.821821E+06   0.821821E+06   0.821821E+06  -0.619997E-01   0.787511E+06   0.787179E+06   0.932439E+00
   0.123943E+00   0.791360E+06   0.783508E+06   0.102387E+02   0.979793E+01   0.000000E+00   0.790051E+06   0.790051E+06   0.790051E+06  -0.596029E-01   0.757062E+06   0.756774E+06   0.773969E+00
   0.129137E+00   0.758577E+06   0.751699E+06   0.904215E+01   0.865291E+01   0.000000E+00   0.757431E+06   0.757431E+06   0.757431E+06  -0.571420E-01   0.725802E+06   0.725540E+06   0.673733E+00
   0.134332E+00   0.723604E+06   0.717078E+06   0.797112E+01   0.762798E+01   0.000000E+00   0.722516E+06   0.722516E+06   0.722516E+06  -0.545080E-01   0.692346E+06   0.692094E+06   0.624324E+00
   0.139527E+00   0.686574E+06   0.679895E+06   0.700960E+01   0.670786E+01   0.000000E+00   0.685461E+06   0.685461E+06   0.685461E+06  -0.517124E-01   0.656840E+06   0.656585E+06   0.609950E+00
   0.144722E+00   0.648832E+06   0.641711E+06   0.615587E+01   0.589088E+01   0.000000E+00   0.647645E+06   0.647645E+06   0.647645E+06  -0.488596E-01   0.620608E+06   0.620342E+06   0.611777E+00
   0.149917E+00   0.612273E+06   0.604669E+06   0.541200E+01   0.517904E+01   0.000000E+00   0.611006E+06   0.611006E+06   0.611006E+06  -0.460954E-01   0.585502E+06   0.585226E+06   0.612798E+00
   0.155112E+00   0.578792E+06   0.570875E+06   0.477804E+01   0.457237E+01   0.000000E+00   0.577473E+06   0.577473E+06   0.577473E+06  -0.435656E-01   0.553372E+06   0.553092E+06   0.601281E+00
   0.160307E+00   0.549826E+06   0.541899E+06   0.424896E+01   0.406606E+01   0.000000E+00   0.548505E+06   0.548505E+06   0.548505E+06  -0.413802E-01   0.525614E+06   0.525339E+06   0.572270E+00
   0.165502E+00   0.525908E+06   0.518303E+06   0.381297E+01   0.364885E+01   0.000000E+00   0.524641E+06   0.524641E+06   0.524641E+06  -0.395799E-01   0.502746E+06   0.502484E+06   0.527142E+00
   0.170696E+00   0.506530E+06   0.499515E+06   0.345272E+01   0.330410E+01   0.000000E+00   0.505361E+06   0.505361E+06   0.505361E+06  -0.381253E-01   0.484269E+06   0.484027E+06   0.471778E+00
   0.175891E+00   0.490472E+06   0.484195E+06   0.314929E+01   0.301373E+01   0.000000E+00   0.489426E+06   0.489426E+06   0.489426E+06  -0.369232E-01   0.468996E+06   0.468778E+06   0.414098E+00
   0.181086E+00   0.476292E+06   0.470754E+06   0.288590E+01   0.276167E+01   0.000000E+00   0.475369E+06   0.475369E+06   0.475369E+06  -0.358627E-01   0.455523E+06   0.455327E+06   0.361674E+00
   0.186281E+00   0.462626E+06   0.457701E+06   0.264940E+01   0.253535E+01   0.000000E+00   0.461805E+06   0.461805E+06   0.461805E+06  -0.348394E-01   0.442524E+06   0.442345E+06   0.319898E+00
   0.191476E+00   0.448412E+06   0.443895E+06   0.243079E+01   0.232615E+01   0.000000E+00   0.447659E+06   0.447659E+06   0.447659E+06  -0.337722E-01   0.428967E+06   0.428800E+06   0.291064E+00
   0.196671E+00   0.433124E+06   0.428791E+06   0.222554E+01   0.212974E+01   0.000000E+00   0.432402E+06   0.432402E+06   0.432402E+06  -0.326212E-01   0.414348E+06   0.414186E+06   0.274395E+00
   0.201866E+00   0.416863E+06   0.412524E+06   0.203301E+01   0.194550E+01   0.000000E+00   0.416140E+06   0.416140E+06   0.416140E+06  -0.313944E-01   0.398766E+06   0.398604E+06   0.266801E+00
   0.207060E+00   0.400179E+06   0.395717E+06   0.185470E+01   0.177486E+01   0.000000E+00   0.399435E+06   0.399435E+06   0.399435E+06  -0.301341E-01   0.382760E+06   0.382596E+06   0.264027E+00
   0.212255E+00   0.383803E+06   0.379190E+06   0.169253E+01   0.161968E+01   0.000000E+00   0.383034E+06   0.383034E+06   0.383034E+06  -0.288968E-01   0.367045E+06   0.366878E+06   0.261855E+00
   0.217450E+00   0.368457E+06   0.363742E+06   0.154794E+01   0.148131E+01   0.000000E+00   0.367671E+06   0.367671E+06   0.367671E+06  -0.277378E-01   0.352325E+06   0.352157E+06   0.257063E+00
   0.222645E+00   0.354695E+06   0.349982E+06   0.142127E+01   0.136009E+01   0.000000E+00   0.353909E+06   0.353909E+06   0.353909E+06  -0.266996E-01   0.339138E+06   0.338972E+06   0.247970E+00
   0.227840E+00   0.342760E+06   0.338172E+06   0.131151E+01   0.125506E+01   0.000000E+00   0.341996E+06   0.341996E+06   0.341996E+06  -0.258008E-01   0.327722E+06   0.327561E+06   0.234491E+00
   0.233035E+00   0.332550E+06   0.328190E+06   0.121640E+01   0.116404E+01   0.000000E+00   0.331823E+06   0.331823E+06   0.331823E+06  -0.250334E-01   0.317973E+06   0.317821E+06   0.217826E+00
   0.238230E+00   0.323705E+06   0.319638E+06   0.113309E+01   0.108431E+01   0.000000E+00   0.323027E+06   0.323027E+06   0.323027E+06  -0.243698E-01   0.309543E+06   0.309400E+06   0.199908E+00
   0.243425E+00   0.315736E+06   0.311976E+06   0.105865E+01   0.101308E+01   0.000000E+00   0.315109E+06   0.315109E+06   0.315109E+06  -0.237724E-01   0.301955E+06   0.301821E+06   0.182788E+00
   0.248619E+00   0.308116E+06   0.304628E+06   0.990480E+00   0.947844E+00   0.000000E+00   0.307535E+06   0.307535E+06   0.307535E+06  -0.232010E-01   0.294696E+06   0.294570E+06   0.168102E+00
   0.253814E+00   0.300393E+06   0.297109E+06   0.926593E+00   0.886707E+00   0.000000E+00   0.299846E+06   0.299846E+06   0.299846E+06  -0.226209E-01   0.287327E+06   0.287208E+06   0.156746E+00
   0.259009E+00   0.292321E+06   0.289159E+06   0.865903E+00   0.828629E+00   0.000000E+00   0.291794E+06   0.291794E+06   0.291794E+06  -0.220135E-01   0.279611E+06   0.279496E+06   0.148808E+00
   0.264204E+00   0.283907E+06   0.280794E+06   0.808213E+00   0.773422E+00   0.000000E+00   0.283388E+06   0.283388E+06   0.283388E+06  -0.213793E-01   0.271557E+06   0.271443E+06   0.143690E+00
   0.269399E+00   0.275333E+06   0.272216E+06   0.753818E+00   0.721369E+00   0.000000E+00   0.274813E+06   0.274813E+06   0.274813E+06  -0.207324E-01   0.263340E+06   0.263227E+06   0.140363E+00
   0.274594E+00   0.266838E+06   0.263696E+06   0.703123E+00   0.672857E+00   0.000000E+00   0.266314E+06   0.266314E+06   0.266314E+06  -0.200912E-01   0.255197E+06   0.255083E+06   0.137673E+00
   0.279789E+00   0.258672E+06   0.255513E+06   0.656478E+00   0.628220E+00   0.000000E+00   0.258145E+06   0.258145E+06   0.258145E+06  -0.194750E-01   0.247369E+06   0.247256E+06   0.134630E+00
   0.284984E+00   0.251064E+06   0.247920E+06   0.614118E+00   0.587683E+00   0.000000E+00   0.250540E+06   0.250540E+06   0.250540E+06  -0.189012E-01   0.240082E+06   0.239970E+06   0.130609E+00
   0.290178E+00   0.244165E+06   0.241077E+06   0.576039E+00   0.551243E+00   0.000000E+00   0.243651E+06   0.243651E+06   0.243651E+06  -0.183815E-01   0.233480E+06   0.233371E+06   0.125420E+00
   0.295373E+00   0.237989E+06   0.234997E+06   0.541900E+00   0.518574E+00   0.000000E+00   0.237491E+06   0.237491E+06   0.237491E+06  -0.179167E-01   0.227577E+06   0.227472E+06   0.119256E+00
   0.300568E+00   0.232418E+06   0.229550E+06   0.511101E+00   0.489100E+00   0.000000E+00   0.231940E+06   0.231940E+06   0.231940E+06  -0.174980E-01   0.222258E+06   0.222157E+06   0.112572E+00
   0.305763E+00   0.227272E+06   0.224540E+06   0.482973E+00   0.462183E+00   0.000000E+00   0.226817E+06   0.226817E+06   0.226817E+06  -0.171115E-01   0.217348E+06   0.217251E+06   0.105928E+00
   0.310958E+00   0.222370E+06   0.219768E+06   0.456924E+00   0.437256E+00   0.000000E+00   0.221936E+06   0.221936E+06   0.221936E+06  -0.167433E-01   0.212671E+06   0.212578E+06   0.998354E-01
   0.316153E+00   0.217554E+06   0.215060E+06   0.432477E+00   0.413861E+00   0.000000E+00   0.217138E+06   0.217138E+06   0.217138E+06  -0.163813E-01   0.208073E+06   0.207984E+06   0.946422E-01
   0.321348E+00   0.212705E+06   0.210292E+06   0.409286E+00   0.391668E+00   0.000000E+00   0.212303E+06   0.212303E+06   0.212303E+06  -0.160165E-01   0.203440E+06   0.203352E+06   0.904725E-01
   0.326543E+00   0.207771E+06   0.205410E+06   0.387171E+00   0.370505E+00   0.000000E+00   0.207378E+06   0.207378E+06   0.207378E+06  -0.156449E-01   0.198720E+06   0.198635E+06   0.872388E-01
   0.331737E+00   0.202783E+06   0.200451E+06   0.366125E+00   0.350365E+00   0.000000E+00   0.202394E+06   0.202394E+06   0.202394E+06  -0.152690E-01   0.193945E+06   0.193861E+06   0.847010E-01
   0.336932E+00   0.197829E+06   0.195513E+06   0.346239E+00   0.331335E+00   0.000000E+00   0.197443E+06   0.197443E+06   0.197443E+06  -0.148955E-01   0.189201E+06   0.189118E+06   0.825460E-01
   0.342127E+00   0.193011E+06   0.190709E+06   0.327613E+00   0.313511E+00   0.000000E+00   0.192627E+06   0.192627E+06   0.192627E+06  -0.145322E-01   0.184586E+06   0.184504E+06   0.804681E-01
   0.347322E+00   0.188410E+06   0.186128E+06   0.310298E+00   0.296941E+00   0.000000E+00   0.188030E+06   0.188030E+06   0.188030E+06  -0.141853E-01   0.180180E+06   0.180099E+06   0.782355E-01
   0.352517E+00   0.184080E+06   0.181832E+06   0.294292E+00   0.281624E+00   0.000000E+00   0.183705E+06   0.183705E+06   0.183705E+06  -0.138591E-01   0.176037E+06   0.175957E+06   0.757299E-01
   0.357712E+00   0.180046E+06   0.177845E+06   0.279542E+00   0.267509E+00   0.000000E+00   0.179679E+06   0.179679E+06   0.179679E+06  -0.135553E-01   0.172179E+06   0.172100E+06   0.729520E-01
   0.362907E+00   0.176294E+06   0.174152E+06   0.265940E+00   0.254493E+00   0.000000E+00   0.175937E+06   0.175937E+06   0.175937E+06  -0.132730E-01   0.168592E+06   0.168516E+06   0.699960E-01
   0.368102E+00   0.172772E+06   0.170697E+06   0.253329E+00   0.242425E+00   0.000000E+00   0.172426E+06   0.172426E+06   0.172426E+06  -0.130081E-01   0.165228E+06   0.165154E+06   0.670078E-01
   0.373296E+00   0.169411E+06   0.167402E+06   0.241542E+00   0.231144E+00   0.000000E+00   0.169076E+06   0.169076E+06   0.169076E+06  -0.127554E-01   0.162018E+06   0.161946E+06   0.641410E-01
   0.378491E+00   0.166144E+06   0.164196E+06   0.230432E+00   0.220513E+00   0.000000E+00   0.165819E+06   0.165819E+06   0.165819E+06  -0.125097E-01   0.158897E+06   0.158827E+06   0.615196E-01
   0.383686E+00   0.162925E+06   0.161029E+06   0.219894E+00   0.210428E+00   0.000000E+00   0.162609E+06   0.162609E+06   0.162609E+06  -0.122675E-01   0.155821E+06   0.155753E+06   0.592134E-01
   0.388881E+00   0.159725E+06   0.157870E+06   0.209855E+00   0.200821E+00   0.000000E+00   0.159416E+06   0.159416E+06   0.159416E+06  -0.120267E-01   0.152761E+06   0.152694E+06   0.572288E-01
   0.394076E+00   0.156537E+06   0.154714E+06   0.200278E+00   0.191657E+00   0.000000E+00   0.156233E+06   0.156233E+06   0.156233E+06  -0.117865E-01   0.149711E+06   0.149645E+06   0.555179E-01
   0.399271E+00   0.153376E+06   0.151578E+06   0.191158E+00   0.182930E+00   0.000000E+00   0.153076E+06   0.153076E+06   0.153076E+06  -0.115484E-01   0.146686E+06   0.146621E+06   0.539990E-01
   0.404466E+00   0.150278E+06   0.148500E+06   0.182512E+00   0.174656E+00   0.000000E+00   0.149981E+06   0.149981E+06   0.149981E+06  -0.113149E-01   0.143720E+06   0.143656E+06   0.525809E-01
   0.409661E+00   0.147275E+06   0.145519E+06   0.174355E+00   0.166850E+00   0.000000E+00   0.146982E+06   0.146982E+06   0.146982E+06  -0.110886E-01   0.140846E+06   0.140783E+06   0.511831E-01
   0.414855E+00   0.144390E+06   0.142659E+06   0.166683E+00   0.159508E+00   0.000000E+00   0.144101E+06   0.144101E+06   0.144101E+06  -0.108713E-01   0.138086E+06   0.138024E+06   0.497509E-01
   0.420050E+00   0.141634E+06   0.139932E+06   0.159482E+00   0.152617E+00   0.000000E+00   0.141350E+06   0.141350E+06   0.141350E+06  -0.106637E-01   0.135449E+06   0.135388E+06   0.482629E-01
   0.425245E+00   0.139009E+06   0.137340E+06   0.152726E+00   0.146152E+00   0.000000E+00   0.138731E+06   0.138731E+06   0.138731E+06  -0.104661E-01   0.132940E+06   0.132880E+06   0.467300E-01
   0.430440E+00   0.136508E+06   0.134875E+06   0.146381E+00   0.140080E+00   0.000000E+00   0.136236E+06   0.136236E+06   0.136236E+06  -0.102779E-01   0.130549E+06   0.130490E+06   0.451858E-01
   0.435635E+00   0.134108E+06   0.132513E+06   0.140400E+00   0.134356E+00   0.000000E+00   0.133842E+06   0.133842E+06   0.133842E+06  -0.100973E-01   0.128255E+06   0.128198E+06   0.436730E-01
   0.440830E+00   0.131782E+06   0.130223E+06   0.134734E+00   0.128934E+00   0.000000E+00   0.131523E+06   0.131523E+06   0.131523E+06  -0.992230E-02   0.126032E+06   0.125976E+06   0.422321E-01
   0.446025E+00   0.129509E+06   0.127984E+06   0.129345E+00   0.123777E+00   0.000000E+00   0.129255E+06   0.129255E+06   0.129255E+06  -0.975124E-02   0.123859E+06   0.123804E+06   0.408919E-01
   0.451219E+00   0.127277E+06   0.125781E+06   0.124205E+00   0.118859E+00   0.000000E+00   0.127027E+06   0.127027E+06   0.127027E+06  -0.958318E-02   0.121725E+06   0.121671E+06   0.396655E-01
   0.456414E+00   0.125078E+06   0.123608E+06   0.119297E+00   0.114162E+00   0.000000E+00   0.124833E+06   0.124833E+06   0.124833E+06  -0.941762E-02   0.119622E+06   0.119569E+06   0.385481E-01
   0.461609E+00   0.122910E+06   0.121464E+06   0.114605E+00   0.109672E+00   0.000000E+00   0.122669E+06   0.122669E+06   0.122669E+06  -0.925439E-02   0.117548E+06   0.117496E+06   0.375211E-01
   0.466804E+00   0.120779E+06   0.119353E+06   0.110125E+00   0.105385E+00   0.000000E+00   0.120542E+06   0.120542E+06   0.120542E+06  -0.909388E-02   0.115510E+06   0.115458E+06   0.365583E-01
   0.471999E+00   0.118697E+06   0.117290E+06   0.105856E+00   0.101299E+00   0.000000E+00   0.118462E+06   0.118462E+06   0.118462E+06  -0.893700E-02   0.113517E+06   0.113466E+06   0.356336E-01
   0.477194E+00   0.116674E+06   0.115287E+06   0.101799E+00   0.974166E-01   0.000000E+00   0.116443E+06   0.116443E+06   0.116443E+06  -0.878466E-02   0.111582E+06   0.111532E+06   0.347258E-01
   0.482389E+00   0.114718E+06   0.113351E+06   0.979470E-01   0.937308E-01   0.000000E+00   0.114490E+06   0.114490E+06   0.114490E+06  -0.863733E-02   0.109711E+06   0.109662E+06   0.338217E-01
   0.487584E+00   0.112827E+06   0.111483E+06   0.942912E-01   0.902324E-01   0.000000E+00   0.112603E+06   0.112603E+06   0.112603E+06  -0.849500E-02   0.107903E+06   0.107855E+06   0.329172E-01
   0.492778E+00   0.111001E+06   0.109679E+06   0.908193E-01   0.869099E-01   0.000000E+00   0.110780E+06   0.110780E+06   0.110780E+06  -0.835748E-02   0.106156E+06   0.106109E+06   0.320171E-01
   0.497973E+00   0.109234E+06   0.107936E+06   0.875193E-01   0.837520E-01   0.000000E+00   0.109018E+06   0.109018E+06   0.109018E+06  -0.822450E-02   0.104467E+06   0.104420E+06   0.311316E-01
   0.503168E+00   0.107521E+06   0.106246E+06   0.843776E-01   0.807455E-01   0.000000E+00   0.107309E+06   0.107309E+06   0.107309E+06  -0.809556E-02   0.102829E+06   0.102783E+06   0.302727E-01
   0.508363E+00   0.105852E+06   0.104600E+06   0.813790E-01   0.778760E-01   0.000000E+00   0.105643E+06   0.105643E+06   0.105643E+06  -0.796992E-02   0.101233E+06   0.101188E+06   0.294506E-01
   0.513558E+00   0.104218E+06   0.102987E+06   0.785100E-01   0.751305E-01   0.000000E+00   0.104012E+06   0.104012E+06   0.104012E+06  -0.784689E-02   0.996704E+05   0.996262E+05   0.286715E-01
   0.518753E+00   0.102614E+06   0.101402E+06   0.757613E-01   0.725001E-01   0.000000E+00   0.102412E+06   0.102412E+06   0.102412E+06  -0.772613E-02   0.981364E+05   0.980929E+05   0.279372E-01
   0.523948E+00   0.101039E+06   0.998466E+05   0.731271E-01   0.699793E-01   0.000000E+00   0.100841E+06   0.100841E+06   0.100841E+06  -0.760761E-02   0.966310E+05   0.965882E+05   0.272449E-01
   0.529143E+00   0.994960E+05   0.983202E+05   0.706029E-01   0.675638E-01   0.000000E+00   0.993000E+05   0.993000E+05   0.993000E+05  -0.749138E-02   0.951547E+05   0.951124E+05   0.265883E-01
   0.534337E+00   0.979833E+05   0.968239E+05   0.681839E-01   0.652489E-01   0.000000E+00   0.977901E+05   0.977901E+05   0.977901E+05  -0.737746E-02   0.937078E+05   0.936661E+05   0.259592E-01
   0.539532E+00   0.965034E+05   0.953599E+05   0.658670E-01   0.630317E-01   0.000000E+00   0.963128E+05   0.963128E+05   0.963128E+05  -0.726602E-02   0.922922E+05   0.922512E+05   0.253498E-01
   0.544727E+00   0.950602E+05   0.939325E+05   0.636501E-01   0.609103E-01   0.000000E+00   0.948722E+05   0.948722E+05   0.948722E+05  -0.715733E-02   0.909118E+05   0.908713E+05   0.247543E-01
   0.549922E+00   0.936561E+05   0.925443E+05   0.615307E-01   0.588821E-01   0.000000E+00   0.934708E+05   0.934708E+05   0.934708E+05  -0.705161E-02   0.895688E+05   0.895289E+05   0.241695E-01
   0.555117E+00   0.922902E+05   0.911947E+05   0.595039E-01   0.569425E-01   0.000000E+00   0.921077E+05   0.921077E+05   0.921077E+05  -0.694877E-02   0.882626E+05   0.882233E+05   0.235945E-01
   0.560312E+00   0.909598E+05   0.898805E+05   0.575637E-01   0.550858E-01   0.000000E+00   0.907799E+05   0.907799E+05   0.907799E+05  -0.684860E-02   0.869903E+05   0.869516E+05   0.230303E-01
   0.565507E+00   0.896625E+05   0.885995E+05   0.557051E-01   0.533073E-01   0.000000E+00   0.894854E+05   0.894854E+05   0.894854E+05  -0.675094E-02   0.857498E+05   0.857116E+05   0.224799E-01
   0.615622E+00   0.784785E+05   0.775485E+05   0.411417E-01   0.393707E-01   0.000000E+00   0.783235E+05   0.783235E+05   0.783235E+05  -0.590887E-02   0.750539E+05   0.750205E+05   0.180812E-01
   0.751923E+00   0.571208E+05   0.564446E+05   0.200728E-01   0.192088E-01   0.000000E+00   0.570081E+05   0.570081E+05   0.570081E+05  -0.430079E-02   0.546282E+05   0.546039E+05   0.107868E-01
   0.918401E+00   0.413682E+05   0.408787E+05   0.974458E-02   0.932512E-02   0.000000E+00   0.412866E+05   0.412866E+05   0.412866E+05  -0.311474E-02   0.395631E+05   0.395454E+05   0.641418E-02
   0.112174E+01   0.298261E+05   0.294732E+05   0.470950E-02   0.450677E-02   0.000000E+00   0.297672E+05   0.297672E+05   0.297672E+05  -0.224570E-02   0.285246E+05   0.285118E+05   0.380372E-02
   0.137009E+01   0.214167E+05   0.211633E+05   0.226680E-02   0.216923E-02   0.000000E+00   0.213745E+05   0.213745E+05   0.213745E+05  -0.161253E-02   0.204822E+05   0.204729E+05   0.225196E-02
   0.167343E+01   0.153214E+05   0.151401E+05   0.108703E-02   0.104024E-02   0.000000E+00   0.152912E+05   0.152912E+05   0.152912E+05  -0.115359E-02   0.146528E+05   0.146461E+05   0.133303E-02
   0.204394E+01   0.109236E+05   0.107943E+05   0.519504E-03   0.497142E-03   0.000000E+00   0.109020E+05   0.109020E+05   0.109020E+05  -0.822469E-03   0.104469E+05   0.104421E+05   0.790446E-03
   0.249647E+01   0.776391E+04   0.767198E+04   0.247506E-03   0.236852E-03   0.000000E+00   0.774859E+04   0.774859E+04   0.774859E+04  -0.584568E-03   0.742513E+04   0.742161E+04   0.470721E-03
   0.304920E+01   0.550246E+04   0.543726E+04   0.117582E-03   0.112521E-03   0.000000E+00   0.549159E+04   0.549159E+04   0.549159E+04  -0.414296E-03   0.526236E+04   0.525977E+04   0.282472E-03
   0.372430E+01   0.388949E+04   0.384335E+04   0.557132E-04   0.533152E-04   0.000000E+00   0.388180E+04   0.388180E+04   0.388180E+04  -0.292850E-03   0.371977E+04   0.371785E+04   0.171548E-03
   0.454887E+01   0.274270E+04   0.271011E+04   0.263343E-04   0.252009E-04   0.000000E+00   0.273727E+04   0.273727E+04   0.273727E+04  -0.206505E-03   0.262302E+04   0.262157E+04   0.106000E-03
   0.555600E+01   0.192973E+04   0.190673E+04   0.124198E-04   0.118853E-04   0.000000E+00   0.192590E+04   0.192590E+04   0.192590E+04  -0.145293E-03   0.184552E+04   0.184440E+04   0.670447E-04
   0.678612E+01   0.135492E+04   0.133871E+04   0.584529E-05   0.559373E-05   0.000000E+00   0.135222E+04   0.135222E+04   0.135222E+04  -0.102014E-03   0.129579E+04   0.129490E+04   0.436741E-04
   0.828858E+01   0.949514E+03   0.938081E+03   0.274576E-05   0.262760E-05   0.000000E+00   0.947609E+03   0.947609E+03   0.947609E+03  -0.714893E-04   0.908068E+03   0.907336E+03   0.294525E-04
   0.101237E+02   0.664224E+03   0.656152E+03   0.128747E-05   0.123207E-05   0.000000E+00   0.662879E+03   0.662879E+03   0.662879E+03  -0.500088E-04   0.635226E+03   0.634599E+03   0.206229E-04
   0.123651E+02   0.463881E+03   0.458166E+03   0.602672E-06   0.576746E-06   0.000000E+00   0.462928E+03   0.462928E+03   0.462928E+03  -0.349242E-04   0.443623E+03   0.443066E+03   0.149940E-04
   0.151028E+02   0.323462E+03   0.319396E+03   0.281666E-06   0.269553E-06   0.000000E+00   0.322784E+03   0.322784E+03   0.322784E+03  -0.243514E-04   0.309330E+03   0.308819E+03   0.112866E-04
   0.184466E+02   0.225219E+03   0.222305E+03   0.131441E-06   0.125791E-06   0.000000E+00   0.224733E+03   0.224733E+03   0.224733E+03  -0.169543E-04   0.215373E+03   0.214889E+03   0.875182E-05
   0.225307E+02   0.156599E+03   0.154486E+03   0.612483E-07   0.586174E-07   0.000000E+00   0.156247E+03   0.156247E+03   0.156247E+03  -0.117875E-04   0.149747E+03   0.149277E+03   0.694935E-05
   0.275191E+02   0.108744E+03   0.107186E+03   0.284996E-07   0.272767E-07   0.000000E+00   0.108484E+03   0.108484E+03   0.108484E+03  -0.818423E-05   0.103978E+03   0.103514E+03   0.561773E-05
   0.336118E+02   0.754173E+02   0.742440E+02   0.132423E-07   0.126749E-07   0.000000E+00   0.752217E+02   0.752217E+02   0.752217E+02  -0.567486E-05   0.721056E+02   0.716415E+02   0.459968E-05
   0.410536E+02   0.522401E+02   0.513314E+02   0.614384E-08   0.588124E-08   0.000000E+00   0.520886E+02   0.520886E+02   0.520886E+02  -0.392966E-05   0.499390E+02   0.494708E+02   0.379875E-05
   0.501430E+02   0.361414E+02   0.354139E+02   0.284590E-08   0.272468E-08   0.000000E+00   0.360202E+02   0.360202E+02   0.360202E+02  -0.271743E-05   0.345420E+02   0.340673E+02   0.315412E-05
   0.612448E+02   0.249726E+02   0.243684E+02   0.131587E-08   0.126011E-08   0.000000E+00   0.248719E+02   0.248719E+02   0.248719E+02  -0.187638E-05   0.238599E+02   0.233771E+02   0.262621E-05
   0.748045E+02   0.172324E+02   0.167116E+02   0.607109E-09   0.581583E-09   0.000000E+00   0.171456E+02   0.171456E+02   0.171456E+02  -0.129349E-05   0.164568E+02   0.159655E+02   0.218812E-05
   0.913665E+02   0.118738E+02   0.114090E+02   0.279349E-09   0.267739E-09   0.000000E+00   0.117964E+02   0.117964E+02   0.117964E+02  -0.889939E-06   0.113315E+02   0.108321E+02   0.182081E-05
   0.111595E+03   0.816766E+01   0.774058E+01   0.128085E-09   0.122855E-09   0.000000E+00   0.809648E+01   0.809648E+01   0.809648E+01  -0.610813E-06   0.778656E+01   0.728065E+01   0.151020E-05
