#          k/h    CDM            baryon         photon         nu             mass_nu        total          no_nu          total_de       Weyl           v_CDM          v_b            v_b-v_c     
   0.102819E-04   0.702754E+06   0.702754E+06   0.936991E+06   0.936990E+06   0.000000E+00   0.702754E+06   0.702754E+06   0.711859E+06  -0.601895E+00   0.700891E+06   0.700891E+06   0.136808E+00
   0.113644E-04   0.702754E+06   0.702754E+06   0.936988E+06   0.936987E+06   0.000000E+00   0.702754E+06   0.702754E+06   0.711859E+06  -0.601895E+00   0.700891E+06   0.700891E+06   0.151211E+00
   0.125608E-04   0.702754E+06   0.702754E+06   0.936984E+06   0.936983E+06   0.000000E+00   0.702754E+06   0.702754E+06   0.711859E+06  -0.601895E+00   0.700890E+06   0.700890E+06   0.167130E+00
   0.138832E-04   0.702754E+06   0.702754E+06   0.936979E+06   0.936978E+06   0.000000E+00   0.702754E+06   0.702754E+06   0.711859E+06  -0.601894E+00   0.700890E+06   0.700890E+06   0.184724E+00
   0.153447E-04   0.702754E+06   0.702754E+06   0.936973E+06   0.936971E+06   0.000000E+00   0.702754E+06   0.702754E+06   0.711858E+06  -0.601894E+00   0.700890E+06   0.700890E+06   0.204172E+00
   0.169602E-04   0.702754E+06   0.702754E+06   0.936965E+06   0.936964E+06   0.000000E+00   0.702754E+06   0.702754E+06   0.711858E+06  -0.601894E+00   0.700890E+06   0.700890E+06   0.225666E+00
   0.187457E-04   0.702753E+06   0.702753E+06   0.936956E+06   0.936954E+06   0.000000E+00   0.702753E+06   0.702753E+06   0.711858E+06  -0.601894E+00   0.700890E+06   0.700890E+06   0.249423E+00
   0.207192E-04   0.702753E+06   0.702753E+06   0.936945E+06   0.936943E+06   0.000000E+00   0.702753E+06   0.702753E+06   0.711858E+06  -0.601893E+00   0.700890E+06   0.700890E+06   0.275681E+00
   0.229004E-04   0.702753E+06   0.702753E+06   0.936932E+06   0.936929E+06   0.000000E+00   0.702753E+06   0.702753E+06   0.711857E+06  -0.601893E+00   0.700889E+06   0.700889E+06   0.304704E+00
   0.253113E-04   0.702753E+06   0.702752E+06   0.936915E+06   0.936912E+06   0.000000E+00   0.702753E+06   0.702753E+06   0.711857E+06  -0.601893E+00   0.700889E+06   0.700889E+06   0.336782E+00
   0.279760E-04   0.702752E+06   0.702752E+06   0.936895E+06   0.936891E+06   0.000000E+00   0.702752E+06   0.702752E+06   0.711856E+06  -0.601892E+00   0.700889E+06   0.700889E+06   0.372237E+00
   0.309213E-04   0.702752E+06   0.702752E+06   0.936870E+06   0.936865E+06   0.000000E+00   0.702752E+06   0.702752E+06   0.711855E+06  -0.601891E+00   0.700888E+06   0.700888E+06   0.411424E+00
   0.341766E-04   0.702751E+06   0.702751E+06   0.936840E+06   0.936834E+06   0.000000E+00   0.702751E+06   0.702751E+06   0.711854E+06  -0.601890E+00   0.700887E+06   0.700887E+06   0.454737E+00
   0.377746E-04   0.702750E+06   0.702750E+06   0.936804E+06   0.936796E+06   0.000000E+00   0.702750E+06   0.702750E+06   0.711853E+06  -0.601889E+00   0.700887E+06   0.700887E+06   0.502608E+00
   0.417514E-04   0.702749E+06   0.702749E+06   0.936759E+06   0.936749E+06   0.000000E+00   0.702749E+06   0.702749E+06   0.711852E+06  -0.601888E+00   0.700886E+06   0.700886E+06   0.555520E+00
   0.461468E-04   0.702748E+06   0.702748E+06   0.936704E+06   0.936692E+06   0.000000E+00   0.702748E+06   0.702748E+06   0.711850E+06  -0.601887E+00   0.700884E+06   0.700884E+06   0.614001E+00
   0.510050E-04   0.702746E+06   0.702746E+06   0.936637E+06   0.936623E+06   0.000000E+00   0.702746E+06   0.702746E+06   0.711848E+06  -0.601885E+00   0.700883E+06   0.700883E+06   0.678638E+00
   0.563747E-04   0.702745E+06   0.702744E+06   0.936555E+06   0.936538E+06   0.000000E+00   0.702744E+06   0.702744E+06   0.711845E+06  -0.601882E+00   0.700881E+06   0.700881E+06   0.750078E+00
   0.623096E-04   0.702742E+06   0.702742E+06   0.936455E+06   0.936434E+06   0.000000E+00   0.702742E+06   0.702742E+06   0.711842E+06  -0.601879E+00   0.700879E+06   0.700879E+06   0.829038E+00
   0.688694E-04   0.702740E+06   0.702739E+06   0.936333E+06   0.936307E+06   0.000000E+00   0.702740E+06   0.702740E+06   0.711838E+06  -0.601876E+00   0.700876E+06   0.700876E+06   0.916308E+00
   0.761198E-04   0.702736E+06   0.702736E+06   0.936184E+06   0.936152E+06   0.000000E+00   0.702736E+06   0.702736E+06   0.711833E+06  -0.601872E+00   0.700873E+06   0.700873E+06   0.101276E+01
   0.841334E-04   0.702732E+06   0.702732E+06   0.936002E+06   0.935963E+06   0.000000E+00   0.702732E+06   0.702732E+06   0.711827E+06  -0.601866E+00   0.700869E+06   0.700869E+06   0.111937E+01
   0.929907E-04   0.702727E+06   0.702727E+06   0.935780E+06   0.935732E+06   0.000000E+00   0.702727E+06   0.702727E+06   0.711820E+06  -0.601860E+00   0.700864E+06   0.700864E+06   0.123719E+01
   0.102781E-03   0.702721E+06   0.702720E+06   0.935508E+06   0.935450E+06   0.000000E+00   0.702721E+06   0.702721E+06   0.711812E+06  -0.601852E+00   0.700859E+06   0.700858E+06   0.136741E+01
   0.113601E-03   0.702714E+06   0.702713E+06   0.935177E+06   0.935105E+06   0.000000E+00   0.702714E+06   0.702714E+06   0.711801E+06  -0.601843E+00   0.700851E+06   0.700851E+06   0.151133E+01
   0.125560E-03   0.702705E+06   0.702704E+06   0.934772E+06   0.934685E+06   0.000000E+00   0.702705E+06   0.702705E+06   0.711788E+06  -0.601831E+00   0.700842E+06   0.700842E+06   0.167039E+01
   0.138779E-03   0.702694E+06   0.702692E+06   0.934277E+06   0.934171E+06   0.000000E+00   0.702694E+06   0.702694E+06   0.711772E+06  -0.601817E+00   0.700832E+06   0.700832E+06   0.184618E+01
   0.153389E-03   0.702681E+06   0.702679E+06   0.933673E+06   0.933544E+06   0.000000E+00   0.702680E+06   0.702680E+06   0.711753E+06  -0.601799E+00   0.700819E+06   0.700818E+06   0.204045E+01
   0.169538E-03   0.702664E+06   0.702662E+06   0.932936E+06   0.932778E+06   0.000000E+00   0.702664E+06   0.702664E+06   0.711729E+06  -0.601778E+00   0.700803E+06   0.700802E+06   0.225514E+01
   0.187386E-03   0.702644E+06   0.702641E+06   0.932036E+06   0.931843E+06   0.000000E+00   0.702644E+06   0.702644E+06   0.711700E+06  -0.601752E+00   0.700783E+06   0.700783E+06   0.249239E+01
   0.207114E-03   0.702620E+06   0.702616E+06   0.930938E+06   0.930702E+06   0.000000E+00   0.702619E+06   0.702619E+06   0.711665E+06  -0.601720E+00   0.700759E+06   0.700759E+06   0.275456E+01
   0.228918E-03   0.702590E+06   0.702586E+06   0.929597E+06   0.929310E+06   0.000000E+00   0.702590E+06   0.702590E+06   0.711621E+06  -0.601681E+00   0.700730E+06   0.700729E+06   0.304425E+01
   0.253018E-03   0.702554E+06   0.702548E+06   0.927962E+06   0.927613E+06   0.000000E+00   0.702553E+06   0.702553E+06   0.711569E+06  -0.601634E+00   0.700694E+06   0.700694E+06   0.336433E+01
   0.279655E-03   0.702510E+06   0.702502E+06   0.925969E+06   0.925542E+06   0.000000E+00   0.702508E+06   0.702508E+06   0.711504E+06  -0.601576E+00   0.700651E+06   0.700650E+06   0.371798E+01
   0.309096E-03   0.702455E+06   0.702447E+06   0.923538E+06   0.923019E+06   0.000000E+00   0.702454E+06   0.702454E+06   0.711426E+06  -0.601506E+00   0.700598E+06   0.700597E+06   0.410866E+01
   0.341636E-03   0.702389E+06   0.702378E+06   0.920577E+06   0.919945E+06   0.000000E+00   0.702387E+06   0.702387E+06   0.711330E+06  -0.601420E+00   0.700533E+06   0.700531E+06   0.454021E+01
   0.377603E-03   0.702308E+06   0.702295E+06   0.916971E+06   0.916203E+06   0.000000E+00   0.702306E+06   0.702306E+06   0.711214E+06  -0.601315E+00   0.700454E+06   0.700452E+06   0.501685E+01
   0.417356E-03   0.702210E+06   0.702194E+06   0.912583E+06   0.911650E+06   0.000000E+00   0.702207E+06   0.702207E+06   0.711071E+06  -0.601187E+00   0.700357E+06   0.700355E+06   0.554320E+01
   0.461294E-03   0.702090E+06   0.702070E+06   0.907249E+06   0.906117E+06   0.000000E+00   0.702086E+06   0.702086E+06   0.710898E+06  -0.601031E+00   0.700239E+06   0.700236E+06   0.612433E+01
   0.509857E-03   0.701943E+06   0.701919E+06   0.900770E+06   0.899399E+06   0.000000E+00   0.701939E+06   0.701939E+06   0.710686E+06  -0.600841E+00   0.700095E+06   0.700092E+06   0.676581E+01
   0.563534E-03   0.701764E+06   0.701735E+06   0.892912E+06   0.891254E+06   0.000000E+00   0.701759E+06   0.701759E+06   0.710429E+06  -0.600610E+00   0.699919E+06   0.699915E+06   0.747367E+01
   0.622861E-03   0.701546E+06   0.701510E+06   0.883396E+06   0.881397E+06   0.000000E+00   0.701540E+06   0.701540E+06   0.710116E+06  -0.600328E+00   0.699705E+06   0.699700E+06   0.825453E+01
   0.688433E-03   0.701280E+06   0.701236E+06   0.871896E+06   0.869491E+06   0.000000E+00   0.701272E+06   0.701272E+06   0.709735E+06  -0.599986E+00   0.699444E+06   0.699438E+06   0.911555E+01
   0.760910E-03   0.700956E+06   0.700903E+06   0.858030E+06   0.855148E+06   0.000000E+00   0.700947E+06   0.700947E+06   0.709273E+06  -0.599570E+00   0.699125E+06   0.699118E+06   0.100645E+02
   0.841016E-03   0.700562E+06   0.700497E+06   0.841362E+06   0.837924E+06   0.000000E+00   0.700551E+06   0.700551E+06   0.708713E+06  -0.599065E+00   0.698737E+06   0.698729E+06   0.111096E+02
   0.929556E-03   0.700083E+06   0.700003E+06   0.821397E+06   0.817317E+06   0.000000E+00   0.700069E+06   0.700069E+06   0.708035E+06  -0.598454E+00   0.698266E+06   0.698255E+06   0.122598E+02
   0.102742E-02   0.699500E+06   0.699404E+06   0.797591E+06   0.792781E+06   0.000000E+00   0.699484E+06   0.699484E+06   0.707216E+06  -0.597714E+00   0.697692E+06   0.697679E+06   0.135247E+02
   0.113558E-02   0.698794E+06   0.698676E+06   0.769358E+06   0.763734E+06   0.000000E+00   0.698774E+06   0.698774E+06   0.706228E+06  -0.596822E+00   0.696994E+06   0.696979E+06   0.149140E+02
   0.125513E-02   0.697939E+06   0.697794E+06   0.736101E+06   0.729595E+06   0.000000E+00   0.697914E+06   0.697914E+06   0.705041E+06  -0.595748E+00   0.696149E+06   0.696129E+06   0.164380E+02
   0.138727E-02   0.696904E+06   0.696727E+06   0.697252E+06   0.689821E+06   0.000000E+00   0.696874E+06   0.696874E+06   0.703620E+06  -0.594460E+00   0.695124E+06   0.695100E+06   0.181074E+02
   0.153331E-02   0.695655E+06   0.695440E+06   0.652336E+06   0.643988E+06   0.000000E+00   0.695619E+06   0.695619E+06   0.701925E+06  -0.592921E+00   0.693884E+06   0.693856E+06   0.199328E+02
   0.169474E-02   0.694152E+06   0.693889E+06   0.601070E+06   0.591885E+06   0.000000E+00   0.694108E+06   0.694108E+06   0.699912E+06  -0.591090E+00   0.692388E+06   0.692354E+06   0.219245E+02
   0.187315E-02   0.692348E+06   0.692028E+06   0.543485E+06   0.533652E+06   0.000000E+00   0.692295E+06   0.692295E+06   0.697537E+06  -0.588923E+00   0.690588E+06   0.690546E+06   0.240927E+02
   0.207035E-02   0.690192E+06   0.689801E+06   0.480094E+06   0.469935E+06   0.000000E+00   0.690127E+06   0.690127E+06   0.694751E+06  -0.586377E+00   0.688429E+06   0.688378E+06   0.264466E+02
   0.228831E-02   0.687625E+06   0.687148E+06   0.412063E+06   0.402066E+06   0.000000E+00   0.687545E+06   0.687545E+06   0.691510E+06  -0.583405E+00   0.685848E+06   0.685787E+06   0.289946E+02
   0.252922E-02   0.684584E+06   0.684003E+06   0.341389E+06   0.332205E+06   0.000000E+00   0.684488E+06   0.684488E+06   0.687768E+06  -0.579968E+00   0.682779E+06   0.682704E+06   0.317442E+02
   0.279549E-02   0.681005E+06   0.680297E+06   0.270992E+06   0.263396E+06   0.000000E+00   0.680887E+06   0.680887E+06   0.683490E+06  -0.576031E+00   0.679149E+06   0.679058E+06   0.347014E+02
   0.308979E-02   0.676818E+06   0.675955E+06   0.204649E+06   0.199430E+06   0.000000E+00   0.676674E+06   0.676674E+06   0.678642E+06  -0.571567E+00   0.674883E+06   0.674774E+06   0.378719E+02
   0.341507E-02   0.671957E+06   0.670908E+06   0.146639E+06   0.144394E+06   0.000000E+00   0.671782E+06   0.671782E+06   0.673199E+06  -0.566563E+00   0.669908E+06   0.669776E+06   0.412614E+02
   0.377460E-02   0.666362E+06   0.665085E+06   0.100979E+06   0.101837E+06   0.000000E+00   0.666149E+06   0.666149E+06   0.667134E+06  -0.561013E+00   0.664156E+06   0.663998E+06   0.448766E+02
   0.417198E-02   0.659975E+06   0.658424E+06   0.702674E+05   0.736041E+05   0.000000E+00   0.659717E+06   0.659717E+06   0.660413E+06  -0.554917E+00   0.657572E+06   0.657382E+06   0.487270E+02
   0.461119E-02   0.652751E+06   0.650867E+06   0.543382E+05   0.586740E+05   0.000000E+00   0.652437E+06   0.652437E+06   0.652982E+06  -0.548266E+00   0.650112E+06   0.649885E+06   0.528253E+02
   0.509664E-02   0.644649E+06   0.642364E+06   0.493957E+05   0.527156E+05   0.000000E+00   0.644268E+06   0.644268E+06   0.644762E+06  -0.541035E+00   0.641750E+06   0.641478E+06   0.571877E+02
   0.563320E-02   0.635634E+06   0.632865E+06   0.485839E+05   0.492430E+05   0.000000E+00   0.635172E+06   0.635172E+06   0.635647E+06  -0.533163E+00   0.632469E+06   0.632144E+06   0.618315E+02
   0.622625E-02   0.625667E+06   0.622318E+06   0.447660E+05   0.426978E+05   0.000000E+00   0.625109E+06   0.625109E+06   0.625536E+06  -0.524564E+00   0.622253E+06   0.621865E+06   0.667706E+02
   0.688173E-02   0.614707E+06   0.610661E+06   0.348486E+05   0.320875E+05   0.000000E+00   0.614033E+06   0.614033E+06   0.614361E+06  -0.515141E+00   0.611073E+06   0.610611E+06   0.720097E+02
   0.760622E-02   0.602705E+06   0.597827E+06   0.224929E+05   0.217724E+05   0.000000E+00   0.601892E+06   0.601892E+06   0.602108E+06  -0.504821E+00   0.598877E+06   0.598327E+06   0.775400E+02
   0.840698E-02   0.589609E+06   0.583739E+06   0.149524E+05   0.167221E+05   0.000000E+00   0.588630E+06   0.588630E+06   0.588783E+06  -0.493570E+00   0.585596E+06   0.584943E+06   0.833390E+02
   0.929204E-02   0.575370E+06   0.568325E+06   0.144927E+05   0.149901E+05   0.000000E+00   0.574195E+06   0.574195E+06   0.574338E+06  -0.481377E+00   0.571156E+06   0.570382E+06   0.893722E+02
   0.102703E-01   0.559942E+06   0.551512E+06   0.145278E+05   0.119419E+05   0.000000E+00   0.558537E+06   0.558537E+06   0.558668E+06  -0.468191E+00   0.555524E+06   0.554608E+06   0.955903E+02
   0.113515E-01   0.543280E+06   0.533227E+06   0.980337E+04   0.948406E+04   0.000000E+00   0.541605E+06   0.541605E+06   0.541699E+06  -0.453951E+00   0.538647E+06   0.537568E+06   0.101916E+03
   0.125466E-01   0.525340E+06   0.513402E+06   0.605614E+04   0.750492E+04   0.000000E+00   0.523350E+06   0.523350E+06   0.523415E+06  -0.438605E+00   0.520476E+06   0.519210E+06   0.108235E+03
   0.138674E-01   0.506080E+06   0.491975E+06   0.671677E+04   0.591400E+04   0.000000E+00   0.503729E+06   0.503729E+06   0.503791E+06  -0.422127E+00   0.500960E+06   0.499482E+06   0.114386E+03
   0.153273E-01   0.485472E+06   0.468907E+06   0.481760E+04   0.463975E+04   0.000000E+00   0.482711E+06   0.482711E+06   0.482757E+06  -0.404492E+00   0.480070E+06   0.478353E+06   0.120166E+03
   0.169409E-01   0.463506E+06   0.444195E+06   0.316099E+04   0.362180E+04   0.000000E+00   0.460287E+06   0.460287E+06   0.460320E+06  -0.385680E+00   0.457796E+06   0.455817E+06   0.125304E+03
   0.187244E-01   0.440200E+06   0.417887E+06   0.328814E+04   0.281112E+04   0.000000E+00   0.436481E+06   0.436481E+06   0.436511E+06  -0.365718E+00   0.434157E+06   0.431897E+06   0.129463E+03
   0.206957E-01   0.415619E+06   0.390118E+06   0.183278E+04   0.216849E+04   0.000000E+00   0.411369E+06   0.411369E+06   0.411388E+06  -0.344665E+00   0.409228E+06   0.406677E+06   0.132239E+03
   0.228745E-01   0.389894E+06   0.361135E+06   0.187271E+04   0.166131E+04   0.000000E+00   0.385101E+06   0.385101E+06   0.385118E+06  -0.322647E+00   0.383154E+06   0.380315E+06   0.133166E+03
   0.252826E-01   0.363246E+06   0.331339E+06   0.123838E+04   0.126360E+04   0.000000E+00   0.357928E+06   0.357928E+06   0.357940E+06  -0.299874E+00   0.356182E+06   0.353077E+06   0.131744E+03
   0.279443E-01   0.336010E+06   0.301316E+06   0.843521E+03   0.953979E+03   0.000000E+00   0.330228E+06   0.330228E+06   0.330236E+06  -0.276661E+00   0.328681E+06   0.325360E+06   0.127478E+03
   0.308862E-01   0.308656E+06   0.271858E+06   0.770987E+03   0.715130E+03   0.000000E+00   0.302523E+06   0.302523E+06   0.302530E+06  -0.253446E+00   0.301165E+06   0.297711E+06   0.119963E+03
   0.341378E-01   0.281785E+06   0.243936E+06   0.607413E+03   0.532889E+03   0.000000E+00   0.275477E+06   0.275477E+06   0.275482E+06  -0.230785E+00   0.274287E+06   0.270819E+06   0.108992E+03
   0.377317E-01   0.256100E+06   0.218624E+06   0.449134E+03   0.395567E+03   0.000000E+00   0.249854E+06   0.249854E+06   0.249858E+06  -0.209316E+00   0.248801E+06   0.245470E+06   0.946988E+02
   0.417040E-01   0.232321E+06   0.196916E+06   0.363822E+03   0.293446E+03   0.000000E+00   0.226420E+06   0.226420E+06   0.226423E+06  -0.189683E+00   0.225462E+06   0.222442E+06   0.777084E+02
   0.458744E-01   0.211918E+06   0.180112E+06   0.221446E+03   0.221385E+03   0.000000E+00   0.206617E+06   0.206617E+06   0.206619E+06  -0.173091E+00   0.205710E+06   0.203138E+06   0.601485E+02
   0.500448E-01   0.195630E+06   0.168277E+06   0.172173E+03   0.172126E+03   0.000000E+00   0.191071E+06   0.191071E+06   0.191072E+06  -0.160067E+00   0.190181E+06   0.188116E+06   0.442662E+02
   0.542152E-01   0.182349E+06   0.159650E+06   0.137197E+03   0.137160E+03   0.000000E+00   0.178566E+06   0.178566E+06   0.178567E+06  -0.149590E+00   0.177675E+06   0.176105E+06   0.310647E+02
   0.583856E-01   0.171217E+06   0.152790E+06   0.111470E+03   0.111439E+03   0.000000E+00   0.168146E+06   0.168146E+06   0.168147E+06  -0.140861E+00   0.167252E+06   0.166106E+06   0.210527E+02
   0.625560E-01   0.161492E+06   0.146520E+06   0.918685E+02   0.918432E+02   0.000000E+00   0.158996E+06   0.158996E+06   0.158997E+06  -0.133195E+00   0.158110E+06   0.157277E+06   0.142799E+02
   0.667264E-01   0.152531E+06   0.139953E+06   0.764203E+02   0.763992E+02   0.000000E+00   0.150434E+06   0.150434E+06   0.150435E+06  -0.126023E+00   0.149572E+06   0.148924E+06   0.104272E+02
   0.708968E-01   0.143912E+06   0.132619E+06   0.639164E+02   0.638988E+02   0.000000E+00   0.142030E+06   0.142030E+06   0.142031E+06  -0.118982E+00   0.141212E+06   0.140622E+06   0.892065E+01
   0.750672E-01   0.135437E+06   0.124450E+06   0.536208E+02   0.536060E+02   0.000000E+00   0.133606E+06   0.133606E+06   0.133607E+06  -0.111925E+00   0.132849E+06   0.132215E+06   0.905133E+01
   0.792376E-01   0.127105E+06   0.115701E+06   0.450815E+02   0.450691E+02   0.000000E+00   0.125205E+06   0.125205E+06   0.125205E+06  -0.104887E+00   0.124519E+06   0.123774E+06   0.100910E+02
   0.834080E-01   0.119041E+06   0.106827E+06   0.380017E+02   0.379912E+02   0.000000E+00   0.117005E+06   0.117005E+06   0.117005E+06  -0.980173E-01   0.116394E+06   0.115508E+06   0.113903E+02
   0.875784E-01   0.111406E+06   0.983224E+05   0.321588E+02   0.321499E+02   0.000000E+00   0.109226E+06   0.109226E+06   0.109226E+06  -0.915004E-01   0.108686E+06   0.107669E+06   0.124492E+02
   0.927733E-01   0.102746E+06   0.889121E+05   0.263370E+02   0.263297E+02   0.000000E+00   0.100440E+06   0.100440E+06   0.100440E+06  -0.841405E-01   0.999735E+05   0.988519E+05   0.129699E+02
   0.979682E-01   0.952809E+05   0.813839E+05   0.218528E+02   0.218468E+02   0.000000E+00   0.929648E+05   0.929648E+05   0.929650E+05  -0.778782E-01   0.925484E+05   0.914140E+05   0.124216E+02
   0.103163E+00   0.891521E+05   0.759698E+05   0.184340E+02   0.184290E+02   0.000000E+00   0.869550E+05   0.869550E+05   0.869552E+05  -0.728437E-01   0.865643E+05   0.855117E+05   0.109462E+02
   0.108358E+00   0.842626E+05   0.724314E+05   0.158186E+02   0.158142E+02   0.000000E+00   0.822908E+05   0.822908E+05   0.822909E+05  -0.689363E-01   0.819058E+05   0.810056E+05   0.891276E+01
   0.113553E+00   0.803086E+05   0.701674E+05   0.137697E+02   0.137659E+02   0.000000E+00   0.786184E+05   0.786184E+05   0.786185E+05  -0.658599E-01   0.782277E+05   0.775114E+05   0.676737E+01
   0.118748E+00   0.769199E+05   0.684582E+05   0.121011E+02   0.120977E+02   0.000000E+00   0.755096E+05   0.755096E+05   0.755097E+05  -0.632555E-01   0.751110E+05   0.745683E+05   0.490283E+01
   0.123943E+00   0.737729E+05   0.666780E+05   0.106838E+02   0.106809E+02   0.000000E+00   0.725904E+05   0.725904E+05   0.725905E+05  -0.608101E-01   0.721894E+05   0.717767E+05   0.357273E+01
   0.129137E+00   0.706307E+05   0.644057E+05   0.943759E+01   0.943499E+01   0.000000E+00   0.695932E+05   0.695932E+05   0.695933E+05  -0.582993E-01   0.692003E+05   0.688560E+05   0.286025E+01
   0.134332E+00   0.673671E+05   0.614769E+05   0.831945E+01   0.831715E+01   0.000000E+00   0.663854E+05   0.663854E+05   0.663855E+05  -0.556120E-01   0.660118E+05   0.656743E+05   0.269499E+01
   0.139527E+00   0.639802E+05   0.579846E+05   0.731387E+01   0.731185E+01   0.000000E+00   0.629809E+05   0.629809E+05   0.629810E+05  -0.527600E-01   0.626355E+05   0.622580E+05   0.290257E+01
   0.144722E+00   0.605662E+05   0.542088E+05   0.642024E+01   0.641847E+01   0.000000E+00   0.595066E+05   0.595066E+05   0.595067E+05  -0.498495E-01   0.591937E+05   0.587529E+05   0.326795E+01
   0.149917E+00   0.572676E+05   0.505042E+05   0.564171E+01   0.564015E+01   0.000000E+00   0.561403E+05   0.561403E+05   0.561404E+05  -0.470295E-01   0.558590E+05   0.553567E+05   0.359429E+01
   0.155112E+00   0.542309E+05   0.472021E+05   0.497888E+01   0.497751E+01   0.000000E+00   0.530594E+05   0.530594E+05   0.530595E+05  -0.444486E-01   0.528042E+05   0.522628E+05   0.374443E+01
   0.160307E+00   0.515709E+05   0.445328E+05   0.442665E+01   0.442543E+01   0.000000E+00   0.503979E+05   0.503979E+05   0.503979E+05  -0.422190E-01   0.501607E+05   0.496139E+05   0.365968E+01
   0.165502E+00   0.493322E+05   0.425698E+05   0.397255E+01   0.397146E+01   0.000000E+00   0.482052E+05   0.482052E+05   0.482052E+05  -0.403821E-01   0.479776E+05   0.474598E+05   0.335661E+01
   0.170696E+00   0.474756E+05   0.412229E+05   0.359810E+01   0.359711E+01   0.000000E+00   0.464335E+05   0.464335E+05   0.464335E+05  -0.388980E-01   0.462086E+05   0.457461E+05   0.290653E+01
   0.175891E+00   0.459050E+05   0.402908E+05   0.328312E+01   0.328221E+01   0.000000E+00   0.449693E+05   0.449693E+05   0.449693E+05  -0.376713E-01   0.447429E+05   0.443484E+05   0.240597E+01
   0.181086E+00   0.445060E+05   0.395353E+05   0.300971E+01   0.300888E+01   0.000000E+00   0.436776E+05   0.436776E+05   0.436776E+05  -0.365893E-01   0.434489E+05   0.431202E+05   0.194757E+01
   0.186281E+00   0.431699E+05   0.387378E+05   0.276393E+01   0.276316E+01   0.000000E+00   0.424312E+05   0.424312E+05   0.424312E+05  -0.355452E-01   0.422023E+05   0.419248E+05   0.159849E+01
   0.191476E+00   0.418094E+05   0.377414E+05   0.253628E+01   0.253558E+01   0.000000E+00   0.411314E+05   0.411314E+05   0.411314E+05  -0.344563E-01   0.409061E+05   0.406581E+05   0.138937E+01
   0.196671E+00   0.403793E+05   0.364814E+05   0.232212E+01   0.232148E+01   0.000000E+00   0.397296E+05   0.397296E+05   0.397297E+05  -0.332820E-01   0.395122E+05   0.392713E+05   0.131401E+01
   0.201866E+00   0.388844E+05   0.349914E+05   0.212090E+01   0.212031E+01   0.000000E+00   0.382356E+05   0.382356E+05   0.382356E+05  -0.320304E-01   0.380294E+05   0.377777E+05   0.133777E+01
   0.207060E+00   0.373659E+05   0.333751E+05   0.193437E+01   0.193383E+01   0.000000E+00   0.367008E+05   0.367008E+05   0.367008E+05  -0.307447E-01   0.365078E+05   0.362354E+05   0.141136E+01
   0.212255E+00   0.358799E+05   0.317639E+05   0.176472E+01   0.176424E+01   0.000000E+00   0.351939E+05   0.351939E+05   0.351939E+05  -0.294824E-01   0.350141E+05   0.347202E+05   0.148539E+01
   0.217450E+00   0.344824E+05   0.302824E+05   0.161356E+01   0.161312E+01   0.000000E+00   0.337824E+05   0.337824E+05   0.337824E+05  -0.282999E-01   0.336141E+05   0.333056E+05   0.152187E+01
   0.222645E+00   0.332174E+05   0.290209E+05   0.148132E+01   0.148091E+01   0.000000E+00   0.325179E+05   0.325179E+05   0.325180E+05  -0.272407E-01   0.323582E+05   0.320468E+05   0.150069E+01
   0.227840E+00   0.321048E+05   0.280157E+05   0.136691E+01   0.136653E+01   0.000000E+00   0.314233E+05   0.314233E+05   0.314233E+05  -0.263237E-01   0.312691E+05   0.309674E+05   0.142073E+01
   0.233035E+00   0.311371E+05   0.272461E+05   0.126793E+01   0.126758E+01   0.000000E+00   0.304886E+05   0.304886E+05   0.304886E+05  -0.255407E-01   0.303372E+05   0.300556E+05   0.129636E+01
   0.238230E+00   0.302863E+05   0.266503E+05   0.118131E+01   0.118099E+01   0.000000E+00   0.296803E+05   0.296803E+05   0.296804E+05  -0.248636E-01   0.295300E+05   0.292744E+05   0.115085E+01
   0.243425E+00   0.295142E+05   0.261459E+05   0.110395E+01   0.110364E+01   0.000000E+00   0.289528E+05   0.289528E+05   0.289528E+05  -0.242541E-01   0.288029E+05   0.285739E+05   0.100908E+01
   0.248619E+00   0.287783E+05   0.256491E+05   0.103306E+01   0.103277E+01   0.000000E+00   0.282568E+05   0.282568E+05   0.282568E+05  -0.236711E-01   0.281078E+05   0.279012E+05   0.891238E+00
   0.253814E+00   0.280416E+05   0.250935E+05   0.966537E+00   0.966270E+00   0.000000E+00   0.275503E+05   0.275503E+05   0.275503E+05  -0.230792E-01   0.274034E+05   0.272120E+05   0.808906E+00
   0.259009E+00   0.272833E+05   0.244461E+05   0.903253E+00   0.903004E+00   0.000000E+00   0.268105E+05   0.268105E+05   0.268105E+05  -0.224595E-01   0.266672E+05   0.264827E+05   0.763897E+00
   0.264204E+00   0.265033E+05   0.237125E+05   0.843020E+00   0.842788E+00   0.000000E+00   0.260382E+05   0.260382E+05   0.260382E+05  -0.218125E-01   0.258999E+05   0.257153E+05   0.749591E+00
   0.269399E+00   0.257153E+05   0.229254E+05   0.786183E+00   0.785966E+00   0.000000E+00   0.252503E+05   0.252503E+05   0.252503E+05  -0.211525E-01   0.251178E+05   0.249285E+05   0.754046E+00
   0.274594E+00   0.249375E+05   0.221293E+05   0.733199E+00   0.732996E+00   0.000000E+00   0.244694E+05   0.244694E+05   0.244695E+05  -0.204984E-01   0.243430E+05   0.241475E+05   0.763790E+00
   0.279789E+00   0.241889E+05   0.213688E+05   0.684462E+00   0.684274E+00   0.000000E+00   0.237189E+05   0.237189E+05   0.237189E+05  -0.198696E-01   0.235980E+05   0.233979E+05   0.767207E+00
   0.284984E+00   0.234878E+05   0.206816E+05   0.640237E+00   0.640060E+00   0.000000E+00   0.230201E+05   0.230201E+05   0.230201E+05  -0.192842E-01   0.229039E+05   0.227028E+05   0.756844E+00
   0.290178E+00   0.228466E+05   0.200899E+05   0.600521E+00   0.600356E+00   0.000000E+00   0.223871E+05   0.223871E+05   0.223871E+05  -0.187540E-01   0.222744E+05   0.220769E+05   0.730322E+00
   0.295373E+00   0.222666E+05   0.195939E+05   0.564952E+00   0.564796E+00   0.000000E+00   0.218211E+05   0.218211E+05   0.218211E+05  -0.182798E-01   0.217109E+05   0.215209E+05   0.689927E+00
   0.300568E+00   0.217384E+05   0.191745E+05   0.532888E+00   0.532741E+00   0.000000E+00   0.213111E+05   0.213111E+05   0.213111E+05  -0.178526E-01   0.212025E+05   0.210229E+05   0.641179E+00
   0.305763E+00   0.212478E+05   0.188030E+05   0.503616E+00   0.503477E+00   0.000000E+00   0.208403E+05   0.208403E+05   0.208403E+05  -0.174582E-01   0.207330E+05   0.205645E+05   0.590902E+00
   0.310958E+00   0.207804E+05   0.184494E+05   0.476504E+00   0.476372E+00   0.000000E+00   0.203919E+05   0.203919E+05   0.203919E+05  -0.170825E-01   0.202857E+05   0.201277E+05   0.545357E+00
   0.316153E+00   0.203235E+05   0.180889E+05   0.451043E+00   0.450918E+00   0.000000E+00   0.199511E+05   0.199511E+05   0.199511E+05  -0.167132E-01   0.198464E+05   0.196965E+05   0.508869E+00
   0.321348E+00   0.198671E+05   0.177047E+05   0.426869E+00   0.426751E+00   0.000000E+00   0.195067E+05   0.195067E+05   0.195068E+05  -0.163410E-01   0.194042E+05   0.192594E+05   0.483161E+00
   0.326543E+00   0.194067E+05   0.172917E+05   0.403799E+00   0.403687E+00   0.000000E+00   0.190542E+05   0.190542E+05   0.190542E+05  -0.159619E-01   0.189541E+05   0.188119E+05   0.467417E+00
   0.331737E+00   0.189443E+05   0.168566E+05   0.381830E+00   0.381724E+00   0.000000E+00   0.185964E+05   0.185964E+05   0.185964E+05  -0.155784E-01   0.184992E+05   0.183573E+05   0.458912E+00
   0.336932E+00   0.184868E+05   0.164149E+05   0.361065E+00   0.360966E+00   0.000000E+00   0.181415E+05   0.181415E+05   0.181415E+05  -0.151973E-01   0.180473E+05   0.179047E+05   0.453979E+00
   0.342127E+00   0.180421E+05   0.159837E+05   0.341617E+00   0.341522E+00   0.000000E+00   0.176990E+05   0.176990E+05   0.176990E+05  -0.148266E-01   0.176078E+05   0.174646E+05   0.449016E+00
   0.347322E+00   0.176164E+05   0.155773E+05   0.323543E+00   0.323454E+00   0.000000E+00   0.172765E+05   0.172765E+05   0.172765E+05  -0.144727E-01   0.171880E+05   0.170451E+05   0.441295E+00
   0.352517E+00   0.172140E+05   0.152050E+05   0.306845E+00   0.306760E+00   0.000000E+00   0.168792E+05   0.168792E+05   0.168792E+05  -0.141399E-01   0.167930E+05   0.166519E+05   0.429426E+00
   0.357712E+00   0.168371E+05   0.148702E+05   0.291467E+00   0.291387E+00   0.000000E+00   0.165093E+05   0.165093E+05   0.165093E+05  -0.138300E-01   0.164249E+05   0.162870E+05   0.413408E+00
   0.362907E+00   0.164845E+05   0.145699E+05   0.277293E+00   0.277217E+00   0.000000E+00   0.161654E+05   0.161654E+05   0.161654E+05  -0.135419E-01   0.160825E+05   0.159491E+05   0.394368E+00
   0.368102E+00   0.161523E+05   0.142957E+05   0.264157E+00   0.264084E+00   0.000000E+00   0.158428E+05   0.158428E+05   0.158428E+05  -0.132717E-01   0.157613E+05   0.156329E+05   0.374084E+00
   0.373296E+00   0.158347E+05   0.140366E+05   0.251878E+00   0.251809E+00   0.000000E+00   0.155350E+05   0.155350E+05   0.155350E+05  -0.130138E-01   0.154546E+05   0.153312E+05   0.354451E+00
   0.378491E+00   0.155265E+05   0.137825E+05   0.240303E+00   0.240237E+00   0.000000E+00   0.152358E+05   0.152358E+05   0.152358E+05  -0.127632E-01   0.151566E+05   0.150377E+05   0.337013E+00
   0.383686E+00   0.152238E+05   0.135260E+05   0.229319E+00   0.229256E+00   0.000000E+00   0.149408E+05   0.149408E+05   0.149408E+05  -0.125161E-01   0.148630E+05   0.147476E+05   0.322666E+00
   0.388881E+00   0.149243E+05   0.132635E+05   0.218851E+00   0.218791E+00   0.000000E+00   0.146475E+05   0.146475E+05   0.146475E+05  -0.122703E-01   0.145711E+05   0.144582E+05   0.311558E+00
   0.394076E+00   0.146270E+05   0.129949E+05   0.208860E+00   0.208803E+00   0.000000E+00   0.143550E+05   0.143550E+05   0.143550E+05  -0.120253E-01   0.142802E+05   0.141689E+05   0.303184E+00
   0.399271E+00   0.143332E+05   0.127236E+05   0.199344E+00   0.199289E+00   0.000000E+00   0.140650E+05   0.140650E+05   0.140650E+05  -0.117824E-01   0.139919E+05   0.138815E+05   0.296615E+00
   0.404466E+00   0.140456E+05   0.124556E+05   0.190322E+00   0.190270E+00   0.000000E+00   0.137806E+05   0.137806E+05   0.137806E+05  -0.115441E-01   0.137093E+05   0.135996E+05   0.290782E+00
   0.409661E+00   0.137667E+05   0.121965E+05   0.181810E+00   0.181760E+00   0.000000E+00   0.135050E+05   0.135050E+05   0.135050E+05  -0.113133E-01   0.134353E+05   0.133266E+05   0.284738E+00
   0.414855E+00   0.134983E+05   0.119503E+05   0.173807E+00   0.173759E+00   0.000000E+00   0.132403E+05   0.132403E+05   0.132403E+05  -0.110916E-01   0.131721E+05   0.130647E+05   0.277848E+00
   0.420050E+00   0.132412E+05   0.117191E+05   0.166296E+00   0.166251E+00   0.000000E+00   0.129875E+05   0.129875E+05   0.129875E+05  -0.108798E-01   0.129207E+05   0.128150E+05   0.269873E+00
   0.425245E+00   0.129956E+05   0.115031E+05   0.159253E+00   0.159209E+00   0.000000E+00   0.127469E+05   0.127469E+05   0.127469E+05  -0.106782E-01   0.126812E+05   0.125778E+05   0.260943E+00
   0.430440E+00   0.127610E+05   0.113006E+05   0.152639E+00   0.152597E+00   0.000000E+00   0.125176E+05   0.125176E+05   0.125176E+05  -0.104861E-01   0.124530E+05   0.123522E+05   0.251465E+00
   0.435635E+00   0.125356E+05   0.111082E+05   0.146406E+00   0.146365E+00   0.000000E+00   0.122977E+05   0.122977E+05   0.122977E+05  -0.103019E-01   0.122341E+05   0.121359E+05   0.241970E+00
   0.440830E+00   0.123171E+05   0.109219E+05   0.140501E+00   0.140462E+00   0.000000E+00   0.120845E+05   0.120845E+05   0.120845E+05  -0.101234E-01   0.120219E+05   0.119262E+05   0.232967E+00
   0.446025E+00   0.121037E+05   0.107385E+05   0.134883E+00   0.134846E+00   0.000000E+00   0.118762E+05   0.118762E+05   0.118762E+05  -0.994883E-02   0.118146E+05   0.117211E+05   0.224829E+00
   0.451219E+00   0.118946E+05   0.105561E+05   0.129525E+00   0.129489E+00   0.000000E+00   0.116715E+05   0.116715E+05   0.116715E+05  -0.977737E-02   0.116109E+05   0.115193E+05   0.217731E+00
   0.456414E+00   0.116891E+05   0.103739E+05   0.124406E+00   0.124372E+00   0.000000E+00   0.114699E+05   0.114699E+05   0.114699E+05  -0.960845E-02   0.114103E+05   0.113203E+05   0.211638E+00
   0.461609E+00   0.114869E+05   0.101922E+05   0.119512E+00   0.119480E+00   0.000000E+00   0.112711E+05   0.112711E+05   0.112711E+05  -0.944191E-02   0.112126E+05   0.111238E+05   0.206355E+00
   0.466804E+00   0.112883E+05   0.100122E+05   0.114839E+00   0.114807E+00   0.000000E+00   0.110756E+05   0.110756E+05   0.110756E+05  -0.927816E-02   0.110182E+05   0.109305E+05   0.201589E+00
   0.471999E+00   0.110943E+05   0.983579E+04   0.110386E+00   0.110355E+00   0.000000E+00   0.108845E+05   0.108845E+05   0.108845E+05  -0.911810E-02   0.108282E+05   0.107415E+05   0.197034E+00
   0.477194E+00   0.109058E+05   0.966502E+04   0.106153E+00   0.106124E+00   0.000000E+00   0.106990E+05   0.106990E+05   0.106990E+05  -0.896267E-02   0.106437E+05   0.105581E+05   0.192444E+00
   0.482389E+00   0.107233E+05   0.950096E+04   0.102136E+00   0.102108E+00   0.000000E+00   0.105196E+05   0.105196E+05   0.105196E+05  -0.881236E-02   0.104652E+05   0.103808E+05   0.187667E+00
   0.487584E+00   0.105467E+05   0.934385E+04   0.983240E-01   0.982969E-01   0.000000E+00   0.103462E+05   0.103462E+05   0.103462E+05  -0.866714E-02   0.102928E+05   0.102098E+05   0.182668E+00
   0.492778E+00   0.103758E+05   0.919335E+04   0.947040E-01   0.946779E-01   0.000000E+00   0.101787E+05   0.101787E+05   0.101787E+05  -0.852684E-02   0.101261E+05   0.100446E+05   0.177507E+00
   0.497973E+00   0.102104E+05   0.904877E+04   0.912635E-01   0.912384E-01   0.000000E+00   0.100168E+05   0.100168E+05   0.100168E+05  -0.839116E-02   0.996498E+04   0.988500E+04   0.172313E+00
   0.503168E+00   0.100499E+05   0.890903E+04   0.879882E-01   0.879640E-01   0.000000E+00   0.985973E+04   0.985973E+04   0.985973E+04  -0.825961E-02   0.980871E+04   0.973027E+04   0.167234E+00
   0.508363E+00   0.989350E+04   0.877277E+04   0.848621E-01   0.848387E-01   0.000000E+00   0.970671E+04   0.970671E+04   0.970671E+04  -0.813142E-02   0.965644E+04   0.957948E+04   0.162406E+00
   0.513558E+00   0.974048E+04   0.863878E+04   0.818708E-01   0.818482E-01   0.000000E+00   0.955687E+04   0.955687E+04   0.955687E+04  -0.800590E-02   0.950734E+04   0.943174E+04   0.157915E+00
   0.518753E+00   0.959044E+04   0.850649E+04   0.790046E-01   0.789828E-01   0.000000E+00   0.940978E+04   0.940978E+04   0.940979E+04  -0.788268E-02   0.936101E+04   0.928664E+04   0.153793E+00
   0.523948E+00   0.944335E+04   0.837586E+04   0.762576E-01   0.762366E-01   0.000000E+00   0.926544E+04   0.926544E+04   0.926544E+04  -0.776176E-02   0.921742E+04   0.914415E+04   0.150013E+00
   0.529143E+00   0.929923E+04   0.824714E+04   0.736250E-01   0.736047E-01   0.000000E+00   0.912388E+04   0.912388E+04   0.912388E+04  -0.764318E-02   0.907661E+04   0.900435E+04   0.146507E+00
   0.534337E+00   0.915805E+04   0.812062E+04   0.711021E-01   0.710825E-01   0.000000E+00   0.898514E+04   0.898514E+04   0.898514E+04  -0.752696E-02   0.893862E+04   0.886730E+04   0.143189E+00
   0.539532E+00   0.901994E+04   0.799678E+04   0.686857E-01   0.686667E-01   0.000000E+00   0.884942E+04   0.884942E+04   0.884942E+04  -0.741326E-02   0.880362E+04   0.873322E+04   0.139971E+00
   0.544727E+00   0.888521E+04   0.787623E+04   0.663737E-01   0.663554E-01   0.000000E+00   0.871705E+04   0.871705E+04   0.871705E+04  -0.730237E-02   0.867195E+04   0.860249E+04   0.136787E+00
   0.549922E+00   0.875406E+04   0.775937E+04   0.641634E-01   0.641458E-01   0.000000E+00   0.858828E+04   0.858828E+04   0.858828E+04  -0.719450E-02   0.854386E+04   0.847538E+04   0.133600E+00
   0.555117E+00   0.862641E+04   0.764615E+04   0.620499E-01   0.620328E-01   0.000000E+00   0.846303E+04   0.846303E+04   0.846304E+04  -0.708958E-02   0.841926E+04   0.835178E+04   0.130405E+00
   0.560312E+00   0.850199E+04   0.753626E+04   0.600268E-01   0.600103E-01   0.000000E+00   0.834104E+04   0.834104E+04   0.834104E+04  -0.698738E-02   0.829789E+04   0.823144E+04   0.127223E+00
   0.565507E+00   0.838063E+04   0.742939E+04   0.580889E-01   0.580729E-01   0.000000E+00   0.822209E+04   0.822209E+04   0.822209E+04  -0.688774E-02   0.817954E+04   0.811413E+04   0.124089E+00
   0.615622E+00   0.733522E+04   0.650304E+04   0.429024E-01   0.428905E-01   0.000000E+00   0.719652E+04   0.719652E+04   0.719652E+04  -0.602861E-02   0.715927E+04   0.710205E+04   0.997075E-01
   0.751923E+00   0.533886E+04   0.473381E+04   0.209320E-01   0.209262E-01   0.000000E+00   0.523802E+04   0.523802E+04   0.523802E+04  -0.438795E-02   0.521089E+04   0.516933E+04   0.592858E-01
   0.918401E+00   0.386650E+04   0.342847E+04   0.101617E-01   0.101589E-01   0.000000E+00   0.379350E+04   0.379350E+04   0.379350E+04  -0.317786E-02   0.377384E+04   0.374378E+04   0.351225E-01
   0.112174E+01   0.278770E+04   0.247195E+04   0.491111E-02   0.490976E-02   0.000000E+00   0.273508E+04   0.273508E+04   0.273508E+04  -0.229120E-02   0.272090E+04   0.269924E+04   0.207211E-01
   0.137009E+01   0.200171E+04   0.177503E+04   0.236385E-02   0.236320E-02   0.000000E+00   0.196393E+04   0.196393E+04   0.196393E+04  -0.164521E-02   0.195375E+04   0.193820E+04   0.121771E-01
   0.167343E+01   0.143201E+04   0.126987E+04   0.113357E-02   0.113326E-02   0.000000E+00   0.140498E+04   0.140498E+04   0.140498E+04  -0.117697E-02   0.139770E+04   0.138658E+04   0.713069E-02
   0.204394E+01   0.102097E+04   0.905379E+03   0.541749E-03   0.541600E-03   0.000000E+00   0.100170E+04   0.100170E+04   0.100170E+04  -0.839138E-03   0.996510E+03   0.988580E+03   0.416221E-02
   0.249647E+01   0.725651E+03   0.643503E+03   0.258105E-03   0.258034E-03   0.000000E+00   0.711959E+03   0.711959E+03   0.711959E+03  -0.596416E-03   0.708268E+03   0.702631E+03   0.242251E-02
   0.304920E+01   0.514285E+03   0.456067E+03   0.122618E-03   0.122584E-03   0.000000E+00   0.504582E+03   0.504582E+03   0.504582E+03  -0.422694E-03   0.501966E+03   0.497968E+03   0.140639E-02
   0.372430E+01   0.363530E+03   0.322379E+03   0.580997E-04   0.580837E-04   0.000000E+00   0.356671E+03   0.356671E+03   0.356671E+03  -0.298788E-03   0.354822E+03   0.351994E+03   0.814690E-03
   0.454887E+01   0.256346E+03   0.227327E+03   0.274626E-04   0.274550E-04   0.000000E+00   0.251510E+03   0.251510E+03   0.251510E+03  -0.210692E-03   0.250206E+03   0.248208E+03   0.471087E-03
   0.555600E+01   0.180362E+03   0.159942E+03   0.129521E-04   0.129486E-04   0.000000E+00   0.176959E+03   0.176959E+03   0.176959E+03  -0.148240E-03   0.176042E+03   0.174633E+03   0.272041E-03
   0.678612E+01   0.126639E+03   0.112298E+03   0.609593E-05   0.609425E-05   0.000000E+00   0.124249E+03   0.124249E+03   0.124249E+03  -0.104084E-03   0.123605E+03   0.122612E+03   0.156981E-03
   0.828858E+01   0.887478E+02   0.786944E+02   0.286357E-05   0.286278E-05   0.000000E+00   0.870722E+02   0.870722E+02   0.870722E+02  -0.729414E-04   0.866214E+02   0.859215E+02   0.905900E-04
   0.101237E+02   0.620836E+02   0.550469E+02   0.134277E-05   0.134240E-05   0.000000E+00   0.609109E+02   0.609109E+02   0.609109E+02  -0.510257E-04   0.605958E+02   0.601019E+02   0.523343E-04
   0.123651E+02   0.433589E+02   0.384403E+02   0.628594E-06   0.628421E-06   0.000000E+00   0.425391E+02   0.425391E+02   0.425391E+02  -0.356355E-04   0.423194E+02   0.419701E+02   0.303106E-04
   0.151028E+02   0.302350E+02   0.268006E+02   0.293808E-06   0.293727E-06   0.000000E+00   0.296626E+02   0.296626E+02   0.296626E+02  -0.248487E-04   0.295097E+02   0.292615E+02   0.176349E-04
   0.184466E+02   0.210530E+02   0.186569E+02   0.137125E-06   0.137087E-06   0.000000E+00   0.206536E+02   0.206536E+02   0.206536E+02  -0.173018E-04   0.205476E+02   0.203698E+02   0.103349E-04
   0.225307E+02   0.146397E+02   0.129685E+02   0.639101E-07   0.638925E-07   0.000000E+00   0.143611E+02   0.143611E+02   0.143611E+02  -0.120305E-04   0.142877E+02   0.141591E+02   0.612306E-05
   0.275191E+02   0.101670E+02   0.900134E+01   0.297471E-07   0.297389E-07   0.000000E+00   0.997276E+01   0.997276E+01   0.997276E+01  -0.835430E-05   0.992217E+01   0.982766E+01   0.368450E-05
   0.336118E+02   0.705238E+01   0.623847E+01   0.138281E-07   0.138243E-07   0.000000E+00   0.691673E+01   0.691673E+01   0.691673E+01  -0.579422E-05   0.688203E+01   0.681109E+01   0.226431E-05
   0.410536E+02   0.488629E+01   0.431686E+01   0.641991E-08   0.641815E-08   0.000000E+00   0.479138E+01   0.479138E+01   0.479138E+01  -0.401380E-05   0.476776E+01   0.471304E+01   0.142966E-05
   0.501430E+02   0.338177E+01   0.298199E+01   0.297673E-08   0.297592E-08   0.000000E+00   0.331514E+01   0.331514E+01   0.331514E+01  -0.277713E-05   0.329921E+01   0.325562E+01   0.932547E-06
   0.612448E+02   0.233801E+01   0.205578E+01   0.137839E-08   0.137802E-08   0.000000E+00   0.229097E+01   0.229097E+01   0.229097E+01  -0.191917E-05   0.228040E+01   0.224438E+01   0.630851E-06
   0.748045E+02   0.161470E+01   0.141378E+01   0.637350E-09   0.637176E-09   0.000000E+00   0.158121E+01   0.158121E+01   0.158121E+01  -0.132460E-05   0.157435E+01   0.154346E+01   0.443076E-06
   0.913665E+02   0.111397E+01   0.969228E+00   0.294217E-09   0.294137E-09   0.000000E+00   0.108985E+01   0.108985E+01   0.108985E+01  -0.912978E-06   0.108557E+01   0.105811E+01   0.322398E-06
   0.111595E+03   0.767671E+00   0.661682E+00   0.135551E-09   0.135515E-09   0.000000E+00   0.750006E+00   0.750006E+00   0.750006E+00  -0.628289E-06   0.747523E+00   0.722369E+00   0.241808E-06
