#          k/h    CDM            baryon         photon         nu             mass_nu        total          no_nu          total_de       Weyl           v_CDM          v_b            v_b-v_c     
   0.102819E-04   0.237193E+07   0.237193E+07   0.316239E+07   0.316239E+07   0.000000E+00   0.237193E+07   0.237193E+07   0.238115E+07  -0.600414E+00   0.236679E+07   0.236679E+07   0.299653E+01
   0.113644E-04   0.237193E+07   0.237193E+07   0.316235E+07   0.316235E+07   0.000000E+00   0.237193E+07   0.237193E+07   0.238115E+07  -0.600414E+00   0.236679E+07   0.236679E+07   0.331196E+01
   0.125608E-04   0.237193E+07   0.237193E+07   0.316230E+07   0.316230E+07   0.000000E+00   0.237193E+07   0.237193E+07   0.238115E+07  -0.600414E+00   0.236679E+07   0.236679E+07   0.366060E+01
   0.138832E-04   0.237193E+07   0.237193E+07   0.316224E+07   0.316224E+07   0.000000E+00   0.237193E+07   0.237193E+07   0.238115E+07  -0.600413E+00   0.236679E+07   0.236679E+07   0.404593E+01
   0.153447E-04   0.237193E+07   0.237193E+07   0.316217E+07   0.316216E+07   0.000000E+00   0.237193E+07   0.237193E+07   0.238115E+07  -0.600413E+00   0.236679E+07   0.236679E+07   0.447180E+01
   0.169602E-04   0.237193E+07   0.237193E+07   0.316208E+07   0.316207E+07   0.000000E+00   0.237193E+07   0.237193E+07   0.238115E+07  -0.600413E+00   0.236679E+07   0.236679E+07   0.494249E+01
   0.187457E-04   0.237193E+07   0.237193E+07   0.316196E+07   0.316196E+07   0.000000E+00   0.237193E+07   0.237193E+07   0.238115E+07  -0.600412E+00   0.236679E+07   0.236679E+07   0.546270E+01
   0.207192E-04   0.237192E+07   0.237192E+07   0.316183E+07   0.316182E+07   0.000000E+00   0.237192E+07   0.237192E+07   0.238114E+07  -0.600412E+00   0.236679E+07   0.236679E+07   0.603763E+01
   0.229004E-04   0.237192E+07   0.237192E+07   0.316166E+07   0.316165E+07   0.000000E+00   0.237192E+07   0.237192E+07   0.238114E+07  -0.600411E+00   0.236678E+07   0.236678E+07   0.667303E+01
   0.253113E-04   0.237192E+07   0.237192E+07   0.316146E+07   0.316144E+07   0.000000E+00   0.237192E+07   0.237192E+07   0.238114E+07  -0.600411E+00   0.236678E+07   0.236678E+07   0.737525E+01
   0.279760E-04   0.237192E+07   0.237192E+07   0.316121E+07   0.316119E+07   0.000000E+00   0.237192E+07   0.237192E+07   0.238114E+07  -0.600410E+00   0.236678E+07   0.236678E+07   0.815129E+01
   0.309213E-04   0.237192E+07   0.237192E+07   0.316091E+07   0.316089E+07   0.000000E+00   0.237192E+07   0.237192E+07   0.238113E+07  -0.600409E+00   0.236678E+07   0.236678E+07   0.900888E+01
   0.341766E-04   0.237191E+07   0.237191E+07   0.316054E+07   0.316051E+07   0.000000E+00   0.237191E+07   0.237191E+07   0.238113E+07  -0.600407E+00   0.236677E+07   0.236677E+07   0.995657E+01
   0.377746E-04   0.237191E+07   0.237191E+07   0.316009E+07   0.316005E+07   0.000000E+00   0.237191E+07   0.237191E+07   0.238112E+07  -0.600406E+00   0.236677E+07   0.236677E+07   0.110038E+02
   0.417514E-04   0.237190E+07   0.237190E+07   0.315954E+07   0.315950E+07   0.000000E+00   0.237190E+07   0.237190E+07   0.238112E+07  -0.600404E+00   0.236676E+07   0.236676E+07   0.121609E+02
   0.461468E-04   0.237190E+07   0.237190E+07   0.315887E+07   0.315881E+07   0.000000E+00   0.237190E+07   0.237190E+07   0.238111E+07  -0.600402E+00   0.236676E+07   0.236676E+07   0.134393E+02
   0.510050E-04   0.237189E+07   0.237189E+07   0.315805E+07   0.315798E+07   0.000000E+00   0.237189E+07   0.237189E+07   0.238110E+07  -0.600399E+00   0.236675E+07   0.236675E+07   0.148517E+02
   0.563747E-04   0.237188E+07   0.237188E+07   0.315704E+07   0.315696E+07   0.000000E+00   0.237188E+07   0.237188E+07   0.238108E+07  -0.600396E+00   0.236674E+07   0.236674E+07   0.164119E+02
   0.623096E-04   0.237187E+07   0.237186E+07   0.315582E+07   0.315572E+07   0.000000E+00   0.237187E+07   0.237187E+07   0.238107E+07  -0.600391E+00   0.236673E+07   0.236673E+07   0.181352E+02
   0.688694E-04   0.237185E+07   0.237185E+07   0.315432E+07   0.315420E+07   0.000000E+00   0.237185E+07   0.237185E+07   0.238105E+07  -0.600386E+00   0.236671E+07   0.236671E+07   0.200384E+02
   0.761198E-04   0.237183E+07   0.237183E+07   0.315250E+07   0.315235E+07   0.000000E+00   0.237183E+07   0.237183E+07   0.238103E+07  -0.600380E+00   0.236670E+07   0.236669E+07   0.221399E+02
   0.841334E-04   0.237181E+07   0.237181E+07   0.315027E+07   0.315009E+07   0.000000E+00   0.237181E+07   0.237181E+07   0.238100E+07  -0.600372E+00   0.236667E+07   0.236667E+07   0.244597E+02
   0.929907E-04   0.237178E+07   0.237178E+07   0.314755E+07   0.314732E+07   0.000000E+00   0.237178E+07   0.237178E+07   0.238096E+07  -0.600363E+00   0.236665E+07   0.236664E+07   0.270198E+02
   0.102781E-03   0.237175E+07   0.237175E+07   0.314422E+07   0.314395E+07   0.000000E+00   0.237175E+07   0.237175E+07   0.238092E+07  -0.600352E+00   0.236662E+07   0.236661E+07   0.298444E+02
   0.113601E-03   0.237171E+07   0.237171E+07   0.314017E+07   0.313984E+07   0.000000E+00   0.237171E+07   0.237171E+07   0.238087E+07  -0.600338E+00   0.236658E+07   0.236657E+07   0.329592E+02
   0.125560E-03   0.237166E+07   0.237166E+07   0.313522E+07   0.313482E+07   0.000000E+00   0.237166E+07   0.237166E+07   0.238080E+07  -0.600321E+00   0.236653E+07   0.236652E+07   0.363926E+02
   0.138779E-03   0.237160E+07   0.237160E+07   0.312919E+07   0.312870E+07   0.000000E+00   0.237160E+07   0.237160E+07   0.238073E+07  -0.600300E+00   0.236647E+07   0.236646E+07   0.401747E+02
   0.153389E-03   0.237153E+07   0.237152E+07   0.312184E+07   0.312124E+07   0.000000E+00   0.237153E+07   0.237153E+07   0.238063E+07  -0.600275E+00   0.236640E+07   0.236639E+07   0.443378E+02
   0.169538E-03   0.237144E+07   0.237143E+07   0.311287E+07   0.311215E+07   0.000000E+00   0.237144E+07   0.237144E+07   0.238051E+07  -0.600244E+00   0.236631E+07   0.236630E+07   0.489162E+02
   0.187386E-03   0.237133E+07   0.237132E+07   0.310196E+07   0.310107E+07   0.000000E+00   0.237133E+07   0.237133E+07   0.238037E+07  -0.600206E+00   0.236620E+07   0.236619E+07   0.539454E+02
   0.207114E-03   0.237120E+07   0.237119E+07   0.308867E+07   0.308759E+07   0.000000E+00   0.237119E+07   0.237119E+07   0.238020E+07  -0.600160E+00   0.236607E+07   0.236605E+07   0.594623E+02
   0.228918E-03   0.237103E+07   0.237102E+07   0.307250E+07   0.307120E+07   0.000000E+00   0.237103E+07   0.237103E+07   0.237999E+07  -0.600104E+00   0.236591E+07   0.236589E+07   0.655039E+02
   0.253018E-03   0.237083E+07   0.237082E+07   0.305287E+07   0.305129E+07   0.000000E+00   0.237083E+07   0.237083E+07   0.237973E+07  -0.600035E+00   0.236572E+07   0.236569E+07   0.721061E+02
   0.279655E-03   0.237059E+07   0.237058E+07   0.302904E+07   0.302712E+07   0.000000E+00   0.237059E+07   0.237059E+07   0.237942E+07  -0.599952E+00   0.236548E+07   0.236544E+07   0.793023E+02
   0.309096E-03   0.237030E+07   0.237028E+07   0.300016E+07   0.299785E+07   0.000000E+00   0.237029E+07   0.237029E+07   0.237904E+07  -0.599850E+00   0.236519E+07   0.236514E+07   0.871209E+02
   0.341636E-03   0.236994E+07   0.236992E+07   0.296523E+07   0.296244E+07   0.000000E+00   0.236993E+07   0.236993E+07   0.237858E+07  -0.599726E+00   0.236484E+07   0.236478E+07   0.955818E+02
   0.377603E-03   0.236950E+07   0.236948E+07   0.292307E+07   0.291972E+07   0.000000E+00   0.236949E+07   0.236949E+07   0.237801E+07  -0.599576E+00   0.236441E+07   0.236434E+07   0.104693E+03
   0.417356E-03   0.236896E+07   0.236894E+07   0.287232E+07   0.286832E+07   0.000000E+00   0.236896E+07   0.236896E+07   0.237733E+07  -0.599393E+00   0.236388E+07   0.236380E+07   0.114442E+03
   0.461294E-03   0.236831E+07   0.236828E+07   0.281145E+07   0.280668E+07   0.000000E+00   0.236830E+07   0.236830E+07   0.237650E+07  -0.599170E+00   0.236324E+07   0.236314E+07   0.124795E+03
   0.509857E-03   0.236752E+07   0.236748E+07   0.273872E+07   0.273307E+07   0.000000E+00   0.236751E+07   0.236751E+07   0.237549E+07  -0.598901E+00   0.236246E+07   0.236234E+07   0.135679E+03
   0.563534E-03   0.236655E+07   0.236651E+07   0.265226E+07   0.264562E+07   0.000000E+00   0.236655E+07   0.236655E+07   0.237427E+07  -0.598575E+00   0.236151E+07   0.236137E+07   0.146977E+03
   0.622861E-03   0.236539E+07   0.236533E+07   0.255012E+07   0.254238E+07   0.000000E+00   0.236538E+07   0.236538E+07   0.237280E+07  -0.598182E+00   0.236036E+07   0.236019E+07   0.158511E+03
   0.688433E-03   0.236397E+07   0.236390E+07   0.243037E+07   0.242144E+07   0.000000E+00   0.236396E+07   0.236396E+07   0.237103E+07  -0.597707E+00   0.235897E+07   0.235877E+07   0.170030E+03
   0.760910E-03   0.236225E+07   0.236217E+07   0.229128E+07   0.228112E+07   0.000000E+00   0.236224E+07   0.236224E+07   0.236891E+07  -0.597137E+00   0.235727E+07   0.235704E+07   0.181191E+03
   0.841016E-03   0.236018E+07   0.236008E+07   0.213162E+07   0.212026E+07   0.000000E+00   0.236016E+07   0.236016E+07   0.236637E+07  -0.596455E+00   0.235522E+07   0.235495E+07   0.191548E+03
   0.929556E-03   0.235768E+07   0.235756E+07   0.195099E+07   0.193855E+07   0.000000E+00   0.235766E+07   0.235766E+07   0.236334E+07  -0.595640E+00   0.235275E+07   0.235243E+07   0.200544E+03
   0.102742E-02   0.235468E+07   0.235454E+07   0.175031E+07   0.173706E+07   0.000000E+00   0.235466E+07   0.235466E+07   0.235975E+07  -0.594674E+00   0.234976E+07   0.234940E+07   0.207518E+03
   0.113558E-02   0.235109E+07   0.235091E+07   0.153238E+07   0.151877E+07   0.000000E+00   0.235106E+07   0.235106E+07   0.235551E+07  -0.593533E+00   0.234618E+07   0.234577E+07   0.211728E+03
   0.125513E-02   0.234680E+07   0.234659E+07   0.130246E+07   0.128912E+07   0.000000E+00   0.234676E+07   0.234676E+07   0.235055E+07  -0.592195E+00   0.234190E+07   0.234144E+07   0.212417E+03
   0.138727E-02   0.234170E+07   0.234146E+07   0.106869E+07   0.105643E+07   0.000000E+00   0.234166E+07   0.234166E+07   0.234476E+07  -0.590637E+00   0.233679E+07   0.233630E+07   0.208915E+03
   0.153331E-02   0.233568E+07   0.233538E+07   0.842108E+06   0.831803E+06   0.000000E+00   0.233563E+07   0.233563E+07   0.233807E+07  -0.588835E+00   0.233074E+07   0.233021E+07   0.200799E+03
   0.169474E-02   0.232860E+07   0.232825E+07   0.635894E+06   0.628329E+06   0.000000E+00   0.232854E+07   0.232854E+07   0.233039E+07  -0.586769E+00   0.232360E+07   0.232305E+07   0.188093E+03
   0.187315E-02   0.232033E+07   0.231992E+07   0.463502E+06   0.459078E+06   0.000000E+00   0.232026E+07   0.232026E+07   0.232161E+07  -0.584420E+00   0.231523E+07   0.231468E+07   0.171483E+03
   0.207035E-02   0.231074E+07   0.231025E+07   0.335434E+06   0.333850E+06   0.000000E+00   0.231066E+07   0.231066E+07   0.231163E+07  -0.581767E+00   0.230551E+07   0.230497E+07   0.152442E+03
   0.228831E-02   0.229969E+07   0.229911E+07   0.255140E+06   0.255187E+06   0.000000E+00   0.229959E+07   0.229959E+07   0.230034E+07  -0.578789E+00   0.229429E+07   0.229377E+07   0.133163E+03
   0.252922E-02   0.228705E+07   0.228635E+07   0.215554E+06   0.215274E+06   0.000000E+00   0.228694E+07   0.228694E+07   0.228756E+07  -0.575458E+00   0.228145E+07   0.228095E+07   0.116135E+03
   0.279549E-02   0.227268E+07   0.227185E+07   0.198975E+06   0.196435E+06   0.000000E+00   0.227255E+07   0.227255E+07   0.227312E+07  -0.571737E+00   0.226687E+07   0.226638E+07   0.103322E+03
   0.308979E-02   0.225645E+07   0.225544E+07   0.183129E+06   0.177678E+06   0.000000E+00   0.225628E+07   0.225628E+07   0.225681E+07  -0.567578E+00   0.225044E+07   0.224994E+07   0.951786E+02
   0.341507E-02   0.223820E+07   0.223698E+07   0.153160E+06   0.146354E+06   0.000000E+00   0.223799E+07   0.223799E+07   0.223843E+07  -0.562925E+00   0.223202E+07   0.223149E+07   0.901350E+02
   0.377460E-02   0.221776E+07   0.221629E+07   0.112514E+06   0.107308E+06   0.000000E+00   0.221752E+07   0.221752E+07   0.221784E+07  -0.557725E+00   0.221145E+07   0.221090E+07   0.853619E+02
   0.417198E-02   0.219497E+07   0.219320E+07   0.799941E+05   0.777998E+05   0.000000E+00   0.219467E+07   0.219467E+07   0.219490E+07  -0.551932E+00   0.218856E+07   0.218800E+07   0.789377E+02
   0.461119E-02   0.216965E+07   0.216751E+07   0.682059E+05   0.666742E+05   0.000000E+00   0.216929E+07   0.216929E+07   0.216949E+07  -0.545510E+00   0.216315E+07   0.216258E+07   0.717557E+02
   0.509664E-02   0.214162E+07   0.213905E+07   0.649872E+05   0.561013E+05   0.000000E+00   0.214119E+07   0.214119E+07   0.214137E+07  -0.538419E+00   0.213503E+07   0.213446E+07   0.664322E+02
   0.563320E-02   0.211072E+07   0.210761E+07   0.512649E+05   0.452672E+05   0.000000E+00   0.211020E+07   0.211020E+07   0.211034E+07  -0.530605E+00   0.210406E+07   0.210345E+07   0.634565E+02
   0.622625E-02   0.207676E+07   0.207301E+07   0.355011E+05   0.364628E+05   0.000000E+00   0.207613E+07   0.207613E+07   0.207624E+07  -0.522020E+00   0.207004E+07   0.206940E+07   0.603942E+02
   0.688173E-02   0.203956E+07   0.203505E+07   0.329351E+05   0.293143E+05   0.000000E+00   0.203881E+07   0.203881E+07   0.203890E+07  -0.512620E+00   0.203278E+07   0.203211E+07   0.567630E+02
   0.760622E-02   0.199895E+07   0.199353E+07   0.277704E+05   0.235185E+05   0.000000E+00   0.199804E+07   0.199804E+07   0.199812E+07  -0.502360E+00   0.199210E+07   0.199139E+07   0.546223E+02
   0.840698E-02   0.195473E+07   0.194823E+07   0.191969E+05   0.188256E+05   0.000000E+00   0.195365E+07   0.195365E+07   0.195371E+07  -0.491189E+00   0.194781E+07   0.194705E+07   0.529790E+02
   0.929204E-02   0.190675E+07   0.189896E+07   0.186200E+05   0.150308E+05   0.000000E+00   0.190545E+07   0.190545E+07   0.190550E+07  -0.479062E+00   0.189974E+07   0.189893E+07   0.512225E+02
   0.102703E-01   0.185480E+07   0.184550E+07   0.127317E+05   0.119674E+05   0.000000E+00   0.185325E+07   0.185325E+07   0.185329E+07  -0.465933E+00   0.184769E+07   0.184680E+07   0.503839E+02
   0.113515E-01   0.179872E+07   0.178765E+07   0.119429E+05   0.949849E+04   0.000000E+00   0.179688E+07   0.179688E+07   0.179691E+07  -0.451755E+00   0.179148E+07   0.179052E+07   0.494792E+02
   0.125466E-01   0.173834E+07   0.172522E+07   0.828933E+04   0.751265E+04   0.000000E+00   0.173615E+07   0.173615E+07   0.173618E+07  -0.436485E+00   0.173095E+07   0.172990E+07   0.490942E+02
   0.138674E-01   0.167352E+07   0.165804E+07   0.691082E+04   0.591870E+04   0.000000E+00   0.167094E+07   0.167094E+07   0.167096E+07  -0.420087E+00   0.166594E+07   0.166478E+07   0.487707E+02
   0.153273E-01   0.160415E+07   0.158599E+07   0.605805E+04   0.464242E+04   0.000000E+00   0.160112E+07   0.160112E+07   0.160114E+07  -0.402531E+00   0.159635E+07   0.159508E+07   0.485630E+02
   0.169409E-01   0.153018E+07   0.150905E+07   0.437801E+04   0.362339E+04   0.000000E+00   0.152666E+07   0.152666E+07   0.152667E+07  -0.383810E+00   0.152213E+07   0.152073E+07   0.484082E+02
   0.187244E-01   0.145170E+07   0.142731E+07   0.321055E+04   0.281241E+04   0.000000E+00   0.144764E+07   0.144764E+07   0.144765E+07  -0.363942E+00   0.144337E+07   0.144183E+07   0.481288E+02
   0.206957E-01   0.136894E+07   0.134110E+07   0.259910E+04   0.216954E+04   0.000000E+00   0.136430E+07   0.136430E+07   0.136431E+07  -0.342989E+00   0.136031E+07   0.135863E+07   0.475919E+02
   0.228745E-01   0.128237E+07   0.125101E+07   0.234783E+04   0.166239E+04   0.000000E+00   0.127714E+07   0.127714E+07   0.127715E+07  -0.321076E+00   0.127344E+07   0.127162E+07   0.466552E+02
   0.252826E-01   0.119278E+07   0.115804E+07   0.142113E+04   0.126466E+04   0.000000E+00   0.118699E+07   0.118699E+07   0.118700E+07  -0.298412E+00   0.118360E+07   0.118165E+07   0.451740E+02
   0.279443E-01   0.110139E+07   0.106367E+07   0.109603E+04   0.955016E+03   0.000000E+00   0.109510E+07   0.109510E+07   0.109511E+07  -0.275311E+00   0.109201E+07   0.108996E+07   0.429567E+02
   0.308862E-01   0.100987E+07   0.969918E+06   0.821251E+03   0.716102E+03   0.000000E+00   0.100321E+07   0.100321E+07   0.100321E+07  -0.252208E+00   0.100041E+07   0.998307E+06   0.398965E+02
   0.341378E-01   0.920340E+06   0.879330E+06   0.582447E+03   0.533737E+03   0.000000E+00   0.913505E+06   0.913505E+06   0.913506E+06  -0.229656E+00   0.910983E+06   0.908892E+06   0.359180E+02
   0.377317E-01   0.835278E+06   0.794766E+06   0.506560E+03   0.396246E+03   0.000000E+00   0.828526E+06   0.828526E+06   0.828527E+06  -0.208292E+00   0.826255E+06   0.824256E+06   0.310512E+02
   0.417040E-01   0.757169E+06   0.719011E+06   0.374715E+03   0.293933E+03   0.000000E+00   0.750809E+06   0.750809E+06   0.750810E+06  -0.188754E+00   0.748751E+06   0.746938E+06   0.254785E+02
   0.458744E-01   0.690829E+06   0.656678E+06   0.264897E+03   0.221684E+03   0.000000E+00   0.685137E+06   0.685137E+06   0.685138E+06  -0.172243E+00   0.683241E+06   0.681688E+06   0.198419E+02
   0.500448E-01   0.638458E+06   0.609220E+06   0.205862E+03   0.172276E+03   0.000000E+00   0.633585E+06   0.633585E+06   0.633585E+06  -0.159283E+00   0.631803E+06   0.630539E+06   0.148032E+02
   0.542152E-01   0.596141E+06   0.572007E+06   0.163952E+03   0.137200E+03   0.000000E+00   0.592119E+06   0.592119E+06   0.592119E+06  -0.148859E+00   0.590420E+06   0.589437E+06   0.106332E+02
   0.583856E-01   0.560812E+06   0.541335E+06   0.133136E+03   0.111409E+03   0.000000E+00   0.557566E+06   0.557566E+06   0.557566E+06  -0.140172E+00   0.555936E+06   0.555193E+06   0.746433E+01
   0.625560E-01   0.529849E+06   0.514112E+06   0.109678E+03   0.917767E+02   0.000000E+00   0.527226E+06   0.527226E+06   0.527226E+06  -0.132544E+00   0.525662E+06   0.525097E+06   0.529741E+01
   0.667264E-01   0.501031E+06   0.487855E+06   0.912112E+02   0.763233E+02   0.000000E+00   0.498835E+06   0.498835E+06   0.498835E+06  -0.125407E+00   0.497342E+06   0.496884E+06   0.402700E+01
   0.708968E-01   0.472938E+06   0.461101E+06   0.762829E+02   0.638316E+02   0.000000E+00   0.470965E+06   0.470965E+06   0.470965E+06  -0.118400E+00   0.469554E+06   0.469133E+06   0.347489E+01
   0.750672E-01   0.444959E+06   0.433387E+06   0.640041E+02   0.535574E+02   0.000000E+00   0.443030E+06   0.443030E+06   0.443030E+06  -0.111378E+00   0.441710E+06   0.441271E+06   0.342503E+01
   0.792376E-01   0.417184E+06   0.405096E+06   0.538272E+02   0.450424E+02   0.000000E+00   0.415170E+06   0.415170E+06   0.415170E+06  -0.104373E+00   0.413946E+06   0.413452E+06   0.365738E+01
   0.834080E-01   0.390148E+06   0.377124E+06   0.453923E+02   0.379849E+02   0.000000E+00   0.387977E+06   0.387977E+06   0.387978E+06  -0.975373E-01   0.386851E+06   0.386285E+06   0.397658E+01
   0.875784E-01   0.364516E+06   0.350503E+06   0.384300E+02   0.321595E+02   0.000000E+00   0.362181E+06   0.362181E+06   0.362181E+06  -0.910520E-01   0.361146E+06   0.360514E+06   0.423226E+01
   0.927733E-01   0.335523E+06   0.320666E+06   0.314878E+02   0.263508E+02   0.000000E+00   0.333047E+06   0.333047E+06   0.333047E+06  -0.837277E-01   0.332112E+06   0.331428E+06   0.432294E+01
   0.979682E-01   0.310747E+06   0.295816E+06   0.261335E+02   0.218703E+02   0.000000E+00   0.308259E+06   0.308259E+06   0.308259E+06  -0.774960E-01   0.307402E+06   0.306716E+06   0.410513E+01
   0.103163E+00   0.290688E+06   0.276546E+06   0.220444E+02   0.184483E+02   0.000000E+00   0.288331E+06   0.288331E+06   0.288331E+06  -0.724863E-01   0.287530E+06   0.286893E+06   0.362020E+01
   0.108358E+00   0.274975E+06   0.262322E+06   0.189112E+02   0.158259E+02   0.000000E+00   0.272866E+06   0.272866E+06   0.272866E+06  -0.685984E-01   0.272099E+06   0.271549E+06   0.297683E+01
   0.113553E+00   0.262489E+06   0.251694E+06   0.164541E+02   0.137693E+02   0.000000E+00   0.260690E+06   0.260690E+06   0.260690E+06  -0.655373E-01   0.259944E+06   0.259497E+06   0.230639E+01
   0.118748E+00   0.251876E+06   0.242917E+06   0.144530E+02   0.120944E+02   0.000000E+00   0.250383E+06   0.250383E+06   0.250383E+06  -0.629461E-01   0.249653E+06   0.249304E+06   0.172445E+01
   0.123943E+00   0.241949E+06   0.234475E+06   0.127553E+02   0.106735E+02   0.000000E+00   0.240703E+06   0.240703E+06   0.240703E+06  -0.605127E-01   0.239992E+06   0.239716E+06   0.130536E+01
   0.129137E+00   0.231855E+06   0.225313E+06   0.112651E+02   0.942648E+01   0.000000E+00   0.230765E+06   0.230765E+06   0.230765E+06  -0.580142E-01   0.230078E+06   0.229842E+06   0.107295E+01
   0.134332E+00   0.221161E+06   0.214960E+06   0.993071E+01   0.830988E+01   0.000000E+00   0.220128E+06   0.220128E+06   0.220128E+06  -0.553400E-01   0.219473E+06   0.219243E+06   0.100554E+01
   0.139527E+00   0.209895E+06   0.203553E+06   0.873235E+01   0.730721E+01   0.000000E+00   0.208838E+06   0.208838E+06   0.208838E+06  -0.525018E-01   0.208223E+06   0.207972E+06   0.105077E+01
   0.144722E+00   0.198444E+06   0.191683E+06   0.766817E+01   0.641683E+01   0.000000E+00   0.197317E+06   0.197317E+06   0.197317E+06  -0.496053E-01   0.196743E+06   0.196460E+06   0.114438E+01
   0.149917E+00   0.187358E+06   0.180135E+06   0.674097E+01   0.564105E+01   0.000000E+00   0.186154E+06   0.186154E+06   0.186154E+06  -0.467990E-01   0.185620E+06   0.185306E+06   0.122767E+01
   0.155112E+00   0.177191E+06   0.169668E+06   0.595090E+01   0.497998E+01   0.000000E+00   0.175938E+06   0.175938E+06   0.175938E+06  -0.442306E-01   0.175439E+06   0.175106E+06   0.125980E+01
   0.160307E+00   0.168368E+06   0.160831E+06   0.529174E+01   0.442841E+01   0.000000E+00   0.167112E+06   0.167112E+06   0.167112E+06  -0.420118E-01   0.166642E+06   0.166307E+06   0.122334E+01
   0.165502E+00   0.161047E+06   0.153812E+06   0.474879E+01   0.397403E+01   0.000000E+00   0.159841E+06   0.159841E+06   0.159842E+06  -0.401840E-01   0.159391E+06   0.159074E+06   0.112319E+01
   0.170696E+00   0.155080E+06   0.148405E+06   0.430032E+01   0.359869E+01   0.000000E+00   0.153967E+06   0.153967E+06   0.153967E+06  -0.387073E-01   0.153530E+06   0.153245E+06   0.980483E+00
   0.175891E+00   0.150108E+06   0.144134E+06   0.392267E+01   0.328260E+01   0.000000E+00   0.149113E+06   0.149113E+06   0.149113E+06  -0.374868E-01   0.148684E+06   0.148437E+06   0.823776E+00
   0.181086E+00   0.145708E+06   0.140437E+06   0.359485E+01   0.300822E+01   0.000000E+00   0.144830E+06   0.144830E+06   0.144830E+06  -0.364101E-01   0.144409E+06   0.144199E+06   0.680472E+00
   0.186281E+00   0.141478E+06   0.136792E+06   0.330044E+01   0.276182E+01   0.000000E+00   0.140697E+06   0.140697E+06   0.140697E+06  -0.353712E-01   0.140285E+06   0.140103E+06   0.570386E+00
   0.191476E+00   0.137103E+06   0.132808E+06   0.302820E+01   0.253399E+01   0.000000E+00   0.136387E+06   0.136387E+06   0.136387E+06  -0.342877E-01   0.135986E+06   0.135821E+06   0.502475E+00
   0.196671E+00   0.132426E+06   0.128307E+06   0.277251E+01   0.232003E+01   0.000000E+00   0.131739E+06   0.131739E+06   0.131739E+06  -0.331191E-01   0.131351E+06   0.131192E+06   0.474762E+00
   0.201866E+00   0.127472E+06   0.123348E+06   0.253258E+01   0.211928E+01   0.000000E+00   0.126785E+06   0.126785E+06   0.126785E+06  -0.318736E-01   0.126413E+06   0.126249E+06   0.476870E+00
   0.207060E+00   0.122402E+06   0.118162E+06   0.231034E+01   0.193332E+01   0.000000E+00   0.121695E+06   0.121695E+06   0.121695E+06  -0.305941E-01   0.121341E+06   0.121167E+06   0.494104E+00
   0.212255E+00   0.117429E+06   0.113044E+06   0.210822E+01   0.176421E+01   0.000000E+00   0.116698E+06   0.116698E+06   0.116698E+06  -0.293379E-01   0.116362E+06   0.116177E+06   0.511758E+00
   0.217450E+00   0.112765E+06   0.108283E+06   0.192803E+01   0.161344E+01   0.000000E+00   0.112018E+06   0.112018E+06   0.112018E+06  -0.281612E-01   0.111697E+06   0.111505E+06   0.518537E+00
   0.222645E+00   0.108572E+06   0.104091E+06   0.177021E+01   0.148138E+01   0.000000E+00   0.107825E+06   0.107825E+06   0.107825E+06  -0.271071E-01   0.107518E+06   0.107325E+06   0.508474E+00
   0.227840E+00   0.104923E+06   0.100558E+06   0.163350E+01   0.136698E+01   0.000000E+00   0.104195E+06   0.104195E+06   0.104195E+06  -0.261946E-01   0.103898E+06   0.103711E+06   0.481243E+00
   0.233035E+00   0.101787E+06   0.976392E+05   0.151508E+01   0.126787E+01   0.000000E+00   0.101096E+06   0.101096E+06   0.101096E+06  -0.254155E-01   0.100807E+06   0.100632E+06   0.441102E+00
   0.238230E+00   0.990611E+05   0.951914E+05   0.141135E+01   0.118106E+01   0.000000E+00   0.984161E+05   0.984161E+05   0.984161E+05  -0.247417E-01   0.981331E+05   0.979726E+05   0.394955E+00
   0.243425E+00   0.966001E+05   0.930223E+05   0.131869E+01   0.110350E+01   0.000000E+00   0.960038E+05   0.960038E+05   0.960038E+05  -0.241353E-01   0.957258E+05   0.955804E+05   0.350168E+00
   0.248619E+00   0.942491E+05   0.909308E+05   0.123382E+01   0.103247E+01   0.000000E+00   0.936961E+05   0.936961E+05   0.936961E+05  -0.235551E-01   0.934233E+05   0.932907E+05   0.312704E+00
   0.253814E+00   0.918741E+05   0.887506E+05   0.115426E+01   0.965894E+00   0.000000E+00   0.913535E+05   0.913535E+05   0.913535E+05  -0.229662E-01   0.910865E+05   0.909628E+05   0.285965E+00
   0.259009E+00   0.894014E+05   0.863952E+05   0.107866E+01   0.902633E+00   0.000000E+00   0.889003E+05   0.889003E+05   0.889003E+05  -0.223495E-01   0.886404E+05   0.885209E+05   0.270454E+00
   0.264204E+00   0.868328E+05   0.838728E+05   0.100679E+01   0.842488E+00   0.000000E+00   0.863395E+05   0.863395E+05   0.863395E+05  -0.217057E-01   0.860875E+05   0.859685E+05   0.264186E+00
   0.269399E+00   0.842207E+05   0.812575E+05   0.939004E+00   0.785772E+00   0.000000E+00   0.837269E+05   0.837269E+05   0.837269E+05  -0.210489E-01   0.834835E+05   0.833624E+05   0.263600E+00
   0.274594E+00   0.816354E+05   0.786483E+05   0.875830E+00   0.732912E+00   0.000000E+00   0.811375E+05   0.811375E+05   0.811375E+05  -0.203979E-01   0.809027E+05   0.807788E+05   0.264684E+00
   0.279789E+00   0.791492E+05   0.761461E+05   0.817707E+00   0.684278E+00   0.000000E+00   0.786487E+05   0.786487E+05   0.786487E+05  -0.197722E-01   0.784221E+05   0.782961E+05   0.263981E+00
   0.284984E+00   0.768299E+05   0.738399E+05   0.764930E+00   0.640115E+00   0.000000E+00   0.763315E+05   0.763315E+05   0.763315E+05  -0.191897E-01   0.761122E+05   0.759862E+05   0.259278E+00
   0.290178E+00   0.747222E+05   0.717849E+05   0.717496E+00   0.600422E+00   0.000000E+00   0.742327E+05   0.742327E+05   0.742327E+05  -0.186620E-01   0.740196E+05   0.738959E+05   0.249875E+00
   0.295373E+00   0.728303E+05   0.699839E+05   0.674979E+00   0.564841E+00   0.000000E+00   0.723559E+05   0.723559E+05   0.723559E+05  -0.181902E-01   0.721480E+05   0.720289E+05   0.236451E+00
   0.300568E+00   0.711195E+05   0.683914E+05   0.636625E+00   0.532744E+00   0.000000E+00   0.706648E+05   0.706648E+05   0.706648E+05  -0.177651E-01   0.704612E+05   0.703481E+05   0.220639E+00
   0.305763E+00   0.695370E+05   0.669381E+05   0.601602E+00   0.503433E+00   0.000000E+00   0.691038E+05   0.691038E+05   0.691038E+05  -0.173726E-01   0.689040E+05   0.687974E+05   0.204460E+00
   0.310958E+00   0.680295E+05   0.655539E+05   0.569166E+00   0.476288E+00   0.000000E+00   0.676169E+05   0.676169E+05   0.676169E+05  -0.169988E-01   0.674208E+05   0.673202E+05   0.189767E+00
   0.316153E+00   0.665505E+05   0.641787E+05   0.538721E+00   0.450809E+00   0.000000E+00   0.661552E+05   0.661552E+05   0.661552E+05  -0.166314E-01   0.659629E+05   0.658670E+05   0.177834E+00
   0.321348E+00   0.650644E+05   0.627695E+05   0.509835E+00   0.426637E+00   0.000000E+00   0.646819E+05   0.646819E+05   0.646819E+05  -0.162610E-01   0.644938E+05   0.644011E+05   0.169163E+00
   0.326543E+00   0.635556E+05   0.613103E+05   0.482286E+00   0.403584E+00   0.000000E+00   0.631814E+05   0.631814E+05   0.631814E+05  -0.158837E-01   0.629977E+05   0.629066E+05   0.163502E+00
   0.331737E+00   0.620328E+05   0.598152E+05   0.456066E+00   0.381643E+00   0.000000E+00   0.616632E+05   0.616632E+05   0.616632E+05  -0.155021E-01   0.614841E+05   0.613936E+05   0.160036E+00
   0.336932E+00   0.605218E+05   0.583195E+05   0.431289E+00   0.360911E+00   0.000000E+00   0.601548E+05   0.601548E+05   0.601548E+05  -0.151229E-01   0.599805E+05   0.598899E+05   0.157673E+00
   0.342127E+00   0.590524E+05   0.568630E+05   0.408082E+00   0.341492E+00   0.000000E+00   0.586875E+05   0.586875E+05   0.586875E+05  -0.147540E-01   0.585178E+05   0.584272E+05   0.155343E+00
   0.347322E+00   0.576483E+05   0.554785E+05   0.386510E+00   0.323440E+00   0.000000E+00   0.572866E+05   0.572866E+05   0.572866E+05  -0.144018E-01   0.571213E+05   0.570311E+05   0.152233E+00
   0.352517E+00   0.563255E+05   0.541874E+05   0.366571E+00   0.306755E+00   0.000000E+00   0.559692E+05   0.559692E+05   0.559692E+05  -0.140706E-01   0.558078E+05   0.557188E+05   0.147931E+00
   0.357712E+00   0.550913E+05   0.529984E+05   0.348199E+00   0.291381E+00   0.000000E+00   0.547425E+05   0.547425E+05   0.547425E+05  -0.137622E-01   0.545846E+05   0.544977E+05   0.142435E+00
   0.362907E+00   0.539418E+05   0.519052E+05   0.331258E+00   0.277204E+00   0.000000E+00   0.536023E+05   0.536023E+05   0.536023E+05  -0.134756E-01   0.534476E+05   0.533634E+05   0.136082E+00
   0.368102E+00   0.528618E+05   0.508878E+05   0.315553E+00   0.264061E+00   0.000000E+00   0.525328E+05   0.525328E+05   0.525328E+05  -0.132067E-01   0.523809E+05   0.522997E+05   0.129396E+00
   0.373296E+00   0.518305E+05   0.499196E+05   0.300872E+00   0.251776E+00   0.000000E+00   0.515120E+05   0.515120E+05   0.515120E+05  -0.129501E-01   0.513629E+05   0.512846E+05   0.122938E+00
   0.378491E+00   0.508287E+05   0.489759E+05   0.287036E+00   0.240197E+00   0.000000E+00   0.505199E+05   0.505199E+05   0.505199E+05  -0.127007E-01   0.503735E+05   0.502979E+05   0.117163E+00
   0.383686E+00   0.498424E+05   0.480390E+05   0.273910E+00   0.229213E+00   0.000000E+00   0.495419E+05   0.495419E+05   0.495419E+05  -0.124548E-01   0.493982E+05   0.493246E+05   0.112335E+00
   0.388881E+00   0.488631E+05   0.470990E+05   0.261405E+00   0.218748E+00   0.000000E+00   0.485691E+05   0.485691E+05   0.485691E+05  -0.122102E-01   0.484282E+05   0.483562E+05   0.108494E+00
   0.394076E+00   0.478883E+05   0.461542E+05   0.249475E+00   0.208765E+00   0.000000E+00   0.475992E+05   0.475992E+05   0.475992E+05  -0.119664E-01   0.474612E+05   0.473903E+05   0.105488E+00
   0.399271E+00   0.469227E+05   0.452121E+05   0.238114E+00   0.199258E+00   0.000000E+00   0.466376E+05   0.466376E+05   0.466376E+05  -0.117246E-01   0.465024E+05   0.464323E+05   0.103039E+00
   0.404466E+00   0.459763E+05   0.442860E+05   0.227343E+00   0.190245E+00   0.000000E+00   0.456946E+05   0.456946E+05   0.456946E+05  -0.114876E-01   0.455623E+05   0.454928E+05   0.100828E+00
   0.409661E+00   0.450591E+05   0.433894E+05   0.217181E+00   0.181741E+00   0.000000E+00   0.447808E+05   0.447808E+05   0.447808E+05  -0.112579E-01   0.446513E+05   0.445824E+05   0.985741E-01
   0.414855E+00   0.441775E+05   0.425312E+05   0.207624E+00   0.173744E+00   0.000000E+00   0.439031E+05   0.439031E+05   0.439031E+05  -0.110372E-01   0.437762E+05   0.437082E+05   0.960883E-01
   0.420050E+00   0.433346E+05   0.417159E+05   0.198653E+00   0.166237E+00   0.000000E+00   0.430648E+05   0.430648E+05   0.430648E+05  -0.108265E-01   0.429404E+05   0.428736E+05   0.932981E-01
   0.425245E+00   0.425315E+05   0.409443E+05   0.190238E+00   0.159196E+00   0.000000E+00   0.422669E+05   0.422669E+05   0.422669E+05  -0.106259E-01   0.421448E+05   0.420793E+05   0.902429E-01
   0.430440E+00   0.417655E+05   0.402128E+05   0.182335E+00   0.152582E+00   0.000000E+00   0.415067E+05   0.415067E+05   0.415067E+05  -0.104348E-01   0.413867E+05   0.413228E+05   0.870426E-01
   0.435635E+00   0.410304E+05   0.395131E+05   0.174886E+00   0.146348E+00   0.000000E+00   0.407775E+05   0.407775E+05   0.407775E+05  -0.102514E-01   0.406595E+05   0.405972E+05   0.838542E-01
   0.440830E+00   0.403179E+05   0.388352E+05   0.167829E+00   0.140443E+00   0.000000E+00   0.400708E+05   0.400708E+05   0.400708E+05  -0.100738E-01   0.399547E+05   0.398940E+05   0.808278E-01
   0.446025E+00   0.396217E+05   0.381710E+05   0.161117E+00   0.134826E+00   0.000000E+00   0.393799E+05   0.393799E+05   0.393799E+05  -0.990008E-02   0.392659E+05   0.392065E+05   0.780728E-01
   0.451219E+00   0.389383E+05   0.375160E+05   0.154715E+00   0.129469E+00   0.000000E+00   0.387012E+05   0.387012E+05   0.387012E+05  -0.972946E-02   0.385891E+05   0.385309E+05   0.756399E-01
   0.456414E+00   0.382655E+05   0.368680E+05   0.148601E+00   0.124352E+00   0.000000E+00   0.380326E+05   0.380326E+05   0.380326E+05  -0.956137E-02   0.379224E+05   0.378652E+05   0.735185E-01
   0.461609E+00   0.376027E+05   0.362268E+05   0.142757E+00   0.119462E+00   0.000000E+00   0.373734E+05   0.373734E+05   0.373734E+05  -0.939565E-02   0.372652E+05   0.372087E+05   0.716490E-01
   0.466804E+00   0.369513E+05   0.355949E+05   0.137176E+00   0.114791E+00   0.000000E+00   0.367252E+05   0.367252E+05   0.367252E+05  -0.923269E-02   0.366189E+05   0.365632E+05   0.699437E-01
   0.471999E+00   0.363146E+05   0.349768E+05   0.131858E+00   0.110341E+00   0.000000E+00   0.360917E+05   0.360917E+05   0.360917E+05  -0.907342E-02   0.359872E+05   0.359322E+05   0.683119E-01
   0.477194E+00   0.356963E+05   0.343772E+05   0.126803E+00   0.106111E+00   0.000000E+00   0.354765E+05   0.354765E+05   0.354765E+05  -0.891875E-02   0.353738E+05   0.353195E+05   0.666795E-01
   0.482389E+00   0.350980E+05   0.337985E+05   0.122005E+00   0.102097E+00   0.000000E+00   0.348815E+05   0.348815E+05   0.348815E+05  -0.876917E-02   0.347806E+05   0.347271E+05   0.650019E-01
   0.487584E+00   0.345198E+05   0.332410E+05   0.117452E+00   0.982860E-01   0.000000E+00   0.343067E+05   0.343067E+05   0.343067E+05  -0.862467E-02   0.342074E+05   0.341548E+05   0.632676E-01
   0.492778E+00   0.339608E+05   0.327038E+05   0.113127E+00   0.946670E-01   0.000000E+00   0.337513E+05   0.337513E+05   0.337513E+05  -0.848505E-02   0.336537E+05   0.336020E+05   0.614946E-01
   0.497973E+00   0.334201E+05   0.321853E+05   0.109017E+00   0.912273E-01   0.000000E+00   0.332143E+05   0.332143E+05   0.332143E+05  -0.835004E-02   0.331182E+05   0.330674E+05   0.597205E-01
   0.503168E+00   0.328957E+05   0.316831E+05   0.105103E+00   0.879526E-01   0.000000E+00   0.326936E+05   0.326936E+05   0.326936E+05  -0.821913E-02   0.325989E+05   0.325492E+05   0.579897E-01
   0.508363E+00   0.323847E+05   0.311935E+05   0.101368E+00   0.848271E-01   0.000000E+00   0.321862E+05   0.321862E+05   0.321862E+05  -0.809158E-02   0.320930E+05   0.320441E+05   0.563411E-01
   0.513558E+00   0.318844E+05   0.307136E+05   0.977948E-01   0.818366E-01   0.000000E+00   0.316893E+05   0.316893E+05   0.316893E+05  -0.796667E-02   0.315975E+05   0.315495E+05   0.548005E-01
   0.518753E+00   0.313936E+05   0.302416E+05   0.943710E-01   0.789714E-01   0.000000E+00   0.312016E+05   0.312016E+05   0.312016E+05  -0.784406E-02   0.311112E+05   0.310640E+05   0.533764E-01
   0.523948E+00   0.309121E+05   0.297775E+05   0.910898E-01   0.762257E-01   0.000000E+00   0.307230E+05   0.307230E+05   0.307230E+05  -0.772373E-02   0.306340E+05   0.305875E+05   0.520607E-01
   0.529143E+00   0.304399E+05   0.293217E+05   0.879454E-01   0.735944E-01   0.000000E+00   0.302536E+05   0.302536E+05   0.302536E+05  -0.760572E-02   0.301660E+05   0.301201E+05   0.508332E-01
   0.534337E+00   0.299773E+05   0.288746E+05   0.849322E-01   0.710729E-01   0.000000E+00   0.297935E+05   0.297935E+05   0.297935E+05  -0.749007E-02   0.297073E+05   0.296620E+05   0.496672E-01
   0.539532E+00   0.295247E+05   0.284372E+05   0.820460E-01   0.686577E-01   0.000000E+00   0.293435E+05   0.293435E+05   0.293435E+05  -0.737693E-02   0.292585E+05   0.292139E+05   0.485368E-01
   0.544727E+00   0.290833E+05   0.280108E+05   0.792846E-01   0.663469E-01   0.000000E+00   0.289046E+05   0.289046E+05   0.289046E+05  -0.726659E-02   0.288209E+05   0.287768E+05   0.474223E-01
   0.549922E+00   0.286538E+05   0.275965E+05   0.766446E-01   0.641377E-01   0.000000E+00   0.284776E+05   0.284776E+05   0.284776E+05  -0.715925E-02   0.283952E+05   0.283517E+05   0.463126E-01
   0.555117E+00   0.282360E+05   0.271940E+05   0.741199E-01   0.620250E-01   0.000000E+00   0.280623E+05   0.280623E+05   0.280623E+05  -0.705484E-02   0.279811E+05   0.279383E+05   0.452059E-01
   0.560312E+00   0.278289E+05   0.268023E+05   0.717032E-01   0.600026E-01   0.000000E+00   0.276578E+05   0.276578E+05   0.276578E+05  -0.695314E-02   0.275777E+05   0.275356E+05   0.441079E-01
   0.565507E+00   0.274319E+05   0.264208E+05   0.693881E-01   0.580653E-01   0.000000E+00   0.272634E+05   0.272634E+05   0.272634E+05  -0.685399E-02   0.271844E+05   0.271429E+05   0.430294E-01
   0.615622E+00   0.240101E+05   0.231256E+05   0.512474E-01   0.428849E-01   0.000000E+00   0.238627E+05   0.238627E+05   0.238627E+05  -0.599907E-02   0.237936E+05   0.237573E+05   0.345782E-01
   0.751923E+00   0.174757E+05   0.168327E+05   0.250034E-01   0.209233E-01   0.000000E+00   0.173686E+05   0.173686E+05   0.173686E+05  -0.436644E-02   0.173183E+05   0.172919E+05   0.205673E-01
   0.918401E+00   0.126563E+05   0.121908E+05   0.121382E-01   0.101575E-01   0.000000E+00   0.125787E+05   0.125787E+05   0.125787E+05  -0.316228E-02   0.125423E+05   0.125232E+05   0.121870E-01
   0.112174E+01   0.912507E+04   0.878950E+04   0.586632E-02   0.490905E-02   0.000000E+00   0.906914E+04   0.906914E+04   0.906914E+04  -0.227998E-02   0.904288E+04   0.902912E+04   0.719129E-02
   0.137009E+01   0.655229E+04   0.631137E+04   0.282361E-02   0.236286E-02   0.000000E+00   0.651214E+04   0.651214E+04   0.651214E+04  -0.163715E-02   0.649328E+04   0.648340E+04   0.422701E-02
   0.167343E+01   0.468746E+04   0.451513E+04   0.135404E-02   0.113309E-02   0.000000E+00   0.465874E+04   0.465874E+04   0.465874E+04  -0.117120E-02   0.464525E+04   0.463818E+04   0.247597E-02
   0.204394E+01   0.334198E+04   0.321913E+04   0.647116E-03   0.541519E-03   0.000000E+00   0.332151E+04   0.332151E+04   0.332151E+04  -0.835025E-03   0.331189E+04   0.330685E+04   0.144579E-02
   0.249647E+01   0.237531E+04   0.228800E+04   0.308304E-03   0.257995E-03   0.000000E+00   0.236076E+04   0.236076E+04   0.236076E+04  -0.593493E-03   0.235392E+04   0.235034E+04   0.841944E-03
   0.304920E+01   0.168344E+04   0.162156E+04   0.146466E-03   0.122566E-03   0.000000E+00   0.167312E+04   0.167312E+04   0.167312E+04  -0.420622E-03   0.166828E+04   0.166573E+04   0.489169E-03
   0.372430E+01   0.118996E+04   0.114622E+04   0.693995E-04   0.580749E-04   0.000000E+00   0.118267E+04   0.118267E+04   0.118267E+04  -0.297323E-03   0.117925E+04   0.117745E+04   0.283685E-03
   0.454887E+01   0.839111E+03   0.808258E+03   0.328038E-04   0.274509E-04   0.000000E+00   0.833969E+03   0.833969E+03   0.833969E+03  -0.209659E-03   0.831555E+03   0.830280E+03   0.164310E-03
   0.555600E+01   0.590388E+03   0.568672E+03   0.154711E-04   0.129466E-04   0.000000E+00   0.586769E+03   0.586769E+03   0.586769E+03  -0.147513E-03   0.585071E+03   0.584170E+03   0.951161E-04
   0.678612E+01   0.414531E+03   0.399275E+03   0.728148E-05   0.609331E-05   0.000000E+00   0.411988E+03   0.411988E+03   0.411988E+03  -0.103574E-03   0.410797E+03   0.410159E+03   0.550835E-04
   0.828858E+01   0.290500E+03   0.279799E+03   0.342048E-05   0.286234E-05   0.000000E+00   0.288717E+03   0.288717E+03   0.288717E+03  -0.725831E-04   0.287882E+03   0.287430E+03   0.319546E-04
   0.101237E+02   0.203218E+03   0.195722E+03   0.160390E-05   0.134219E-05   0.000000E+00   0.201969E+03   0.201969E+03   0.201969E+03  -0.507748E-04   0.201386E+03   0.201064E+03   0.186021E-04
   0.123651E+02   0.141925E+03   0.136679E+03   0.750838E-06   0.628323E-06   0.000000E+00   0.141051E+03   0.141051E+03   0.141051E+03  -0.354600E-04   0.140644E+03   0.140414E+03   0.108936E-04
   0.151028E+02   0.989654E+02   0.952956E+02   0.350942E-06   0.293681E-06   0.000000E+00   0.983538E+02   0.983538E+02   0.983538E+02  -0.247261E-04   0.980707E+02   0.979049E+02   0.643857E-05
   0.184466E+02   0.689090E+02   0.663418E+02   0.163789E-06   0.137066E-06   0.000000E+00   0.684812E+02   0.684812E+02   0.684812E+02  -0.172161E-04   0.682847E+02   0.681634E+02   0.385716E-05
   0.225307E+02   0.479156E+02   0.461179E+02   0.763363E-07   0.638824E-07   0.000000E+00   0.476159E+02   0.476159E+02   0.476159E+02  -0.119706E-04   0.474800E+02   0.473895E+02   0.235446E-05
   0.275191E+02   0.332748E+02   0.320134E+02   0.355301E-07   0.297342E-07   0.000000E+00   0.330646E+02   0.330646E+02   0.330646E+02  -0.831241E-05   0.329708E+02   0.329017E+02   0.147313E-05
   0.336118E+02   0.230791E+02   0.221908E+02   0.165158E-07   0.138221E-07   0.000000E+00   0.229310E+02   0.229310E+02   0.229310E+02  -0.576485E-05   0.228667E+02   0.228123E+02   0.950348E-06
   0.410536E+02   0.159884E+02   0.153591E+02   0.766736E-08   0.641711E-08   0.000000E+00   0.158836E+02   0.158836E+02   0.158836E+02  -0.399312E-05   0.158397E+02   0.157953E+02   0.635181E-06
   0.501430E+02   0.110634E+02   0.106136E+02   0.355488E-08   0.297543E-08   0.000000E+00   0.109884E+02   0.109884E+02   0.109884E+02  -0.276248E-05   0.109588E+02   0.109211E+02   0.440915E-06
   0.612448E+02   0.764656E+01   0.732098E+01   0.164593E-08   0.137779E-08   0.000000E+00   0.759230E+01   0.759230E+01   0.759230E+01  -0.190870E-05   0.757263E+01   0.753944E+01   0.317681E-06
   0.748045E+02   0.527870E+01   0.503885E+01   0.760937E-09   0.637068E-09   0.000000E+00   0.523872E+01   0.523872E+01   0.523872E+01  -0.131701E-05   0.522593E+01   0.519573E+01   0.236715E-06
   0.913665E+02   0.363945E+01   0.345868E+01   0.351186E-09   0.294086E-09   0.000000E+00   0.360932E+01   0.360932E+01   0.360932E+01  -0.907381E-06   0.360130E+01   0.357304E+01   0.181351E-06
   0.111595E+03   0.250572E+01   0.236561E+01   0.161743E-09   0.135491E-09   0.000000E+00   0.248237E+01   0.248237E+01   0.248237E+01  -0.624066E-06   0.247766E+01   0.245066E+01   0.141856E-06
