#          k/h    CDM            baryon         photon         nu             mass_nu        total          no_nu          total_de       Weyl           v_CDM          v_b            v_b-v_c     
   0.102819E-04   0.278643E+07   0.278643E+07   0.371499E+07   0.371499E+07   0.000000E+00   0.278643E+07   0.278643E+07   0.279566E+07  -0.600180E+00   0.277876E+07   0.277876E+07   0.576375E+01
   0.113644E-04   0.278643E+07   0.278643E+07   0.371494E+07   0.371493E+07   0.000000E+00   0.278643E+07   0.278643E+07   0.279566E+07  -0.600180E+00   0.277875E+07   0.277875E+07   0.637048E+01
   0.125608E-04   0.278643E+07   0.278643E+07   0.371487E+07   0.371486E+07   0.000000E+00   0.278643E+07   0.278643E+07   0.279566E+07  -0.600180E+00   0.277875E+07   0.277875E+07   0.704107E+01
   0.138832E-04   0.278643E+07   0.278643E+07   0.371478E+07   0.371477E+07   0.000000E+00   0.278643E+07   0.278643E+07   0.279566E+07  -0.600180E+00   0.277875E+07   0.277875E+07   0.778222E+01
   0.153447E-04   0.278643E+07   0.278643E+07   0.371468E+07   0.371467E+07   0.000000E+00   0.278643E+07   0.278643E+07   0.279566E+07  -0.600180E+00   0.277875E+07   0.277875E+07   0.860137E+01
   0.169602E-04   0.278643E+07   0.278643E+07   0.371455E+07   0.371454E+07   0.000000E+00   0.278643E+07   0.278643E+07   0.279565E+07  -0.600179E+00   0.277875E+07   0.277875E+07   0.950669E+01
   0.187457E-04   0.278643E+07   0.278643E+07   0.371440E+07   0.371438E+07   0.000000E+00   0.278643E+07   0.278643E+07   0.279565E+07  -0.600179E+00   0.277875E+07   0.277875E+07   0.105073E+02
   0.207192E-04   0.278643E+07   0.278643E+07   0.371421E+07   0.371419E+07   0.000000E+00   0.278643E+07   0.278643E+07   0.279565E+07  -0.600178E+00   0.277875E+07   0.277875E+07   0.116131E+02
   0.229004E-04   0.278642E+07   0.278642E+07   0.371398E+07   0.371396E+07   0.000000E+00   0.278642E+07   0.278642E+07   0.279565E+07  -0.600178E+00   0.277875E+07   0.277875E+07   0.128352E+02
   0.253113E-04   0.278642E+07   0.278642E+07   0.371370E+07   0.371368E+07   0.000000E+00   0.278642E+07   0.278642E+07   0.279564E+07  -0.600177E+00   0.277874E+07   0.277874E+07   0.141858E+02
   0.279760E-04   0.278642E+07   0.278642E+07   0.371336E+07   0.371333E+07   0.000000E+00   0.278642E+07   0.278642E+07   0.279564E+07  -0.600176E+00   0.277874E+07   0.277874E+07   0.156784E+02
   0.309213E-04   0.278641E+07   0.278641E+07   0.371295E+07   0.371290E+07   0.000000E+00   0.278641E+07   0.278641E+07   0.279564E+07  -0.600175E+00   0.277874E+07   0.277874E+07   0.173277E+02
   0.341766E-04   0.278641E+07   0.278641E+07   0.371244E+07   0.371238E+07   0.000000E+00   0.278641E+07   0.278641E+07   0.279563E+07  -0.600174E+00   0.277873E+07   0.277873E+07   0.191504E+02
   0.377746E-04   0.278640E+07   0.278640E+07   0.371181E+07   0.371175E+07   0.000000E+00   0.278640E+07   0.278640E+07   0.279562E+07  -0.600172E+00   0.277873E+07   0.277873E+07   0.211643E+02
   0.417514E-04   0.278640E+07   0.278640E+07   0.371105E+07   0.371098E+07   0.000000E+00   0.278640E+07   0.278640E+07   0.279561E+07  -0.600170E+00   0.277872E+07   0.277872E+07   0.233895E+02
   0.461468E-04   0.278639E+07   0.278639E+07   0.371012E+07   0.371003E+07   0.000000E+00   0.278639E+07   0.278639E+07   0.279560E+07  -0.600168E+00   0.277871E+07   0.277871E+07   0.258480E+02
   0.510050E-04   0.278638E+07   0.278638E+07   0.370899E+07   0.370888E+07   0.000000E+00   0.278638E+07   0.278638E+07   0.279559E+07  -0.600165E+00   0.277870E+07   0.277870E+07   0.285639E+02
   0.563747E-04   0.278637E+07   0.278637E+07   0.370760E+07   0.370747E+07   0.000000E+00   0.278637E+07   0.278637E+07   0.279558E+07  -0.600161E+00   0.277869E+07   0.277869E+07   0.315638E+02
   0.623096E-04   0.278635E+07   0.278635E+07   0.370591E+07   0.370574E+07   0.000000E+00   0.278635E+07   0.278635E+07   0.279556E+07  -0.600157E+00   0.277868E+07   0.277867E+07   0.348771E+02
   0.688694E-04   0.278633E+07   0.278633E+07   0.370385E+07   0.370364E+07   0.000000E+00   0.278633E+07   0.278633E+07   0.279553E+07  -0.600152E+00   0.277866E+07   0.277865E+07   0.385358E+02
   0.761198E-04   0.278631E+07   0.278631E+07   0.370133E+07   0.370107E+07   0.000000E+00   0.278631E+07   0.278631E+07   0.279550E+07  -0.600145E+00   0.277864E+07   0.277863E+07   0.425752E+02
   0.841334E-04   0.278628E+07   0.278628E+07   0.369825E+07   0.369794E+07   0.000000E+00   0.278628E+07   0.278628E+07   0.279547E+07  -0.600137E+00   0.277861E+07   0.277860E+07   0.470336E+02
   0.929907E-04   0.278625E+07   0.278625E+07   0.369449E+07   0.369411E+07   0.000000E+00   0.278625E+07   0.278625E+07   0.279543E+07  -0.600127E+00   0.277858E+07   0.277857E+07   0.519531E+02
   0.102781E-03   0.278621E+07   0.278621E+07   0.368990E+07   0.368945E+07   0.000000E+00   0.278621E+07   0.278621E+07   0.279537E+07  -0.600115E+00   0.277854E+07   0.277853E+07   0.573794E+02
   0.113601E-03   0.278616E+07   0.278616E+07   0.368431E+07   0.368375E+07   0.000000E+00   0.278616E+07   0.278616E+07   0.279531E+07  -0.600101E+00   0.277849E+07   0.277847E+07   0.633618E+02
   0.125560E-03   0.278610E+07   0.278609E+07   0.367749E+07   0.367680E+07   0.000000E+00   0.278610E+07   0.278610E+07   0.279523E+07  -0.600083E+00   0.277843E+07   0.277841E+07   0.699536E+02
   0.138779E-03   0.278602E+07   0.278602E+07   0.366916E+07   0.366834E+07   0.000000E+00   0.278602E+07   0.278602E+07   0.279514E+07  -0.600062E+00   0.277836E+07   0.277834E+07   0.772120E+02
   0.153389E-03   0.278593E+07   0.278593E+07   0.365902E+07   0.365801E+07   0.000000E+00   0.278593E+07   0.278593E+07   0.279502E+07  -0.600035E+00   0.277827E+07   0.277824E+07   0.851977E+02
   0.169538E-03   0.278582E+07   0.278581E+07   0.364667E+07   0.364544E+07   0.000000E+00   0.278582E+07   0.278582E+07   0.279488E+07  -0.600003E+00   0.277816E+07   0.277813E+07   0.939743E+02
   0.187386E-03   0.278569E+07   0.278568E+07   0.363163E+07   0.363014E+07   0.000000E+00   0.278569E+07   0.278569E+07   0.279470E+07  -0.599964E+00   0.277803E+07   0.277799E+07   0.103608E+03
   0.207114E-03   0.278552E+07   0.278551E+07   0.361334E+07   0.361152E+07   0.000000E+00   0.278552E+07   0.278552E+07   0.279449E+07  -0.599916E+00   0.277786E+07   0.277782E+07   0.114166E+03
   0.228918E-03   0.278532E+07   0.278531E+07   0.359111E+07   0.358890E+07   0.000000E+00   0.278532E+07   0.278532E+07   0.279424E+07  -0.599857E+00   0.277767E+07   0.277761E+07   0.125715E+03
   0.253018E-03   0.278507E+07   0.278506E+07   0.356413E+07   0.356145E+07   0.000000E+00   0.278507E+07   0.278507E+07   0.279392E+07  -0.599786E+00   0.277742E+07   0.277736E+07   0.138317E+03
   0.279655E-03   0.278477E+07   0.278475E+07   0.353143E+07   0.352818E+07   0.000000E+00   0.278477E+07   0.278477E+07   0.279354E+07  -0.599699E+00   0.277713E+07   0.277705E+07   0.152029E+03
   0.309096E-03   0.278441E+07   0.278438E+07   0.349186E+07   0.348794E+07   0.000000E+00   0.278440E+07   0.278440E+07   0.279307E+07  -0.599593E+00   0.277677E+07   0.277668E+07   0.166895E+03
   0.341636E-03   0.278396E+07   0.278393E+07   0.344408E+07   0.343936E+07   0.000000E+00   0.278396E+07   0.278396E+07   0.279251E+07  -0.599464E+00   0.277633E+07   0.277622E+07   0.182938E+03
   0.377603E-03   0.278342E+07   0.278338E+07   0.338654E+07   0.338088E+07   0.000000E+00   0.278341E+07   0.278341E+07   0.279182E+07  -0.599308E+00   0.277580E+07   0.277566E+07   0.200156E+03
   0.417356E-03   0.278276E+07   0.278271E+07   0.331748E+07   0.331070E+07   0.000000E+00   0.278275E+07   0.278275E+07   0.279098E+07  -0.599118E+00   0.277515E+07   0.277498E+07   0.218502E+03
   0.461294E-03   0.278195E+07   0.278190E+07   0.323492E+07   0.322684E+07   0.000000E+00   0.278194E+07   0.278194E+07   0.278997E+07  -0.598887E+00   0.277436E+07   0.277416E+07   0.237878E+03
   0.509857E-03   0.278098E+07   0.278091E+07   0.313667E+07   0.312711E+07   0.000000E+00   0.278096E+07   0.278096E+07   0.278875E+07  -0.598608E+00   0.277340E+07   0.277315E+07   0.258108E+03
   0.563534E-03   0.277979E+07   0.277971E+07   0.302049E+07   0.300924E+07   0.000000E+00   0.277977E+07   0.277977E+07   0.278726E+07  -0.598271E+00   0.277223E+07   0.277194E+07   0.278920E+03
   0.622861E-03   0.277835E+07   0.277825E+07   0.288408E+07   0.287097E+07   0.000000E+00   0.277833E+07   0.277833E+07   0.278548E+07  -0.597864E+00   0.277081E+07   0.277046E+07   0.299917E+03
   0.688433E-03   0.277660E+07   0.277648E+07   0.272538E+07   0.271027E+07   0.000000E+00   0.277658E+07   0.277658E+07   0.278334E+07  -0.597375E+00   0.276908E+07   0.276868E+07   0.320550E+03
   0.760910E-03   0.277449E+07   0.277435E+07   0.254283E+07   0.252564E+07   0.000000E+00   0.277447E+07   0.277447E+07   0.278077E+07  -0.596788E+00   0.276700E+07   0.276652E+07   0.340092E+03
   0.841016E-03   0.277195E+07   0.277178E+07   0.233577E+07   0.231651E+07   0.000000E+00   0.277192E+07   0.277192E+07   0.277770E+07  -0.596088E+00   0.276448E+07   0.276392E+07   0.357617E+03
   0.929556E-03   0.276889E+07   0.276869E+07   0.210496E+07   0.208383E+07   0.000000E+00   0.276886E+07   0.276886E+07   0.277406E+07  -0.595255E+00   0.276144E+07   0.276080E+07   0.372000E+03
   0.102742E-02   0.276522E+07   0.276499E+07   0.185328E+07   0.183067E+07   0.000000E+00   0.276518E+07   0.276518E+07   0.276976E+07  -0.594271E+00   0.275779E+07   0.275706E+07   0.381944E+03
   0.113558E-02   0.276084E+07   0.276056E+07   0.158634E+07   0.156290E+07   0.000000E+00   0.276079E+07   0.276079E+07   0.276471E+07  -0.593113E+00   0.275342E+07   0.275261E+07   0.386062E+03
   0.125513E-02   0.275562E+07   0.275531E+07   0.131306E+07   0.128966E+07   0.000000E+00   0.275557E+07   0.275557E+07   0.275881E+07  -0.591762E+00   0.274820E+07   0.274731E+07   0.383031E+03
   0.138727E-02   0.274945E+07   0.274908E+07   0.104576E+07   0.102349E+07   0.000000E+00   0.274939E+07   0.274939E+07   0.275196E+07  -0.590195E+00   0.274200E+07   0.274105E+07   0.371833E+03
   0.153331E-02   0.274217E+07   0.274176E+07   0.799482E+06   0.779428E+06   0.000000E+00   0.274210E+07   0.274210E+07   0.274407E+07  -0.588393E+00   0.273468E+07   0.273368E+07   0.352090E+03
   0.169474E-02   0.273366E+07   0.273319E+07   0.590036E+06   0.573026E+06   0.000000E+00   0.273358E+07   0.273358E+07   0.273503E+07  -0.586337E+00   0.272608E+07   0.272507E+07   0.324445E+03
   0.187315E-02   0.272376E+07   0.272322E+07   0.430481E+06   0.416704E+06   0.000000E+00   0.272367E+07   0.272367E+07   0.272473E+07  -0.584006E+00   0.271606E+07   0.271506E+07   0.290886E+03
   0.207035E-02   0.271233E+07   0.271171E+07   0.326468E+06   0.315159E+06   0.000000E+00   0.271222E+07   0.271222E+07   0.271302E+07  -0.581380E+00   0.270447E+07   0.270350E+07   0.254806E+03
   0.228831E-02   0.269920E+07   0.269850E+07   0.271936E+06   0.261378E+06   0.000000E+00   0.269909E+07   0.269909E+07   0.269975E+07  -0.578433E+00   0.269117E+07   0.269024E+07   0.220549E+03
   0.252922E-02   0.268424E+07   0.268343E+07   0.248152E+06   0.236292E+06   0.000000E+00   0.268410E+07   0.268410E+07   0.268471E+07  -0.575131E+00   0.267601E+07   0.267511E+07   0.192257E+03
   0.279549E-02   0.266728E+07   0.266633E+07   0.229480E+06   0.215187E+06   0.000000E+00   0.266712E+07   0.266712E+07   0.266767E+07  -0.571429E+00   0.265886E+07   0.265797E+07   0.172182E+03
   0.308979E-02   0.264814E+07   0.264702E+07   0.196453E+06   0.180726E+06   0.000000E+00   0.264795E+07   0.264795E+07   0.264843E+07  -0.567277E+00   0.263957E+07   0.263866E+07   0.159259E+03
   0.341507E-02   0.262665E+07   0.262531E+07   0.149340E+06   0.135027E+06   0.000000E+00   0.262643E+07   0.262643E+07   0.262678E+07  -0.562622E+00   0.261797E+07   0.261702E+07   0.149315E+03
   0.377460E-02   0.260260E+07   0.260101E+07   0.107986E+06   0.971482E+05   0.000000E+00   0.260234E+07   0.260234E+07   0.260259E+07  -0.557420E+00   0.259384E+07   0.259288E+07   0.137851E+03
   0.417198E-02   0.257580E+07   0.257390E+07   0.896467E+05   0.807444E+05   0.000000E+00   0.257548E+07   0.257548E+07   0.257570E+07  -0.551632E+00   0.256697E+07   0.256601E+07   0.123955E+03
   0.461119E-02   0.254603E+07   0.254377E+07   0.846427E+05   0.693472E+05   0.000000E+00   0.254566E+07   0.254566E+07   0.254585E+07  -0.545220E+00   0.253714E+07   0.253620E+07   0.111101E+03
   0.509664E-02   0.251310E+07   0.251040E+07   0.697334E+05   0.560393E+05   0.000000E+00   0.251265E+07   0.251265E+07   0.251281E+07  -0.538133E+00   0.250417E+07   0.250321E+07   0.102274E+03
   0.563320E-02   0.247680E+07   0.247356E+07   0.493933E+05   0.452149E+05   0.000000E+00   0.247626E+07   0.247626E+07   0.247637E+07  -0.530322E+00   0.246784E+07   0.246685E+07   0.953567E+02
   0.622625E-02   0.243690E+07   0.243302E+07   0.435101E+05   0.364180E+05   0.000000E+00   0.243626E+07   0.243626E+07   0.243636E+07  -0.521741E+00   0.242793E+07   0.242693E+07   0.874580E+02
   0.688173E-02   0.239321E+07   0.238857E+07   0.379769E+05   0.292772E+05   0.000000E+00   0.239244E+07   0.239244E+07   0.239253E+07  -0.512348E+00   0.238423E+07   0.238320E+07   0.805241E+02
   0.760622E-02   0.234552E+07   0.233995E+07   0.272793E+05   0.234882E+05   0.000000E+00   0.234459E+07   0.234459E+07   0.234465E+07  -0.502092E+00   0.233651E+07   0.233545E+07   0.754052E+02
   0.840698E-02   0.229360E+07   0.228694E+07   0.245834E+05   0.188006E+05   0.000000E+00   0.229249E+07   0.229249E+07   0.229254E+07  -0.490927E+00   0.228457E+07   0.228347E+07   0.703353E+02
   0.929204E-02   0.223724E+07   0.222929E+07   0.172677E+05   0.150107E+05   0.000000E+00   0.223591E+07   0.223591E+07   0.223595E+07  -0.478807E+00   0.222818E+07   0.222704E+07   0.662116E+02
   0.102703E-01   0.217623E+07   0.216677E+07   0.164317E+05   0.119511E+05   0.000000E+00   0.217466E+07   0.217466E+07   0.217469E+07  -0.465684E+00   0.216712E+07   0.216594E+07   0.625550E+02
   0.113515E-01   0.211037E+07   0.209913E+07   0.106665E+05   0.948550E+04   0.000000E+00   0.210850E+07   0.210850E+07   0.210852E+07  -0.451513E+00   0.210120E+07   0.209995E+07   0.595765E+02
   0.125466E-01   0.203946E+07   0.202615E+07   0.988713E+04   0.750226E+04   0.000000E+00   0.203724E+07   0.203724E+07   0.203726E+07  -0.436252E+00   0.203019E+07   0.202887E+07   0.569434E+02
   0.138674E-01   0.196333E+07   0.194764E+07   0.756634E+04   0.591049E+04   0.000000E+00   0.196071E+07   0.196071E+07   0.196073E+07  -0.419862E+00   0.195394E+07   0.195254E+07   0.547470E+02
   0.153273E-01   0.188185E+07   0.186347E+07   0.596543E+04   0.463598E+04   0.000000E+00   0.187878E+07   0.187878E+07   0.187880E+07  -0.402316E+00   0.187231E+07   0.187081E+07   0.528339E+02
   0.169409E-01   0.179497E+07   0.177359E+07   0.428234E+04   0.361836E+04   0.000000E+00   0.179141E+07   0.179141E+07   0.179142E+07  -0.383605E+00   0.178526E+07   0.178366E+07   0.511246E+02
   0.187244E-01   0.170279E+07   0.167814E+07   0.323245E+04   0.280852E+04   0.000000E+00   0.169868E+07   0.169868E+07   0.169869E+07  -0.363747E+00   0.169287E+07   0.169116E+07   0.494770E+02
   0.206957E-01   0.160557E+07   0.157745E+07   0.287629E+04   0.216655E+04   0.000000E+00   0.160089E+07   0.160089E+07   0.160089E+07  -0.342805E+00   0.159545E+07   0.159362E+07   0.477631E+02
   0.228745E-01   0.150389E+07   0.147223E+07   0.180146E+04   0.166012E+04   0.000000E+00   0.149861E+07   0.149861E+07   0.149862E+07  -0.320904E+00   0.149355E+07   0.149161E+07   0.458757E+02
   0.252826E-01   0.139867E+07   0.136361E+07   0.162645E+04   0.126294E+04   0.000000E+00   0.139283E+07   0.139283E+07   0.139283E+07  -0.298252E+00   0.138816E+07   0.138613E+07   0.436232E+02
   0.279443E-01   0.129135E+07   0.125329E+07   0.110842E+04   0.953732E+03   0.000000E+00   0.128501E+07   0.128501E+07   0.128501E+07  -0.275163E+00   0.128074E+07   0.127863E+07   0.408863E+02
   0.308862E-01   0.118389E+07   0.114360E+07   0.846152E+03   0.715149E+03   0.000000E+00   0.117718E+07   0.117718E+07   0.117718E+07  -0.252072E+00   0.117330E+07   0.117116E+07   0.375434E+02
   0.341378E-01   0.107881E+07   0.103746E+07   0.674281E+03   0.533032E+03   0.000000E+00   0.107192E+07   0.107192E+07   0.107192E+07  -0.229532E+00   0.106841E+07   0.106630E+07   0.335261E+02
   0.377317E-01   0.979006E+06   0.938172E+06   0.485054E+03   0.395725E+03   0.000000E+00   0.972200E+06   0.972200E+06   0.972201E+06  -0.208180E+00   0.969036E+06   0.967025E+06   0.288557E+02
   0.417040E-01   0.887415E+06   0.848965E+06   0.347128E+03   0.293546E+03   0.000000E+00   0.881006E+06   0.881006E+06   0.881007E+06  -0.188652E+00   0.878139E+06   0.876315E+06   0.236755E+02
   0.458744E-01   0.809679E+06   0.775278E+06   0.261466E+03   0.221390E+03   0.000000E+00   0.803946E+06   0.803946E+06   0.803946E+06  -0.172151E+00   0.801313E+06   0.799742E+06   0.185380E+02
   0.500448E-01   0.748361E+06   0.718918E+06   0.203191E+03   0.172044E+03   0.000000E+00   0.743454E+06   0.743454E+06   0.743454E+06  -0.159198E+00   0.740992E+06   0.739699E+06   0.139971E+02
   0.542152E-01   0.698847E+06   0.674551E+06   0.161820E+03   0.137012E+03   0.000000E+00   0.694797E+06   0.694797E+06   0.694798E+06  -0.148779E+00   0.692467E+06   0.691440E+06   0.102549E+02
   0.583856E-01   0.657520E+06   0.637919E+06   0.131400E+03   0.111254E+03   0.000000E+00   0.654253E+06   0.654253E+06   0.654253E+06  -0.140097E+00   0.652030E+06   0.651232E+06   0.740556E+01
   0.625560E-01   0.621290E+06   0.605457E+06   0.108245E+03   0.916470E+02   0.000000E+00   0.618652E+06   0.618652E+06   0.618652E+06  -0.132473E+00   0.616529E+06   0.615900E+06   0.543698E+01
   0.667264E-01   0.587546E+06   0.574291E+06   0.900185E+02   0.762146E+02   0.000000E+00   0.585337E+06   0.585337E+06   0.585337E+06  -0.125340E+00   0.583316E+06   0.582792E+06   0.425049E+01
   0.708968E-01   0.554619E+06   0.542709E+06   0.752853E+02   0.637405E+02   0.000000E+00   0.552634E+06   0.552634E+06   0.552634E+06  -0.118337E+00   0.550725E+06   0.550242E+06   0.368884E+01
   0.750672E-01   0.521796E+06   0.510150E+06   0.631676E+02   0.534813E+02   0.000000E+00   0.519855E+06   0.519855E+06   0.519855E+06  -0.111318E+00   0.518065E+06   0.517571E+06   0.356498E+01
   0.792376E-01   0.489192E+06   0.477021E+06   0.531247E+02   0.449790E+02   0.000000E+00   0.487164E+06   0.487164E+06   0.487164E+06  -0.104317E+00   0.485499E+06   0.484959E+06   0.369013E+01
   0.834080E-01   0.457442E+06   0.444324E+06   0.448009E+02   0.379322E+02   0.000000E+00   0.455256E+06   0.455256E+06   0.455256E+06  -0.974850E-01   0.453716E+06   0.453116E+06   0.389740E+01
   0.875784E-01   0.427338E+06   0.413222E+06   0.379303E+02   0.321155E+02   0.000000E+00   0.424986E+06   0.424986E+06   0.424986E+06  -0.910031E-01   0.423564E+06   0.422907E+06   0.405846E+01
   0.927733E-01   0.393294E+06   0.378326E+06   0.310793E+02   0.263153E+02   0.000000E+00   0.390800E+06   0.390800E+06   0.390800E+06  -0.836828E-01   0.389508E+06   0.388810E+06   0.407577E+01
   0.979682E-01   0.364220E+06   0.349178E+06   0.257949E+02   0.218411E+02   0.000000E+00   0.361713E+06   0.361713E+06   0.361713E+06  -0.774544E-01   0.360526E+06   0.359830E+06   0.384158E+01
   0.103163E+00   0.340704E+06   0.326459E+06   0.217588E+02   0.184236E+02   0.000000E+00   0.338330E+06   0.338330E+06   0.338330E+06  -0.724474E-01   0.337219E+06   0.336573E+06   0.339000E+01
   0.108358E+00   0.322307E+06   0.309565E+06   0.186658E+02   0.158045E+02   0.000000E+00   0.320183E+06   0.320183E+06   0.320183E+06  -0.685616E-01   0.319123E+06   0.318561E+06   0.281170E+01
   0.113553E+00   0.307707E+06   0.296838E+06   0.162401E+02   0.137505E+02   0.000000E+00   0.305896E+06   0.305896E+06   0.305896E+06  -0.655022E-01   0.304871E+06   0.304407E+06   0.221631E+01
   0.118748E+00   0.295304E+06   0.286287E+06   0.142646E+02   0.120775E+02   0.000000E+00   0.293801E+06   0.293801E+06   0.293801E+06  -0.629123E-01   0.292805E+06   0.292432E+06   0.170016E+01
   0.123943E+00   0.283697E+06   0.276176E+06   0.125887E+02   0.106585E+02   0.000000E+00   0.282443E+06   0.282443E+06   0.282443E+06  -0.604802E-01   0.281476E+06   0.281173E+06   0.132497E+01
   0.129137E+00   0.271879E+06   0.265296E+06   0.111179E+02   0.941311E+01   0.000000E+00   0.270782E+06   0.270782E+06   0.270782E+06  -0.579831E-01   0.269850E+06   0.269586E+06   0.111001E+01
   0.134332E+00   0.259340E+06   0.253100E+06   0.980096E+01   0.829810E+01   0.000000E+00   0.258300E+06   0.258300E+06   0.258300E+06  -0.553103E-01   0.257412E+06   0.257155E+06   0.103632E+01
   0.139527E+00   0.246116E+06   0.239732E+06   0.861838E+01   0.729692E+01   0.000000E+00   0.245052E+06   0.245052E+06   0.245052E+06  -0.524736E-01   0.244215E+06   0.243942E+06   0.105925E+01
   0.144722E+00   0.232668E+06   0.225860E+06   0.756825E+01   0.640790E+01   0.000000E+00   0.231533E+06   0.231533E+06   0.231533E+06  -0.495787E-01   0.230749E+06   0.230449E+06   0.112432E+01
   0.149917E+00   0.219647E+06   0.212373E+06   0.665328E+01   0.563330E+01   0.000000E+00   0.218435E+06   0.218435E+06   0.218435E+06  -0.467739E-01   0.217702E+06   0.217375E+06   0.118189E+01
   0.155112E+00   0.207709E+06   0.200132E+06   0.587360E+01   0.497322E+01   0.000000E+00   0.206447E+06   0.206447E+06   0.206447E+06  -0.442069E-01   0.205760E+06   0.205417E+06   0.119745E+01
   0.160307E+00   0.197356E+06   0.189764E+06   0.522306E+01   0.442243E+01   0.000000E+00   0.196091E+06   0.196091E+06   0.196091E+06  -0.419893E-01   0.195441E+06   0.195099E+06   0.115632E+01
   0.165502E+00   0.188774E+06   0.181487E+06   0.468715E+01   0.396866E+01   0.000000E+00   0.187559E+06   0.187559E+06   0.187559E+06  -0.401625E-01   0.186938E+06   0.186613E+06   0.106262E+01
   0.170696E+00   0.181787E+06   0.175065E+06   0.424445E+01   0.359379E+01   0.000000E+00   0.180666E+06   0.180666E+06   0.180666E+06  -0.386865E-01   0.180065E+06   0.179770E+06   0.934073E+00
   0.175891E+00   0.175972E+06   0.169957E+06   0.387163E+01   0.327809E+01   0.000000E+00   0.174970E+06   0.174970E+06   0.174970E+06  -0.374667E-01   0.174382E+06   0.174124E+06   0.794661E+00
   0.181086E+00   0.170829E+06   0.165522E+06   0.354801E+01   0.300404E+01   0.000000E+00   0.169944E+06   0.169944E+06   0.169944E+06  -0.363906E-01   0.169369E+06   0.169146E+06   0.667352E+00
   0.186281E+00   0.165881E+06   0.161165E+06   0.325739E+01   0.275795E+01   0.000000E+00   0.165095E+06   0.165095E+06   0.165095E+06  -0.353522E-01   0.164533E+06   0.164338E+06   0.568715E+00
   0.191476E+00   0.160759E+06   0.156435E+06   0.298868E+01   0.253042E+01   0.000000E+00   0.160038E+06   0.160038E+06   0.160038E+06  -0.342693E-01   0.159491E+06   0.159312E+06   0.506158E+00
   0.196671E+00   0.155275E+06   0.151129E+06   0.273632E+01   0.231676E+01   0.000000E+00   0.154584E+06   0.154584E+06   0.154584E+06  -0.331014E-01   0.154056E+06   0.153882E+06   0.477895E+00
   0.201866E+00   0.149462E+06   0.145311E+06   0.249955E+01   0.211631E+01   0.000000E+00   0.148770E+06   0.148770E+06   0.148770E+06  -0.318565E-01   0.148264E+06   0.148087E+06   0.475101E+00
   0.207060E+00   0.143510E+06   0.139241E+06   0.228023E+01   0.193063E+01   0.000000E+00   0.142798E+06   0.142798E+06   0.142798E+06  -0.305777E-01   0.142315E+06   0.142129E+06   0.485348E+00
   0.212255E+00   0.137671E+06   0.133255E+06   0.208078E+01   0.176178E+01   0.000000E+00   0.136935E+06   0.136935E+06   0.136935E+06  -0.293222E-01   0.136474E+06   0.136279E+06   0.496217E+00
   0.217450E+00   0.132195E+06   0.127682E+06   0.190295E+01   0.161122E+01   0.000000E+00   0.131443E+06   0.131443E+06   0.131443E+06  -0.281461E-01   0.131002E+06   0.130802E+06   0.498184E+00
   0.222645E+00   0.127275E+06   0.122762E+06   0.174720E+01   0.147936E+01   0.000000E+00   0.126523E+06   0.126523E+06   0.126523E+06  -0.270926E-01   0.126100E+06   0.125900E+06   0.486226E+00
   0.227840E+00   0.122996E+06   0.118601E+06   0.161227E+01   0.136511E+01   0.000000E+00   0.122264E+06   0.122264E+06   0.122264E+06  -0.261806E-01   0.121855E+06   0.121662E+06   0.460073E+00
   0.233035E+00   0.119323E+06   0.115146E+06   0.149538E+01   0.126613E+01   0.000000E+00   0.118627E+06   0.118627E+06   0.118627E+06  -0.254019E-01   0.118230E+06   0.118048E+06   0.423308E+00
   0.238230E+00   0.116132E+06   0.112236E+06   0.139299E+01   0.117943E+01   0.000000E+00   0.115482E+06   0.115482E+06   0.115482E+06  -0.247285E-01   0.115094E+06   0.114926E+06   0.381734E+00
   0.243425E+00   0.113252E+06   0.109650E+06   0.130151E+01   0.110197E+01   0.000000E+00   0.112652E+06   0.112652E+06   0.112652E+06  -0.241223E-01   0.112271E+06   0.112118E+06   0.341536E+00
   0.248619E+00   0.110500E+06   0.107160E+06   0.121774E+01   0.103104E+01   0.000000E+00   0.109944E+06   0.109944E+06   0.109944E+06  -0.235425E-01   0.109571E+06   0.109430E+06   0.307706E+00
   0.253814E+00   0.107719E+06   0.104575E+06   0.113921E+01   0.964545E+00   0.000000E+00   0.107195E+06   0.107195E+06   0.107195E+06  -0.229539E-01   0.106831E+06   0.106698E+06   0.283073E+00
   0.259009E+00   0.104821E+06   0.101795E+06   0.106460E+01   0.901372E+00   0.000000E+00   0.104316E+06   0.104316E+06   0.104316E+06  -0.223375E-01   0.103962E+06   0.103834E+06   0.268032E+00
   0.264204E+00   0.101808E+06   0.988283E+05   0.993661E+00   0.841312E+00   0.000000E+00   0.101311E+06   0.101311E+06   0.101311E+06  -0.216940E-01   0.100968E+06   0.100840E+06   0.260887E+00
   0.269399E+00   0.987430E+05   0.957597E+05   0.926769E+00   0.784680E+00   0.000000E+00   0.982458E+05   0.982458E+05   0.982458E+05  -0.210376E-01   0.979132E+05   0.977845E+05   0.258631E+00
   0.274594E+00   0.957087E+05   0.927011E+05   0.864425E+00   0.731898E+00   0.000000E+00   0.952074E+05   0.952074E+05   0.952074E+05  -0.203870E-01   0.948862E+05   0.947554E+05   0.257873E+00
   0.279789E+00   0.927910E+05   0.897671E+05   0.807064E+00   0.683334E+00   0.000000E+00   0.922870E+05   0.922870E+05   0.922870E+05  -0.197616E-01   0.919765E+05   0.918444E+05   0.255694E+00
   0.284984E+00   0.900698E+05   0.870591E+05   0.754978E+00   0.639235E+00   0.000000E+00   0.895680E+05   0.895680E+05   0.895680E+05  -0.191794E-01   0.892672E+05   0.891355E+05   0.250234E+00
   0.290178E+00   0.875981E+05   0.846405E+05   0.708162E+00   0.599597E+00   0.000000E+00   0.871052E+05   0.871052E+05   0.871052E+05  -0.186520E-01   0.868129E+05   0.866837E+05   0.240905E+00
   0.295373E+00   0.853807E+05   0.825147E+05   0.666196E+00   0.564064E+00   0.000000E+00   0.849030E+05   0.849030E+05   0.849030E+05  -0.181805E-01   0.846179E+05   0.844933E+05   0.228280E+00
   0.300568E+00   0.833765E+05   0.806297E+05   0.628339E+00   0.532009E+00   0.000000E+00   0.829187E+05   0.829187E+05   0.829187E+05  -0.177556E-01   0.826397E+05   0.825210E+05   0.213732E+00
   0.305763E+00   0.815231E+05   0.789065E+05   0.593768E+00   0.502736E+00   0.000000E+00   0.810870E+05   0.810870E+05   0.810870E+05  -0.173633E-01   0.808135E+05   0.807012E+05   0.198955E+00
   0.310958E+00   0.797576E+05   0.772653E+05   0.561752E+00   0.475627E+00   0.000000E+00   0.793422E+05   0.793422E+05   0.793422E+05  -0.169897E-01   0.790741E+05   0.789676E+05   0.185501E+00
   0.316153E+00   0.780250E+05   0.756373E+05   0.531702E+00   0.450183E+00   0.000000E+00   0.776270E+05   0.776270E+05   0.776270E+05  -0.166224E-01   0.773643E+05   0.772625E+05   0.174439E+00
   0.321348E+00   0.762833E+05   0.739730E+05   0.503191E+00   0.426043E+00   0.000000E+00   0.758983E+05   0.758983E+05   0.758983E+05  -0.162523E-01   0.756413E+05   0.755426E+05   0.166179E+00
   0.326543E+00   0.745143E+05   0.722538E+05   0.476002E+00   0.403023E+00   0.000000E+00   0.741375E+05   0.741375E+05   0.741375E+05  -0.158752E-01   0.738865E+05   0.737897E+05   0.160502E+00
   0.331737E+00   0.727281E+05   0.704955E+05   0.450124E+00   0.381113E+00   0.000000E+00   0.723560E+05   0.723560E+05   0.723560E+05  -0.154938E-01   0.721113E+05   0.720153E+05   0.156715E+00
   0.336932E+00   0.709556E+05   0.687383E+05   0.425672E+00   0.360411E+00   0.000000E+00   0.705861E+05   0.705861E+05   0.705861E+05  -0.151148E-01   0.703477E+05   0.702519E+05   0.153896E+00
   0.342127E+00   0.692318E+05   0.670274E+05   0.402768E+00   0.341019E+00   0.000000E+00   0.688644E+05   0.688644E+05   0.688644E+05  -0.147461E-01   0.686322E+05   0.685366E+05   0.151143E+00
   0.347322E+00   0.675847E+05   0.654001E+05   0.381478E+00   0.322993E+00   0.000000E+00   0.672206E+05   0.672206E+05   0.672206E+05  -0.143941E-01   0.669942E+05   0.668994E+05   0.147770E+00
   0.352517E+00   0.660335E+05   0.638807E+05   0.361799E+00   0.306332E+00   0.000000E+00   0.656747E+05   0.656747E+05   0.656747E+05  -0.140631E-01   0.654536E+05   0.653602E+05   0.143428E+00
   0.357712E+00   0.645865E+05   0.624792E+05   0.343666E+00   0.290979E+00   0.000000E+00   0.642353E+05   0.642353E+05   0.642353E+05  -0.137548E-01   0.640190E+05   0.639278E+05   0.138118E+00
   0.362907E+00   0.632392E+05   0.611887E+05   0.326945E+00   0.276821E+00   0.000000E+00   0.628974E+05   0.628974E+05   0.628974E+05  -0.134684E-01   0.626855E+05   0.625970E+05   0.132122E+00
   0.368102E+00   0.619736E+05   0.599863E+05   0.311444E+00   0.263696E+00   0.000000E+00   0.616424E+05   0.616424E+05   0.616424E+05  -0.131996E-01   0.614345E+05   0.613490E+05   0.125880E+00
   0.373296E+00   0.607652E+05   0.588414E+05   0.296954E+00   0.251427E+00   0.000000E+00   0.604446E+05   0.604446E+05   0.604446E+05  -0.129431E-01   0.602406E+05   0.601579E+05   0.119862E+00
   0.378491E+00   0.595914E+05   0.577261E+05   0.283297E+00   0.239864E+00   0.000000E+00   0.592805E+05   0.592805E+05   0.592805E+05  -0.126939E-01   0.590802E+05   0.590002E+05   0.114448E+00
   0.383686E+00   0.584354E+05   0.566198E+05   0.270342E+00   0.228895E+00   0.000000E+00   0.581328E+05   0.581328E+05   0.581328E+05  -0.124481E-01   0.579363E+05   0.578585E+05   0.109858E+00
   0.388881E+00   0.572874E+05   0.555113E+05   0.258000E+00   0.218445E+00   0.000000E+00   0.569913E+05   0.569913E+05   0.569913E+05  -0.122037E-01   0.567987E+05   0.567225E+05   0.106122E+00
   0.394076E+00   0.561443E+05   0.543985E+05   0.246225E+00   0.208475E+00   0.000000E+00   0.558533E+05   0.558533E+05   0.558533E+05  -0.119600E-01   0.556646E+05   0.555895E+05   0.103111E+00
   0.399271E+00   0.550119E+05   0.532897E+05   0.235013E+00   0.198982E+00   0.000000E+00   0.547249E+05   0.547249E+05   0.547249E+05  -0.117184E-01   0.545401E+05   0.544659E+05   0.100588E+00
   0.404466E+00   0.539020E+05   0.522002E+05   0.224383E+00   0.189982E+00   0.000000E+00   0.536184E+05   0.536184E+05   0.536184E+05  -0.114814E-01   0.534374E+05   0.533640E+05   0.982845E-01
   0.409661E+00   0.528263E+05   0.511452E+05   0.214353E+00   0.181490E+00   0.000000E+00   0.525461E+05   0.525461E+05   0.525461E+05  -0.112518E-01   0.523689E+05   0.522963E+05   0.959628E-01
   0.414855E+00   0.517925E+05   0.501350E+05   0.204921E+00   0.173504E+00   0.000000E+00   0.515162E+05   0.515162E+05   0.515162E+05  -0.110313E-01   0.513425E+05   0.512709E+05   0.934631E-01
   0.420050E+00   0.508042E+05   0.491745E+05   0.196067E+00   0.166007E+00   0.000000E+00   0.505326E+05   0.505326E+05   0.505326E+05  -0.108207E-01   0.503623E+05   0.502919E+05   0.907240E-01
   0.425245E+00   0.498627E+05   0.482647E+05   0.187761E+00   0.158975E+00   0.000000E+00   0.495963E+05   0.495963E+05   0.495963E+05  -0.106202E-01   0.494291E+05   0.493602E+05   0.877784E-01
   0.430440E+00   0.489649E+05   0.474016E+05   0.179961E+00   0.152371E+00   0.000000E+00   0.487043E+05   0.487043E+05   0.487043E+05  -0.104292E-01   0.485401E+05   0.484727E+05   0.847272E-01
   0.435635E+00   0.481032E+05   0.465757E+05   0.172609E+00   0.146145E+00   0.000000E+00   0.478486E+05   0.478486E+05   0.478486E+05  -0.102459E-01   0.476872E+05   0.476214E+05   0.817017E-01
   0.440830E+00   0.472681E+05   0.457754E+05   0.165644E+00   0.140248E+00   0.000000E+00   0.470193E+05   0.470193E+05   0.470193E+05  -0.100684E-01   0.468606E+05   0.467964E+05   0.788271E-01
   0.446025E+00   0.464521E+05   0.449916E+05   0.159018E+00   0.134639E+00   0.000000E+00   0.462087E+05   0.462087E+05   0.462087E+05  -0.989477E-02   0.460527E+05   0.459899E+05   0.761945E-01
   0.451219E+00   0.456510E+05   0.442191E+05   0.152700E+00   0.129289E+00   0.000000E+00   0.454123E+05   0.454123E+05   0.454123E+05  -0.972424E-02   0.452590E+05   0.451974E+05   0.738457E-01
   0.456414E+00   0.448623E+05   0.434553E+05   0.146665E+00   0.124180E+00   0.000000E+00   0.446278E+05   0.446278E+05   0.446278E+05  -0.955624E-02   0.444771E+05   0.444165E+05   0.717709E-01
   0.461609E+00   0.440851E+05   0.426999E+05   0.140898E+00   0.119296E+00   0.000000E+00   0.438543E+05   0.438543E+05   0.438543E+05  -0.939061E-02   0.437062E+05   0.436466E+05   0.699189E-01
   0.466804E+00   0.433213E+05   0.419557E+05   0.135389E+00   0.114632E+00   0.000000E+00   0.430937E+05   0.430937E+05   0.430937E+05  -0.922774E-02   0.429482E+05   0.428894E+05   0.682152E-01
   0.471999E+00   0.425747E+05   0.412278E+05   0.130141E+00   0.110188E+00   0.000000E+00   0.423502E+05   0.423502E+05   0.423502E+05  -0.906855E-02   0.422073E+05   0.421493E+05   0.665829E-01
   0.477194E+00   0.418497E+05   0.405216E+05   0.125152E+00   0.105965E+00   0.000000E+00   0.416284E+05   0.416284E+05   0.416284E+05  -0.891397E-02   0.414879E+05   0.414307E+05   0.649597E-01
   0.482389E+00   0.411482E+05   0.398399E+05   0.120417E+00   0.101955E+00   0.000000E+00   0.409302E+05   0.409302E+05   0.409302E+05  -0.876447E-02   0.407921E+05   0.407357E+05   0.633075E-01
   0.487584E+00   0.404703E+05   0.391828E+05   0.115922E+00   0.981499E-01   0.000000E+00   0.402557E+05   0.402557E+05   0.402557E+05  -0.862005E-02   0.401199E+05   0.400644E+05   0.616164E-01
   0.492778E+00   0.398150E+05   0.385494E+05   0.111654E+00   0.945360E-01   0.000000E+00   0.396041E+05   0.396041E+05   0.396041E+05  -0.848050E-02   0.394704E+05   0.394159E+05   0.599013E-01
   0.497973E+00   0.391811E+05   0.379379E+05   0.107597E+00   0.911010E-01   0.000000E+00   0.389739E+05   0.389739E+05   0.389739E+05  -0.834556E-02   0.388424E+05   0.387889E+05   0.581935E-01
   0.503168E+00   0.385664E+05   0.373455E+05   0.103735E+00   0.878308E-01   0.000000E+00   0.383629E+05   0.383629E+05   0.383629E+05  -0.821473E-02   0.382334E+05   0.381809E+05   0.565301E-01
   0.508363E+00   0.379674E+05   0.367681E+05   0.100048E+00   0.847096E-01   0.000000E+00   0.377675E+05   0.377675E+05   0.377675E+05  -0.808724E-02   0.376400E+05   0.375884E+05   0.549436E-01
   0.513558E+00   0.373809E+05   0.362021E+05   0.965212E-01   0.817232E-01   0.000000E+00   0.371845E+05   0.371845E+05   0.371845E+05  -0.796239E-02   0.370589E+05   0.370082E+05   0.534549E-01
   0.518753E+00   0.368055E+05   0.356457E+05   0.931419E-01   0.788620E-01   0.000000E+00   0.366122E+05   0.366122E+05   0.366122E+05  -0.783985E-02   0.364886E+05   0.364387E+05   0.520710E-01
   0.523948E+00   0.362409E+05   0.350987E+05   0.899034E-01   0.761200E-01   0.000000E+00   0.360506E+05   0.360506E+05   0.360506E+05  -0.771959E-02   0.359289E+05   0.358797E+05   0.507847E-01
   0.529143E+00   0.356874E+05   0.345616E+05   0.868001E-01   0.734925E-01   0.000000E+00   0.354998E+05   0.354998E+05   0.354998E+05  -0.760164E-02   0.353799E+05   0.353315E+05   0.495786E-01
   0.534337E+00   0.351450E+05   0.340348E+05   0.838261E-01   0.709745E-01   0.000000E+00   0.349600E+05   0.349600E+05   0.349600E+05  -0.748606E-02   0.348420E+05   0.347942E+05   0.484299E-01
   0.539532E+00   0.346144E+05   0.335194E+05   0.809776E-01   0.685626E-01   0.000000E+00   0.344319E+05   0.344319E+05   0.344319E+05  -0.737297E-02   0.343157E+05   0.342685E+05   0.473167E-01
   0.544727E+00   0.340968E+05   0.330170E+05   0.782521E-01   0.662550E-01   0.000000E+00   0.339168E+05   0.339168E+05   0.339168E+05  -0.726269E-02   0.338024E+05   0.337559E+05   0.462220E-01
   0.549922E+00   0.335933E+05   0.325287E+05   0.756465E-01   0.640489E-01   0.000000E+00   0.334158E+05   0.334158E+05   0.334158E+05  -0.715540E-02   0.333031E+05   0.332572E+05   0.451366E-01
   0.555117E+00   0.331034E+05   0.320543E+05   0.731546E-01   0.619391E-01   0.000000E+00   0.329285E+05   0.329285E+05   0.329285E+05  -0.705105E-02   0.328174E+05   0.327722E+05   0.440587E-01
   0.560312E+00   0.326261E+05   0.315926E+05   0.707694E-01   0.599195E-01   0.000000E+00   0.324538E+05   0.324538E+05   0.324538E+05  -0.694941E-02   0.323443E+05   0.322998E+05   0.429928E-01
   0.565507E+00   0.321607E+05   0.311428E+05   0.684844E-01   0.579849E-01   0.000000E+00   0.319910E+05   0.319910E+05   0.319910E+05  -0.685031E-02   0.318831E+05   0.318393E+05   0.419479E-01
   0.615622E+00   0.281491E+05   0.272586E+05   0.505800E-01   0.428255E-01   0.000000E+00   0.280007E+05   0.280007E+05   0.280007E+05  -0.599585E-02   0.279062E+05   0.278679E+05   0.337126E-01
   0.751923E+00   0.204883E+05   0.198409E+05   0.246778E-01   0.208943E-01   0.000000E+00   0.203804E+05   0.203804E+05   0.203804E+05  -0.436410E-02   0.203116E+05   0.202838E+05   0.200596E-01
   0.918401E+00   0.148381E+05   0.143694E+05   0.119801E-01   0.101434E-01   0.000000E+00   0.147600E+05   0.147600E+05   0.147600E+05  -0.316059E-02   0.147102E+05   0.146900E+05   0.118893E-01
   0.112174E+01   0.106981E+05   0.103603E+05   0.578992E-02   0.490225E-02   0.000000E+00   0.106418E+05   0.106418E+05   0.106418E+05  -0.227875E-02   0.106059E+05   0.105913E+05   0.701786E-02
   0.137009E+01   0.768182E+04   0.743927E+04   0.278684E-02   0.235958E-02   0.000000E+00   0.764139E+04   0.764139E+04   0.764139E+04  -0.163627E-02   0.761560E+04   0.760515E+04   0.412681E-02
   0.167343E+01   0.549551E+04   0.532202E+04   0.133641E-02   0.113152E-02   0.000000E+00   0.546660E+04   0.546660E+04   0.546660E+04  -0.117057E-02   0.544815E+04   0.544067E+04   0.241871E-02
   0.204394E+01   0.391810E+04   0.379441E+04   0.638688E-03   0.540769E-03   0.000000E+00   0.389748E+04   0.389748E+04   0.389748E+04  -0.834577E-03   0.388433E+04   0.387899E+04   0.141355E-02
   0.249647E+01   0.278478E+04   0.269688E+04   0.304289E-03   0.257638E-03   0.000000E+00   0.277013E+04   0.277013E+04   0.277013E+04  -0.593174E-03   0.276078E+04   0.275698E+04   0.824179E-03
   0.304920E+01   0.197364E+04   0.191134E+04   0.144559E-03   0.122396E-03   0.000000E+00   0.196325E+04   0.196325E+04   0.196325E+04  -0.420396E-03   0.195663E+04   0.195393E+04   0.479712E-03
   0.372430E+01   0.139510E+04   0.135105E+04   0.684955E-04   0.579944E-04   0.000000E+00   0.138776E+04   0.138776E+04   0.138776E+04  -0.297163E-03   0.138307E+04   0.138115E+04   0.278941E-03
   0.454887E+01   0.983763E+03   0.952698E+03   0.323765E-04   0.274128E-04   0.000000E+00   0.978585E+03   0.978585E+03   0.978585E+03  -0.209547E-03   0.975283E+03   0.973920E+03   0.162195E-03
   0.555600E+01   0.692163E+03   0.670297E+03   0.152696E-04   0.129286E-04   0.000000E+00   0.688519E+03   0.688519E+03   0.688519E+03  -0.147434E-03   0.686196E+03   0.685227E+03   0.944328E-04
   0.678612E+01   0.485990E+03   0.470628E+03   0.718661E-05   0.608486E-05   0.000000E+00   0.483430E+03   0.483430E+03   0.483430E+03  -0.103518E-03   0.481799E+03   0.481108E+03   0.551483E-04
   0.828858E+01   0.340578E+03   0.329801E+03   0.337590E-05   0.285837E-05   0.000000E+00   0.338782E+03   0.338782E+03   0.338782E+03  -0.725441E-04   0.337640E+03   0.337144E+03   0.323831E-04
   0.101237E+02   0.238250E+03   0.230699E+03   0.158300E-05   0.134033E-05   0.000000E+00   0.236992E+03   0.236992E+03   0.236992E+03  -0.507475E-04   0.236193E+03   0.235835E+03   0.191817E-04
   0.123651E+02   0.166391E+03   0.161105E+03   0.741046E-06   0.627452E-06   0.000000E+00   0.165510E+03   0.165510E+03   0.165510E+03  -0.354409E-04   0.164953E+03   0.164690E+03   0.115098E-04
   0.151028E+02   0.116025E+03   0.112327E+03   0.346363E-06   0.293273E-06   0.000000E+00   0.115409E+03   0.115409E+03   0.115409E+03  -0.247127E-04   0.115021E+03   0.114825E+03   0.703281E-05
   0.184466E+02   0.807873E+02   0.781986E+02   0.161650E-06   0.136875E-06   0.000000E+00   0.803559E+02   0.803559E+02   0.803559E+02  -0.172068E-04   0.800867E+02   0.799367E+02   0.440204E-05
   0.225307E+02   0.561748E+02   0.543607E+02   0.753376E-07   0.637935E-07   0.000000E+00   0.558725E+02   0.558725E+02   0.558725E+02  -0.119641E-04   0.556861E+02   0.555679E+02   0.283962E-05
   0.275191E+02   0.390101E+02   0.377358E+02   0.350642E-07   0.296927E-07   0.000000E+00   0.387977E+02   0.387977E+02   0.387977E+02  -0.830784E-05   0.386691E+02   0.385726E+02   0.189726E-05
   0.336118E+02   0.270568E+02   0.261579E+02   0.162985E-07   0.138027E-07   0.000000E+00   0.269070E+02   0.269070E+02   0.269070E+02  -0.576165E-05   0.268185E+02   0.267368E+02   0.131670E-05
   0.410536E+02   0.187438E+02   0.181055E+02   0.756600E-08   0.640810E-08   0.000000E+00   0.186374E+02   0.186374E+02   0.186374E+02  -0.399087E-05   0.185769E+02   0.185050E+02   0.949012E-06
   0.501430E+02   0.129697E+02   0.125120E+02   0.350755E-08   0.297123E-08   0.000000E+00   0.128934E+02   0.128934E+02   0.128934E+02  -0.276089E-05   0.128524E+02   0.127868E+02   0.708136E-06
   0.612448E+02   0.896380E+01   0.863098E+01   0.162378E-08   0.137582E-08   0.000000E+00   0.890833E+01   0.890833E+01   0.890833E+01  -0.190756E-05   0.888088E+01   0.881932E+01   0.544144E-06
   0.748045E+02   0.618772E+01   0.594108E+01   0.750534E-09   0.636148E-09   0.000000E+00   0.614661E+01   0.614661E+01   0.614661E+01  -0.131619E-05   0.612855E+01   0.606943E+01   0.427860E-06
   0.913665E+02   0.426586E+01   0.407857E+01   0.346275E-09   0.293653E-09   0.000000E+00   0.423465E+01   0.423465E+01   0.423465E+01  -0.906774E-06   0.422310E+01   0.416538E+01   0.342052E-06
   0.111595E+03   0.293667E+01   0.279021E+01   0.159406E-09   0.135286E-09   0.000000E+00   0.291226E+01   0.291226E+01   0.291226E+01  -0.623608E-06   0.290524E+01   0.284827E+01   0.276382E-06
