#          k/h    CDM            baryon         photon         nu             mass_nu        total          no_nu          total_de       Weyl           v_CDM          v_b            v_b-v_c     
   0.102819E-04   0.466242E+06   0.466242E+06   0.621650E+06   0.621650E+06   0.000000E+00   0.466242E+06   0.466242E+06   0.475265E+06  -0.602651E+00   0.464656E+06   0.464656E+06   0.195017E+00
   0.113644E-04   0.466242E+06   0.466242E+06   0.621649E+06   0.621648E+06   0.000000E+00   0.466242E+06   0.466242E+06   0.475265E+06  -0.602651E+00   0.464656E+06   0.464656E+06   0.215548E+00
   0.125608E-04   0.466242E+06   0.466242E+06   0.621647E+06   0.621646E+06   0.000000E+00   0.466242E+06   0.466242E+06   0.475264E+06  -0.602651E+00   0.464656E+06   0.464656E+06   0.238240E+00
   0.138832E-04   0.466242E+06   0.466242E+06   0.621645E+06   0.621644E+06   0.000000E+00   0.466242E+06   0.466242E+06   0.475264E+06  -0.602651E+00   0.464656E+06   0.464656E+06   0.263321E+00
   0.153447E-04   0.466242E+06   0.466242E+06   0.621642E+06   0.621641E+06   0.000000E+00   0.466242E+06   0.466242E+06   0.475264E+06  -0.602650E+00   0.464656E+06   0.464656E+06   0.291043E+00
   0.169602E-04   0.466242E+06   0.466242E+06   0.621639E+06   0.621638E+06   0.000000E+00   0.466242E+06   0.466242E+06   0.475264E+06  -0.602650E+00   0.464656E+06   0.464656E+06   0.321683E+00
   0.187457E-04   0.466242E+06   0.466242E+06   0.621635E+06   0.621634E+06   0.000000E+00   0.466242E+06   0.466242E+06   0.475264E+06  -0.602650E+00   0.464656E+06   0.464656E+06   0.355549E+00
   0.207192E-04   0.466242E+06   0.466241E+06   0.621631E+06   0.621629E+06   0.000000E+00   0.466242E+06   0.466242E+06   0.475264E+06  -0.602650E+00   0.464656E+06   0.464656E+06   0.392979E+00
   0.229004E-04   0.466241E+06   0.466241E+06   0.621625E+06   0.621623E+06   0.000000E+00   0.466241E+06   0.466241E+06   0.475264E+06  -0.602649E+00   0.464655E+06   0.464655E+06   0.434351E+00
   0.253113E-04   0.466241E+06   0.466241E+06   0.621618E+06   0.621616E+06   0.000000E+00   0.466241E+06   0.466241E+06   0.475263E+06  -0.602649E+00   0.464655E+06   0.464655E+06   0.480078E+00
   0.279760E-04   0.466241E+06   0.466241E+06   0.621610E+06   0.621607E+06   0.000000E+00   0.466241E+06   0.466241E+06   0.475263E+06  -0.602648E+00   0.464655E+06   0.464655E+06   0.530618E+00
   0.309213E-04   0.466241E+06   0.466241E+06   0.621599E+06   0.621596E+06   0.000000E+00   0.466241E+06   0.466241E+06   0.475262E+06  -0.602648E+00   0.464655E+06   0.464655E+06   0.586479E+00
   0.341766E-04   0.466240E+06   0.466240E+06   0.621587E+06   0.621582E+06   0.000000E+00   0.466240E+06   0.466240E+06   0.475262E+06  -0.602647E+00   0.464654E+06   0.464654E+06   0.648221E+00
   0.377746E-04   0.466240E+06   0.466240E+06   0.621571E+06   0.621566E+06   0.000000E+00   0.466240E+06   0.466240E+06   0.475261E+06  -0.602646E+00   0.464654E+06   0.464654E+06   0.716463E+00
   0.417514E-04   0.466239E+06   0.466239E+06   0.621552E+06   0.621546E+06   0.000000E+00   0.466239E+06   0.466239E+06   0.475260E+06  -0.602645E+00   0.464653E+06   0.464653E+06   0.791888E+00
   0.461468E-04   0.466239E+06   0.466238E+06   0.621529E+06   0.621522E+06   0.000000E+00   0.466239E+06   0.466239E+06   0.475259E+06  -0.602644E+00   0.464653E+06   0.464653E+06   0.875253E+00
   0.510050E-04   0.466238E+06   0.466238E+06   0.621501E+06   0.621492E+06   0.000000E+00   0.466238E+06   0.466238E+06   0.475258E+06  -0.602642E+00   0.464652E+06   0.464652E+06   0.967394E+00
   0.563747E-04   0.466237E+06   0.466237E+06   0.621467E+06   0.621456E+06   0.000000E+00   0.466237E+06   0.466237E+06   0.475257E+06  -0.602640E+00   0.464651E+06   0.464651E+06   0.106923E+01
   0.623096E-04   0.466236E+06   0.466235E+06   0.621424E+06   0.621411E+06   0.000000E+00   0.466236E+06   0.466236E+06   0.475255E+06  -0.602638E+00   0.464650E+06   0.464650E+06   0.118179E+01
   0.688694E-04   0.466234E+06   0.466234E+06   0.621373E+06   0.621357E+06   0.000000E+00   0.466234E+06   0.466234E+06   0.475253E+06  -0.602635E+00   0.464648E+06   0.464648E+06   0.130620E+01
   0.761198E-04   0.466232E+06   0.466232E+06   0.621310E+06   0.621290E+06   0.000000E+00   0.466232E+06   0.466232E+06   0.475250E+06  -0.602631E+00   0.464647E+06   0.464647E+06   0.144371E+01
   0.841334E-04   0.466230E+06   0.466230E+06   0.621234E+06   0.621209E+06   0.000000E+00   0.466230E+06   0.466230E+06   0.475246E+06  -0.602626E+00   0.464644E+06   0.464644E+06   0.159568E+01
   0.929907E-04   0.466228E+06   0.466227E+06   0.621140E+06   0.621110E+06   0.000000E+00   0.466227E+06   0.466227E+06   0.475242E+06  -0.602621E+00   0.464642E+06   0.464642E+06   0.176365E+01
   0.102781E-03   0.466224E+06   0.466223E+06   0.621026E+06   0.620989E+06   0.000000E+00   0.466224E+06   0.466224E+06   0.475237E+06  -0.602614E+00   0.464639E+06   0.464639E+06   0.194930E+01
   0.113601E-03   0.466220E+06   0.466219E+06   0.620886E+06   0.620842E+06   0.000000E+00   0.466220E+06   0.466220E+06   0.475231E+06  -0.602606E+00   0.464635E+06   0.464635E+06   0.215448E+01
   0.125560E-03   0.466216E+06   0.466214E+06   0.620715E+06   0.620661E+06   0.000000E+00   0.466215E+06   0.466215E+06   0.475224E+06  -0.602596E+00   0.464630E+06   0.464630E+06   0.238125E+01
   0.138779E-03   0.466210E+06   0.466208E+06   0.620507E+06   0.620441E+06   0.000000E+00   0.466209E+06   0.466209E+06   0.475215E+06  -0.602584E+00   0.464624E+06   0.464624E+06   0.263188E+01
   0.153389E-03   0.466202E+06   0.466200E+06   0.620253E+06   0.620172E+06   0.000000E+00   0.466202E+06   0.466202E+06   0.475204E+06  -0.602569E+00   0.464617E+06   0.464617E+06   0.290887E+01
   0.169538E-03   0.466193E+06   0.466191E+06   0.619942E+06   0.619843E+06   0.000000E+00   0.466193E+06   0.466193E+06   0.475190E+06  -0.602551E+00   0.464608E+06   0.464608E+06   0.321499E+01
   0.187386E-03   0.466183E+06   0.466180E+06   0.619562E+06   0.619442E+06   0.000000E+00   0.466182E+06   0.466182E+06   0.475174E+06  -0.602529E+00   0.464598E+06   0.464597E+06   0.355330E+01
   0.207114E-03   0.466169E+06   0.466166E+06   0.619099E+06   0.618952E+06   0.000000E+00   0.466169E+06   0.466169E+06   0.475154E+06  -0.602502E+00   0.464585E+06   0.464584E+06   0.392718E+01
   0.228918E-03   0.466153E+06   0.466149E+06   0.618534E+06   0.618354E+06   0.000000E+00   0.466153E+06   0.466153E+06   0.475129E+06  -0.602468E+00   0.464569E+06   0.464568E+06   0.434034E+01
   0.253018E-03   0.466134E+06   0.466128E+06   0.617844E+06   0.617625E+06   0.000000E+00   0.466133E+06   0.466133E+06   0.475099E+06  -0.602428E+00   0.464550E+06   0.464549E+06   0.479690E+01
   0.279655E-03   0.466110E+06   0.466103E+06   0.617001E+06   0.616734E+06   0.000000E+00   0.466109E+06   0.466109E+06   0.475062E+06  -0.602379E+00   0.464526E+06   0.464525E+06   0.530139E+01
   0.309096E-03   0.466080E+06   0.466072E+06   0.615974E+06   0.615648E+06   0.000000E+00   0.466079E+06   0.466079E+06   0.475017E+06  -0.602318E+00   0.464497E+06   0.464496E+06   0.585882E+01
   0.341636E-03   0.466044E+06   0.466034E+06   0.614721E+06   0.614324E+06   0.000000E+00   0.466043E+06   0.466043E+06   0.474962E+06  -0.602245E+00   0.464462E+06   0.464460E+06   0.647469E+01
   0.377603E-03   0.466001E+06   0.465988E+06   0.613193E+06   0.612709E+06   0.000000E+00   0.465999E+06   0.465999E+06   0.474896E+06  -0.602155E+00   0.464419E+06   0.464417E+06   0.715507E+01
   0.417356E-03   0.465947E+06   0.465932E+06   0.611331E+06   0.610742E+06   0.000000E+00   0.465945E+06   0.465945E+06   0.474814E+06  -0.602045E+00   0.464366E+06   0.464364E+06   0.790664E+01
   0.461294E-03   0.465882E+06   0.465864E+06   0.609063E+06   0.608347E+06   0.000000E+00   0.465879E+06   0.465879E+06   0.474715E+06  -0.601911E+00   0.464302E+06   0.464299E+06   0.873675E+01
   0.509857E-03   0.465802E+06   0.465780E+06   0.606303E+06   0.605433E+06   0.000000E+00   0.465799E+06   0.465799E+06   0.474593E+06  -0.601748E+00   0.464224E+06   0.464220E+06   0.965345E+01
   0.563534E-03   0.465705E+06   0.465678E+06   0.602946E+06   0.601890E+06   0.000000E+00   0.465701E+06   0.465701E+06   0.474445E+06  -0.601549E+00   0.464128E+06   0.464124E+06   0.106656E+02
   0.622861E-03   0.465587E+06   0.465553E+06   0.598868E+06   0.597588E+06   0.000000E+00   0.465581E+06   0.465581E+06   0.474265E+06  -0.601307E+00   0.464011E+06   0.464006E+06   0.117829E+02
   0.688433E-03   0.465442E+06   0.465401E+06   0.593919E+06   0.592370E+06   0.000000E+00   0.465435E+06   0.465435E+06   0.474046E+06  -0.601012E+00   0.463869E+06   0.463862E+06   0.130158E+02
   0.760910E-03   0.465266E+06   0.465216E+06   0.587923E+06   0.586052E+06   0.000000E+00   0.465258E+06   0.465258E+06   0.473780E+06  -0.600653E+00   0.463696E+06   0.463687E+06   0.143759E+02
   0.841016E-03   0.465051E+06   0.464990E+06   0.580671E+06   0.578419E+06   0.000000E+00   0.465041E+06   0.465041E+06   0.473456E+06  -0.600216E+00   0.463484E+06   0.463474E+06   0.158758E+02
   0.929556E-03   0.464790E+06   0.464715E+06   0.571920E+06   0.569217E+06   0.000000E+00   0.464777E+06   0.464777E+06   0.473062E+06  -0.599686E+00   0.463226E+06   0.463214E+06   0.175288E+02
   0.102742E-02   0.464472E+06   0.464380E+06   0.561388E+06   0.558158E+06   0.000000E+00   0.464456E+06   0.464456E+06   0.472585E+06  -0.599042E+00   0.462912E+06   0.462897E+06   0.193496E+02
   0.113558E-02   0.464085E+06   0.463973E+06   0.548758E+06   0.544915E+06   0.000000E+00   0.464066E+06   0.464066E+06   0.472008E+06  -0.598262E+00   0.462530E+06   0.462511E+06   0.213537E+02
   0.125513E-02   0.463615E+06   0.463478E+06   0.533672E+06   0.529130E+06   0.000000E+00   0.463592E+06   0.463592E+06   0.471311E+06  -0.597319E+00   0.462065E+06   0.462042E+06   0.235576E+02
   0.138727E-02   0.463044E+06   0.462878E+06   0.515747E+06   0.510419E+06   0.000000E+00   0.463016E+06   0.463016E+06   0.470470E+06  -0.596182E+00   0.461500E+06   0.461472E+06   0.259787E+02
   0.153331E-02   0.462353E+06   0.462150E+06   0.494580E+06   0.488389E+06   0.000000E+00   0.462319E+06   0.462319E+06   0.469461E+06  -0.594813E+00   0.460814E+06   0.460781E+06   0.286349E+02
   0.169474E-02   0.461518E+06   0.461270E+06   0.469780E+06   0.462671E+06   0.000000E+00   0.461476E+06   0.461476E+06   0.468252E+06  -0.593170E+00   0.459983E+06   0.459943E+06   0.315448E+02
   0.187315E-02   0.460509E+06   0.460207E+06   0.441001E+06   0.432959E+06   0.000000E+00   0.460459E+06   0.460459E+06   0.466812E+06  -0.591208E+00   0.458979E+06   0.458929E+06   0.347268E+02
   0.207035E-02   0.459295E+06   0.458927E+06   0.408001E+06   0.399075E+06   0.000000E+00   0.459234E+06   0.459234E+06   0.465102E+06  -0.588875E+00   0.457766E+06   0.457706E+06   0.381993E+02
   0.228831E-02   0.457839E+06   0.457389E+06   0.370723E+06   0.361055E+06   0.000000E+00   0.457764E+06   0.457764E+06   0.463087E+06  -0.586116E+00   0.456306E+06   0.456233E+06   0.419795E+02
   0.252922E-02   0.456098E+06   0.455549E+06   0.329390E+06   0.319249E+06   0.000000E+00   0.456006E+06   0.456006E+06   0.460727E+06  -0.582874E+00   0.454555E+06   0.454466E+06   0.460834E+02
   0.279549E-02   0.454025E+06   0.453357E+06   0.284633E+06   0.274441E+06   0.000000E+00   0.453914E+06   0.453914E+06   0.457984E+06  -0.579094E+00   0.452462E+06   0.452354E+06   0.505252E+02
   0.308979E-02   0.451571E+06   0.450757E+06   0.237604E+06   0.227951E+06   0.000000E+00   0.451435E+06   0.451435E+06   0.454827E+06  -0.574727E+00   0.449972E+06   0.449842E+06   0.553163E+02
   0.341507E-02   0.448682E+06   0.447691E+06   0.190071E+06   0.181694E+06   0.000000E+00   0.448517E+06   0.448517E+06   0.451226E+06  -0.569732E+00   0.447026E+06   0.446868E+06   0.604657E+02
   0.377460E-02   0.445306E+06   0.444099E+06   0.144419E+06   0.138120E+06   0.000000E+00   0.445104E+06   0.445104E+06   0.447163E+06  -0.564085E+00   0.443564E+06   0.443374E+06   0.659801E+02
   0.417198E-02   0.441389E+06   0.439921E+06   0.103487E+06   0.999665E+05   0.000000E+00   0.441144E+06   0.441144E+06   0.442625E+06  -0.557776E+00   0.439526E+06   0.439298E+06   0.718647E+02
   0.461119E-02   0.436885E+06   0.435101E+06   0.701528E+05   0.697566E+05   0.000000E+00   0.436588E+06   0.436588E+06   0.437603E+06  -0.550814E+00   0.434861E+06   0.434587E+06   0.781246E+02
   0.509664E-02   0.431753E+06   0.429588E+06   0.466287E+05   0.490539E+05   0.000000E+00   0.431392E+06   0.431392E+06   0.432083E+06  -0.543217E+00   0.429524E+06   0.429195E+06   0.847672E+02
   0.563320E-02   0.425961E+06   0.423336E+06   0.335489E+05   0.376481E+05   0.000000E+00   0.425523E+06   0.425523E+06   0.426035E+06  -0.535001E+00   0.423486E+06   0.423092E+06   0.918032E+02
   0.622625E-02   0.419485E+06   0.416307E+06   0.291839E+05   0.330946E+05   0.000000E+00   0.418955E+06   0.418955E+06   0.419402E+06  -0.526156E+00   0.416733E+06   0.416263E+06   0.992469E+02
   0.688173E-02   0.412307E+06   0.408465E+06   0.293846E+05   0.312036E+05   0.000000E+00   0.411666E+06   0.411666E+06   0.412104E+06  -0.516630E+00   0.409265E+06   0.408704E+06   0.107112E+03
   0.760622E-02   0.404408E+06   0.399773E+06   0.289184E+05   0.278490E+05   0.000000E+00   0.403635E+06   0.403635E+06   0.404049E+06  -0.506327E+00   0.401083E+06   0.400415E+06   0.115404E+03
   0.840698E-02   0.395766E+06   0.390186E+06   0.242306E+05   0.214972E+05   0.000000E+00   0.394836E+06   0.394836E+06   0.395172E+06  -0.495122E+00   0.392181E+06   0.391387E+06   0.124106E+03
   0.929204E-02   0.386354E+06   0.379652E+06   0.161251E+05   0.144094E+05   0.000000E+00   0.385237E+06   0.385237E+06   0.385460E+06  -0.482910E+00   0.382533E+06   0.381592E+06   0.133169E+03
   0.102703E-01   0.376137E+06   0.368113E+06   0.938671E+04   0.102962E+05   0.000000E+00   0.374800E+06   0.374800E+06   0.374942E+06  -0.469647E+00   0.372093E+06   0.370980E+06   0.142504E+03
   0.113515E-01   0.365088E+06   0.355513E+06   0.776932E+04   0.943716E+04   0.000000E+00   0.363492E+06   0.363492E+06   0.363614E+06  -0.455337E+00   0.360802E+06   0.359489E+06   0.151986E+03
   0.125466E-01   0.353178E+06   0.341802E+06   0.882211E+04   0.747032E+04   0.000000E+00   0.351282E+06   0.351282E+06   0.351402E+06  -0.439953E+00   0.348643E+06   0.347101E+06   0.161448E+03
   0.138674E-01   0.340389E+06   0.326939E+06   0.714067E+04   0.588983E+04   0.000000E+00   0.338147E+06   0.338147E+06   0.338243E+06  -0.423443E+00   0.335586E+06   0.333785E+06   0.170664E+03
   0.153273E-01   0.326701E+06   0.310897E+06   0.373016E+04   0.462319E+04   0.000000E+00   0.324067E+06   0.324067E+06   0.324126E+06  -0.405752E+00   0.321616E+06   0.319525E+06   0.179324E+03
   0.169409E-01   0.312108E+06   0.293674E+06   0.345473E+04   0.360950E+04   0.000000E+00   0.309035E+06   0.309035E+06   0.309086E+06  -0.386880E+00   0.306721E+06   0.304310E+06   0.187019E+03
   0.187244E-01   0.296622E+06   0.275312E+06   0.344431E+04   0.280182E+04   0.000000E+00   0.293070E+06   0.293070E+06   0.293116E+06  -0.366864E+00   0.290912E+06   0.288159E+06   0.193250E+03
   0.206957E-01   0.280285E+06   0.255916E+06   0.171178E+04   0.216154E+04   0.000000E+00   0.276224E+06   0.276224E+06   0.276251E+06  -0.345748E+00   0.274242E+06   0.271134E+06   0.197415E+03
   0.228745E-01   0.263181E+06   0.235681E+06   0.193230E+04   0.165584E+04   0.000000E+00   0.258597E+06   0.258597E+06   0.258624E+06  -0.323663E+00   0.256806E+06   0.253346E+06   0.198816E+03
   0.252826E-01   0.245448E+06   0.214919E+06   0.110394E+04   0.125932E+04   0.000000E+00   0.240360E+06   0.240360E+06   0.240377E+06  -0.300823E+00   0.238767E+06   0.234982E+06   0.196705E+03
   0.279443E-01   0.227303E+06   0.194083E+06   0.109937E+04   0.950546E+03   0.000000E+00   0.221766E+06   0.221766E+06   0.221781E+06  -0.277539E+00   0.220370E+06   0.216322E+06   0.190345E+03
   0.308862E-01   0.209045E+06   0.173779E+06   0.589456E+03   0.712442E+03   0.000000E+00   0.203167E+06   0.203167E+06   0.203176E+06  -0.254253E+00   0.201956E+06   0.197746E+06   0.179132E+03
   0.341378E-01   0.191060E+06   0.154751E+06   0.586371E+03   0.530781E+03   0.000000E+00   0.185008E+06   0.185008E+06   0.185017E+06  -0.231522E+00   0.183959E+06   0.179731E+06   0.162754E+03
   0.377317E-01   0.173804E+06   0.137805E+06   0.448159E+03   0.393969E+03   0.000000E+00   0.167804E+06   0.167804E+06   0.167810E+06  -0.209986E+00   0.166881E+06   0.162821E+06   0.141412E+03
   0.417040E-01   0.157745E+06   0.123680E+06   0.269210E+03   0.292292E+03   0.000000E+00   0.152068E+06   0.152068E+06   0.152072E+06  -0.190290E+00   0.151226E+06   0.147544E+06   0.116040E+03
   0.458744E-01   0.143880E+06   0.113216E+06   0.220701E+03   0.220584E+03   0.000000E+00   0.138769E+06   0.138769E+06   0.138772E+06  -0.173646E+00   0.137961E+06   0.134825E+06   0.898169E+02
   0.500448E-01   0.132734E+06   0.106298E+06   0.171676E+03   0.171585E+03   0.000000E+00   0.128328E+06   0.128328E+06   0.128331E+06  -0.160579E+00   0.127518E+06   0.125001E+06   0.660981E+02
   0.542152E-01   0.123597E+06   0.101594E+06   0.136879E+03   0.136806E+03   0.000000E+00   0.119929E+06   0.119929E+06   0.119931E+06  -0.150068E+00   0.119101E+06   0.117188E+06   0.463825E+02
   0.583856E-01   0.115918E+06   0.979990E+05   0.111274E+03   0.111214E+03   0.000000E+00   0.112931E+06   0.112931E+06   0.112933E+06  -0.141310E+00   0.112085E+06   0.110689E+06   0.314304E+02
   0.625560E-01   0.109220E+06   0.946179E+05   0.917479E+02   0.916988E+02   0.000000E+00   0.106786E+06   0.106786E+06   0.106787E+06  -0.133619E+00   0.105936E+06   0.104921E+06   0.213159E+02
   0.667264E-01   0.103084E+06   0.907944E+05   0.763404E+02   0.762995E+02   0.000000E+00   0.101036E+06   0.101036E+06   0.101037E+06  -0.126424E+00   0.100203E+06   0.994129E+05   0.155629E+02
   0.708968E-01   0.972300E+05   0.861988E+05   0.638537E+02   0.638195E+02   0.000000E+00   0.953915E+05   0.953915E+05   0.953924E+05  -0.119360E+00   0.945999E+05   0.938816E+05   0.133139E+02
   0.750672E-01   0.915188E+05   0.808120E+05   0.535613E+02   0.535326E+02   0.000000E+00   0.897343E+05   0.897343E+05   0.897351E+05  -0.112281E+00   0.890039E+05   0.882321E+05   0.135103E+02
   0.792376E-01   0.859380E+05   0.748646E+05   0.450184E+02   0.449943E+02   0.000000E+00   0.840924E+05   0.840924E+05   0.840931E+05  -0.105222E+00   0.834362E+05   0.825279E+05   0.150642E+02
   0.834080E-01   0.805559E+05   0.687352E+05   0.379332E+02   0.379129E+02   0.000000E+00   0.785858E+05   0.785858E+05   0.785863E+05  -0.983312E-01   0.780083E+05   0.769290E+05   0.170058E+02
   0.875784E-01   0.754670E+05   0.628340E+05   0.320866E+02   0.320695E+02   0.000000E+00   0.733615E+05   0.733615E+05   0.733619E+05  -0.917941E-01   0.728587E+05   0.716200E+05   0.185882E+02
   0.927733E-01   0.696838E+05   0.563479E+05   0.262653E+02   0.262514E+02   0.000000E+00   0.674612E+05   0.674612E+05   0.674615E+05  -0.844111E-01   0.670348E+05   0.656676E+05   0.193668E+02
   0.979682E-01   0.646729E+05   0.512793E+05   0.217877E+02   0.217761E+02   0.000000E+00   0.624406E+05   0.624406E+05   0.624410E+05  -0.781290E-01   0.620644E+05   0.606817E+05   0.185484E+02
   0.103163E+00   0.605234E+05   0.478081E+05   0.183795E+02   0.183697E+02   0.000000E+00   0.584042E+05   0.584042E+05   0.584044E+05  -0.730782E-01   0.580508E+05   0.567677E+05   0.163453E+02
   0.108358E+00   0.571763E+05   0.457445E+05   0.157764E+02   0.157680E+02   0.000000E+00   0.552710E+05   0.552710E+05   0.552712E+05  -0.691578E-01   0.549186E+05   0.538213E+05   0.133085E+02
   0.113553E+00   0.544412E+05   0.446179E+05   0.137394E+02   0.137321E+02   0.000000E+00   0.528039E+05   0.528039E+05   0.528042E+05  -0.660708E-01   0.524400E+05   0.515669E+05   0.101044E+02
   0.118748E+00   0.520857E+05   0.438648E+05   0.120805E+02   0.120740E+02   0.000000E+00   0.507156E+05   0.507156E+05   0.507157E+05  -0.634576E-01   0.503380E+05   0.496766E+05   0.731979E+01
   0.123943E+00   0.499067E+05   0.429949E+05   0.106699E+02   0.106642E+02   0.000000E+00   0.487547E+05   0.487547E+05   0.487549E+05  -0.610040E-01   0.483704E+05   0.478674E+05   0.533335E+01
   0.129137E+00   0.477538E+05   0.416815E+05   0.942730E+01   0.942226E+01   0.000000E+00   0.467417E+05   0.467417E+05   0.467419E+05  -0.584852E-01   0.463628E+05   0.459433E+05   0.426940E+01
   0.134332E+00   0.455441E+05   0.398036E+05   0.831023E+01   0.830578E+01   0.000000E+00   0.445874E+05   0.445874E+05   0.445875E+05  -0.557895E-01   0.442272E+05   0.438160E+05   0.402280E+01
   0.139527E+00   0.432723E+05   0.374443E+05   0.730411E+01   0.730021E+01   0.000000E+00   0.423010E+05   0.423010E+05   0.423011E+05  -0.529287E-01   0.419701E+05   0.415101E+05   0.433307E+01
   0.144722E+00   0.409947E+05   0.348329E+05   0.640935E+01   0.640593E+01   0.000000E+00   0.399677E+05   0.399677E+05   0.399678E+05  -0.500092E-01   0.396712E+05   0.391339E+05   0.487902E+01
   0.149917E+00   0.387971E+05   0.322566E+05   0.562992E+01   0.562692E+01   0.000000E+00   0.377070E+05   0.377070E+05   0.377071E+05  -0.471805E-01   0.374439E+05   0.368317E+05   0.536664E+01
   0.155112E+00   0.367693E+05   0.299808E+05   0.496688E+01   0.496423E+01   0.000000E+00   0.356379E+05   0.356379E+05   0.356380E+05  -0.445915E-01   0.354020E+05   0.347420E+05   0.559105E+01
   0.160307E+00   0.349829E+05   0.281874E+05   0.441524E+01   0.441289E+01   0.000000E+00   0.338503E+05   0.338503E+05   0.338504E+05  -0.423548E-01   0.336325E+05   0.329659E+05   0.546461E+01
   0.165502E+00   0.334663E+05   0.269336E+05   0.396239E+01   0.396028E+01   0.000000E+00   0.323775E+05   0.323775E+05   0.323776E+05  -0.405120E-01   0.321684E+05   0.315372E+05   0.501205E+01
   0.170696E+00   0.321953E+05   0.261478E+05   0.358959E+01   0.358767E+01   0.000000E+00   0.311874E+05   0.311874E+05   0.311875E+05  -0.390229E-01   0.309792E+05   0.304155E+05   0.433990E+01
   0.175891E+00   0.311103E+05   0.256712E+05   0.327635E+01   0.327461E+01   0.000000E+00   0.302038E+05   0.302038E+05   0.302038E+05  -0.377921E-01   0.299919E+05   0.295111E+05   0.359233E+01
   0.181086E+00   0.301402E+05   0.253153E+05   0.300449E+01   0.300289E+01   0.000000E+00   0.293361E+05   0.293361E+05   0.293361E+05  -0.367064E-01   0.291197E+05   0.287191E+05   0.290772E+01
   0.186281E+00   0.292170E+05   0.249081E+05   0.275984E+01   0.275837E+01   0.000000E+00   0.284989E+05   0.284989E+05   0.284989E+05  -0.356588E-01   0.282806E+05   0.279423E+05   0.238638E+01
   0.191476E+00   0.282855E+05   0.243275E+05   0.253288E+01   0.253153E+01   0.000000E+00   0.276258E+05   0.276258E+05   0.276259E+05  -0.345664E-01   0.274101E+05   0.271079E+05   0.207411E+01
   0.196671E+00   0.273162E+05   0.235252E+05   0.231900E+01   0.231776E+01   0.000000E+00   0.266844E+05   0.266844E+05   0.266844E+05  -0.333884E-01   0.264761E+05   0.261826E+05   0.196161E+01
   0.201866E+00   0.263112E+05   0.225299E+05   0.211779E+01   0.211665E+01   0.000000E+00   0.256810E+05   0.256810E+05   0.256810E+05  -0.321329E-01   0.254842E+05   0.251775E+05   0.199716E+01
   0.207060E+00   0.252952E+05   0.214252E+05   0.193112E+01   0.193009E+01   0.000000E+00   0.246502E+05   0.246502E+05   0.246502E+05  -0.308432E-01   0.244673E+05   0.241353E+05   0.210715E+01
   0.212255E+00   0.243025E+05   0.203169E+05   0.176133E+01   0.176040E+01   0.000000E+00   0.236382E+05   0.236382E+05   0.236382E+05  -0.295770E-01   0.234691E+05   0.231109E+05   0.221778E+01
   0.217450E+00   0.233674E+05   0.193043E+05   0.161014E+01   0.160928E+01   0.000000E+00   0.226902E+05   0.226902E+05   0.226903E+05  -0.283908E-01   0.225330E+05   0.221570E+05   0.227231E+01
   0.222645E+00   0.225174E+05   0.184591E+05   0.147800E+01   0.147721E+01   0.000000E+00   0.218410E+05   0.218410E+05   0.218410E+05  -0.273282E-01   0.216924E+05   0.213128E+05   0.224073E+01
   0.227840E+00   0.217650E+05   0.178097E+05   0.136383E+01   0.136311E+01   0.000000E+00   0.211057E+05   0.211057E+05   0.211058E+05  -0.264082E-01   0.209624E+05   0.205946E+05   0.212135E+01
   0.233035E+00   0.211056E+05   0.173396E+05   0.126520E+01   0.126452E+01   0.000000E+00   0.204779E+05   0.204779E+05   0.204779E+05  -0.256227E-01   0.203367E+05   0.199935E+05   0.193561E+01
   0.238230E+00   0.205221E+05   0.169995E+05   0.117896E+01   0.117833E+01   0.000000E+00   0.199350E+05   0.199350E+05   0.199350E+05  -0.249433E-01   0.197939E+05   0.194824E+05   0.171831E+01
   0.243425E+00   0.199907E+05   0.167240E+05   0.110195E+01   0.110136E+01   0.000000E+00   0.194463E+05   0.194463E+05   0.194463E+05  -0.243318E-01   0.193048E+05   0.190257E+05   0.150659E+01
   0.248619E+00   0.194850E+05   0.164475E+05   0.103135E+01   0.103079E+01   0.000000E+00   0.189787E+05   0.189787E+05   0.189788E+05  -0.237468E-01   0.188374E+05   0.185857E+05   0.133060E+01
   0.253814E+00   0.189814E+05   0.161182E+05   0.965025E+00   0.964510E+00   0.000000E+00   0.185042E+05   0.185042E+05   0.185042E+05  -0.231531E-01   0.183644E+05   0.181312E+05   0.120765E+01
   0.259009E+00   0.184665E+05   0.157112E+05   0.901860E+00   0.901378E+00   0.000000E+00   0.180073E+05   0.180073E+05   0.180073E+05  -0.225314E-01   0.178709E+05   0.176461E+05   0.114045E+01
   0.264204E+00   0.179401E+05   0.152312E+05   0.841679E+00   0.841230E+00   0.000000E+00   0.174886E+05   0.174886E+05   0.174886E+05  -0.218824E-01   0.173572E+05   0.171322E+05   0.111910E+01
   0.269399E+00   0.174105E+05   0.147046E+05   0.784851E+00   0.784432E+00   0.000000E+00   0.169595E+05   0.169595E+05   0.169595E+05  -0.212203E-01   0.168340E+05   0.166032E+05   0.112578E+01
   0.274594E+00   0.168886E+05   0.141672E+05   0.731864E+00   0.731473E+00   0.000000E+00   0.164351E+05   0.164351E+05   0.164351E+05  -0.205641E-01   0.163157E+05   0.160774E+05   0.114036E+01
   0.279789E+00   0.163862E+05   0.136548E+05   0.683138E+00   0.682773E+00   0.000000E+00   0.159310E+05   0.159310E+05   0.159310E+05  -0.199334E-01   0.158173E+05   0.155735E+05   0.114549E+01
   0.284984E+00   0.159145E+05   0.131975E+05   0.638949E+00   0.638608E+00   0.000000E+00   0.154616E+05   0.154616E+05   0.154616E+05  -0.193461E-01   0.153527E+05   0.151076E+05   0.113003E+01
   0.290178E+00   0.154813E+05   0.128123E+05   0.599299E+00   0.598979E+00   0.000000E+00   0.150365E+05   0.150365E+05   0.150365E+05  -0.188142E-01   0.149309E+05   0.146901E+05   0.109043E+01
   0.295373E+00   0.150877E+05   0.124993E+05   0.563818E+00   0.563517E+00   0.000000E+00   0.146563E+05   0.146563E+05   0.146563E+05  -0.183385E-01   0.145529E+05   0.143214E+05   0.103011E+01
   0.300568E+00   0.147278E+05   0.122436E+05   0.531855E+00   0.531572E+00   0.000000E+00   0.143138E+05   0.143138E+05   0.143138E+05  -0.179098E-01   0.142117E+05   0.139927E+05   0.957318E+00
   0.305763E+00   0.143925E+05   0.120224E+05   0.502685E+00   0.502417E+00   0.000000E+00   0.139975E+05   0.139975E+05   0.139975E+05  -0.175142E-01   0.138963E+05   0.136910E+05   0.882236E+00
   0.310958E+00   0.140731E+05   0.118123E+05   0.475664E+00   0.475410E+00   0.000000E+00   0.136963E+05   0.136963E+05   0.136963E+05  -0.171373E-01   0.135960E+05   0.134033E+05   0.814222E+00
   0.316153E+00   0.137616E+05   0.115935E+05   0.450275E+00   0.450035E+00   0.000000E+00   0.134002E+05   0.134002E+05   0.134002E+05  -0.167668E-01   0.133011E+05   0.131184E+05   0.759735E+00
   0.321348E+00   0.134515E+05   0.113533E+05   0.426154E+00   0.425926E+00   0.000000E+00   0.131018E+05   0.131018E+05   0.131018E+05  -0.163934E-01   0.130045E+05   0.128282E+05   0.721349E+00
   0.326543E+00   0.131398E+05   0.110879E+05   0.403118E+00   0.402903E+00   0.000000E+00   0.127979E+05   0.127979E+05   0.127979E+05  -0.160131E-01   0.127030E+05   0.125296E+05   0.697845E+00
   0.331737E+00   0.128278E+05   0.108031E+05   0.381171E+00   0.380968E+00   0.000000E+00   0.124903E+05   0.124903E+05   0.124904E+05  -0.156283E-01   0.123984E+05   0.122254E+05   0.685154E+00
   0.336932E+00   0.125196E+05   0.105110E+05   0.360422E+00   0.360230E+00   0.000000E+00   0.121848E+05   0.121848E+05   0.121848E+05  -0.152461E-01   0.120959E+05   0.119221E+05   0.677797E+00
   0.342127E+00   0.122201E+05   0.102253E+05   0.340988E+00   0.340806E+00   0.000000E+00   0.118876E+05   0.118876E+05   0.118876E+05  -0.148742E-01   0.118016E+05   0.116271E+05   0.670394E+00
   0.347322E+00   0.119332E+05   0.995746E+04   0.322932E+00   0.322760E+00   0.000000E+00   0.116039E+05   0.116039E+05   0.116039E+05  -0.145192E-01   0.115206E+05   0.113464E+05   0.658873E+00
   0.352517E+00   0.116615E+05   0.971497E+04   0.306258E+00   0.306095E+00   0.000000E+00   0.113370E+05   0.113370E+05   0.113370E+05  -0.141853E-01   0.112559E+05   0.110839E+05   0.641154E+00
   0.357712E+00   0.114062E+05   0.950044E+04   0.290910E+00   0.290755E+00   0.000000E+00   0.110886E+05   0.110886E+05   0.110886E+05  -0.138744E-01   0.110092E+05   0.108412E+05   0.617238E+00
   0.362907E+00   0.111668E+05   0.931144E+04   0.276770E+00   0.276623E+00   0.000000E+00   0.108576E+05   0.108576E+05   0.108576E+05  -0.135854E-01   0.107796E+05   0.106170E+05   0.588807E+00
   0.368102E+00   0.109409E+05   0.914131E+04   0.263669E+00   0.263528E+00   0.000000E+00   0.106410E+05   0.106410E+05   0.106410E+05  -0.133143E-01   0.105640E+05   0.104076E+05   0.558518E+00
   0.373296E+00   0.107247E+05   0.898143E+04   0.251423E+00   0.251289E+00   0.000000E+00   0.104342E+05   0.104342E+05   0.104342E+05  -0.130556E-01   0.103583E+05   0.102079E+05   0.529201E+00
   0.378491E+00   0.105151E+05   0.882385E+04   0.239878E+00   0.239750E+00   0.000000E+00   0.102332E+05   0.102332E+05   0.102332E+05  -0.128041E-01   0.101584E+05   0.100134E+05   0.503162E+00
   0.383686E+00   0.103095E+05   0.866292E+04   0.228918E+00   0.228796E+00   0.000000E+00   0.100351E+05   0.100351E+05   0.100351E+05  -0.125562E-01   0.996146E+04   0.982081E+04   0.481740E+00
   0.388881E+00   0.101065E+05   0.849582E+04   0.218469E+00   0.218353E+00   0.000000E+00   0.983805E+04   0.983805E+04   0.983805E+04  -0.123097E-01   0.976581E+04   0.962817E+04   0.465155E+00
   0.394076E+00   0.990540E+04   0.832266E+04   0.208494E+00   0.208382E+00   0.000000E+00   0.964161E+04   0.964161E+04   0.964161E+04  -0.120639E-01   0.957094E+04   0.943521E+04   0.452653E+00
   0.399271E+00   0.970692E+04   0.814632E+04   0.198990E+00   0.198884E+00   0.000000E+00   0.944682E+04   0.944682E+04   0.944682E+04  -0.118202E-01   0.937782E+04   0.924328E+04   0.442848E+00
   0.404466E+00   0.951270E+04   0.797138E+04   0.189979E+00   0.189877E+00   0.000000E+00   0.925582E+04   0.925582E+04   0.925582E+04  -0.115812E-01   0.918849E+04   0.905488E+04   0.434141E+00
   0.409661E+00   0.932439E+04   0.780241E+04   0.181478E+00   0.181381E+00   0.000000E+00   0.907073E+04   0.907073E+04   0.907073E+04  -0.113496E-01   0.900500E+04   0.887248E+04   0.425119E+00
   0.414855E+00   0.914300E+04   0.764267E+04   0.173486E+00   0.173393E+00   0.000000E+00   0.889294E+04   0.889294E+04   0.889295E+04  -0.111271E-01   0.882867E+04   0.869771E+04   0.414834E+00
   0.420050E+00   0.896902E+04   0.749380E+04   0.165988E+00   0.165900E+00   0.000000E+00   0.872315E+04   0.872315E+04   0.872315E+04  -0.109147E-01   0.866015E+04   0.853137E+04   0.402927E+00
   0.425245E+00   0.880264E+04   0.735597E+04   0.158959E+00   0.158874E+00   0.000000E+00   0.856153E+04   0.856153E+04   0.856153E+04  -0.107125E-01   0.849964E+04   0.837358E+04   0.389595E+00
   0.430440E+00   0.864348E+04   0.722782E+04   0.152360E+00   0.152278E+00   0.000000E+00   0.840754E+04   0.840754E+04   0.840754E+04  -0.105198E-01   0.834664E+04   0.822367E+04   0.375442E+00
   0.435635E+00   0.849045E+04   0.710669E+04   0.146140E+00   0.146062E+00   0.000000E+00   0.825982E+04   0.825982E+04   0.825982E+04  -0.103349E-01   0.819983E+04   0.808007E+04   0.361264E+00
   0.440830E+00   0.834210E+04   0.698945E+04   0.140248E+00   0.140174E+00   0.000000E+00   0.811666E+04   0.811666E+04   0.811666E+04  -0.101558E-01   0.805755E+04   0.794088E+04   0.347821E+00
   0.446025E+00   0.819735E+04   0.687361E+04   0.134643E+00   0.134571E+00   0.000000E+00   0.797673E+04   0.797673E+04   0.797673E+04  -0.998074E-02   0.791852E+04   0.780459E+04   0.335671E+00
   0.451219E+00   0.805556E+04   0.675769E+04   0.129295E+00   0.129226E+00   0.000000E+00   0.783925E+04   0.783925E+04   0.783925E+04  -0.980872E-02   0.778198E+04   0.767037E+04   0.325071E+00
   0.456414E+00   0.791635E+04   0.664116E+04   0.124185E+00   0.124118E+00   0.000000E+00   0.770382E+04   0.770382E+04   0.770382E+04  -0.963926E-02   0.764755E+04   0.753781E+04   0.315975E+00
   0.461609E+00   0.777950E+04   0.652424E+04   0.119299E+00   0.119236E+00   0.000000E+00   0.757029E+04   0.757029E+04   0.757030E+04  -0.947219E-02   0.751506E+04   0.740684E+04   0.308088E+00
   0.466804E+00   0.764520E+04   0.640799E+04   0.114633E+00   0.114572E+00   0.000000E+00   0.743900E+04   0.743900E+04   0.743900E+04  -0.930791E-02   0.738481E+04   0.727790E+04   0.300972E+00
   0.471999E+00   0.751401E+04   0.629398E+04   0.110186E+00   0.110128E+00   0.000000E+00   0.731067E+04   0.731067E+04   0.731067E+04  -0.914734E-02   0.725751E+04   0.715185E+04   0.294174E+00
   0.477194E+00   0.738652E+04   0.618373E+04   0.105961E+00   0.105904E+00   0.000000E+00   0.718606E+04   0.718606E+04   0.718606E+04  -0.899142E-02   0.713387E+04   0.702955E+04   0.287320E+00
   0.482389E+00   0.726302E+04   0.607814E+04   0.101950E+00   0.101896E+00   0.000000E+00   0.706554E+04   0.706554E+04   0.706554E+04  -0.884062E-02   0.701427E+04   0.691143E+04   0.280189E+00
   0.487584E+00   0.714344E+04   0.597745E+04   0.981450E-01   0.980926E-01   0.000000E+00   0.694911E+04   0.694911E+04   0.694911E+04  -0.869494E-02   0.689869E+04   0.679751E+04   0.272725E+00
   0.492778E+00   0.702766E+04   0.588138E+04   0.945319E-01   0.944815E-01   0.000000E+00   0.683662E+04   0.683662E+04   0.683662E+04  -0.855419E-02   0.678699E+04   0.668762E+04   0.265019E+00
   0.497973E+00   0.691552E+04   0.578941E+04   0.910983E-01   0.910497E-01   0.000000E+00   0.672783E+04   0.672783E+04   0.672783E+04  -0.841808E-02   0.667895E+04   0.658146E+04   0.257263E+00
   0.503168E+00   0.680670E+04   0.570066E+04   0.878296E-01   0.877828E-01   0.000000E+00   0.662236E+04   0.662236E+04   0.662236E+04  -0.828610E-02   0.657418E+04   0.647858E+04   0.249681E+00
   0.508363E+00   0.670068E+04   0.561409E+04   0.847097E-01   0.846645E-01   0.000000E+00   0.651958E+04   0.651958E+04   0.651958E+04  -0.815750E-02   0.647210E+04   0.637830E+04   0.242471E+00
   0.513558E+00   0.659696E+04   0.552880E+04   0.817242E-01   0.816806E-01   0.000000E+00   0.641893E+04   0.641893E+04   0.641894E+04  -0.803157E-02   0.637215E+04   0.628002E+04   0.235767E+00
   0.518753E+00   0.649531E+04   0.544434E+04   0.788633E-01   0.788212E-01   0.000000E+00   0.632015E+04   0.632015E+04   0.632015E+04  -0.790797E-02   0.627407E+04   0.618344E+04   0.229612E+00
   0.523948E+00   0.639569E+04   0.536071E+04   0.761211E-01   0.760805E-01   0.000000E+00   0.622319E+04   0.622319E+04   0.622320E+04  -0.778666E-02   0.617783E+04   0.608854E+04   0.223968E+00
   0.529143E+00   0.629812E+04   0.527809E+04   0.734930E-01   0.734538E-01   0.000000E+00   0.612812E+04   0.612812E+04   0.612812E+04  -0.766769E-02   0.608347E+04   0.599540E+04   0.218735E+00
   0.534337E+00   0.620257E+04   0.519678E+04   0.709744E-01   0.709365E-01   0.000000E+00   0.603493E+04   0.603493E+04   0.603494E+04  -0.755110E-02   0.599100E+04   0.590408E+04   0.213780E+00
   0.539532E+00   0.610909E+04   0.511717E+04   0.685619E-01   0.685254E-01   0.000000E+00   0.594377E+04   0.594377E+04   0.594377E+04  -0.743703E-02   0.590053E+04   0.581473E+04   0.208975E+00
   0.544727E+00   0.601789E+04   0.503973E+04   0.662539E-01   0.662186E-01   0.000000E+00   0.585487E+04   0.585487E+04   0.585487E+04  -0.732579E-02   0.581229E+04   0.572764E+04   0.204222E+00
   0.549922E+00   0.592910E+04   0.496479E+04   0.640476E-01   0.640134E-01   0.000000E+00   0.576838E+04   0.576838E+04   0.576838E+04  -0.721758E-02   0.572644E+04   0.564298E+04   0.199464E+00
   0.555117E+00   0.584264E+04   0.489232E+04   0.619378E-01   0.619048E-01   0.000000E+00   0.568426E+04   0.568426E+04   0.568426E+04  -0.711232E-02   0.564293E+04   0.556069E+04   0.194694E+00
   0.560312E+00   0.575836E+04   0.482211E+04   0.599185E-01   0.598866E-01   0.000000E+00   0.560232E+04   0.560232E+04   0.560232E+04  -0.700979E-02   0.556158E+04   0.548059E+04   0.189943E+00
   0.565507E+00   0.567613E+04   0.475391E+04   0.579843E-01   0.579533E-01   0.000000E+00   0.552243E+04   0.552243E+04   0.552243E+04  -0.690983E-02   0.548225E+04   0.540253E+04   0.185264E+00
   0.615622E+00   0.496806E+04   0.416127E+04   0.428252E-01   0.428024E-01   0.000000E+00   0.483360E+04   0.483360E+04   0.483360E+04  -0.604795E-02   0.479842E+04   0.472869E+04   0.148861E+00
   0.751923E+00   0.361592E+04   0.302931E+04   0.208945E-01   0.208833E-01   0.000000E+00   0.351815E+04   0.351815E+04   0.351815E+04  -0.440202E-02   0.349253E+04   0.344188E+04   0.885109E-01
   0.918401E+00   0.261871E+04   0.219402E+04   0.101435E-01   0.101381E-01   0.000000E+00   0.254793E+04   0.254793E+04   0.254793E+04  -0.318805E-02   0.252937E+04   0.249272E+04   0.524347E-01
   0.112174E+01   0.188806E+04   0.158192E+04   0.490234E-02   0.489972E-02   0.000000E+00   0.183703E+04   0.183703E+04   0.183704E+04  -0.229855E-02   0.182364E+04   0.179724E+04   0.309335E-01
   0.137009E+01   0.135572E+04   0.113594E+04   0.235964E-02   0.235838E-02   0.000000E+00   0.131909E+04   0.131909E+04   0.131909E+04  -0.165049E-02   0.130947E+04   0.129052E+04   0.181774E-01
   0.167343E+01   0.969871E+03   0.812662E+03   0.113155E-02   0.113095E-02   0.000000E+00   0.943669E+03   0.943669E+03   0.943669E+03  -0.118075E-02   0.936788E+03   0.923235E+03   0.106434E-01
   0.204394E+01   0.691480E+03   0.579409E+03   0.540785E-03   0.540496E-03   0.000000E+00   0.672802E+03   0.672802E+03   0.672802E+03  -0.841830E-03   0.667895E+03   0.658234E+03   0.621178E-02
   0.249647E+01   0.491468E+03   0.411820E+03   0.257646E-03   0.257508E-03   0.000000E+00   0.478193E+03   0.478193E+03   0.478193E+03  -0.598330E-03   0.474705E+03   0.467839E+03   0.361469E-02
   0.304920E+01   0.348314E+03   0.291870E+03   0.122400E-03   0.122335E-03   0.000000E+00   0.338907E+03   0.338907E+03   0.338907E+03  -0.424050E-03   0.336434E+03   0.331567E+03   0.209787E-02
   0.372430E+01   0.246211E+03   0.206314E+03   0.579966E-04   0.579656E-04   0.000000E+00   0.239562E+03   0.239562E+03   0.239562E+03  -0.299747E-03   0.237814E+03   0.234371E+03   0.121471E-02
   0.454887E+01   0.173618E+03   0.145484E+03   0.274139E-04   0.273993E-04   0.000000E+00   0.168929E+03   0.168929E+03   0.168929E+03  -0.211369E-03   0.167696E+03   0.165267E+03   0.701927E-03
   0.555600E+01   0.122156E+03   0.102360E+03   0.129292E-04   0.129223E-04   0.000000E+00   0.118856E+03   0.118856E+03   0.118856E+03  -0.148717E-03   0.117989E+03   0.116277E+03   0.404946E-03
   0.678612E+01   0.857697E+02   0.718686E+02   0.608513E-05   0.608188E-05   0.000000E+00   0.834529E+02   0.834529E+02   0.834529E+02  -0.104419E-03   0.828443E+02   0.816394E+02   0.233331E-03
   0.828858E+01   0.601071E+02   0.503632E+02   0.285851E-05   0.285698E-05   0.000000E+00   0.584831E+02   0.584831E+02   0.584831E+02  -0.731759E-04   0.580568E+02   0.572094E+02   0.134358E-03
   0.101237E+02   0.420481E+02   0.352293E+02   0.134040E-05   0.133968E-05   0.000000E+00   0.409116E+02   0.409116E+02   0.409116E+02  -0.511899E-04   0.406136E+02   0.400176E+02   0.773713E-04
   0.123651E+02   0.293663E+02   0.246014E+02   0.627487E-06   0.627153E-06   0.000000E+00   0.285721E+02   0.285721E+02   0.285721E+02  -0.357503E-04   0.283642E+02   0.279446E+02   0.446018E-04
   0.151028E+02   0.204778E+02   0.171523E+02   0.293292E-06   0.293136E-06   0.000000E+00   0.199235E+02   0.199235E+02   0.199235E+02  -0.249289E-04   0.197788E+02   0.194826E+02   0.257734E-04
   0.184466E+02   0.142590E+02   0.119405E+02   0.136886E-06   0.136813E-06   0.000000E+00   0.138726E+02   0.138726E+02   0.138726E+02  -0.173578E-04   0.137721E+02   0.135621E+02   0.149575E-04
   0.225307E+02   0.991545E+01   0.830003E+01   0.637992E-07   0.637652E-07   0.000000E+00   0.964621E+01   0.964621E+01   0.964621E+01  -0.120696E-04   0.957655E+01   0.942670E+01   0.874053E-05
   0.275191E+02   0.688627E+01   0.576109E+01   0.296960E-07   0.296802E-07   0.000000E+00   0.669874E+01   0.669874E+01   0.669874E+01  -0.838166E-05   0.665063E+01   0.654256E+01   0.516078E-05
   0.336118E+02   0.477679E+01   0.399290E+01   0.138047E-07   0.137974E-07   0.000000E+00   0.464614E+01   0.464614E+01   0.464614E+01  -0.581339E-05   0.461305E+01   0.453395E+01   0.309262E-05
   0.410536E+02   0.330976E+01   0.276310E+01   0.640931E-08   0.640590E-08   0.000000E+00   0.321865E+01   0.321865E+01   0.321865E+01  -0.402727E-05   0.319601E+01   0.313693E+01   0.189106E-05
   0.501430E+02   0.229080E+01   0.190881E+01   0.297199E-08   0.297041E-08   0.000000E+00   0.222713E+01   0.222713E+01   0.222713E+01  -0.278666E-05   0.221176E+01   0.216647E+01   0.118690E-05
   0.612448E+02   0.158390E+01   0.131605E+01   0.137631E-08   0.137559E-08   0.000000E+00   0.153926E+01   0.153926E+01   0.153926E+01  -0.192596E-05   0.152893E+01   0.149310E+01   0.768903E-06
   0.748045E+02   0.109403E+01   0.905185E+00   0.636469E-09   0.636133E-09   0.000000E+00   0.106255E+01   0.106255E+01   0.106255E+01  -0.132950E-05   0.105574E+01   0.102635E+01   0.516225E-06
   0.913665E+02   0.754907E+00   0.620677E+00   0.293865E-09   0.293711E-09   0.000000E+00   0.732536E+00   0.732536E+00   0.732536E+00  -0.916571E-06   0.728155E+00   0.703149E+00   0.359676E-06
   0.111595E+03   0.520376E+00   0.423849E+00   0.135426E-09   0.135356E-09   0.000000E+00   0.504288E+00   0.504288E+00   0.504288E+00  -0.630981E-06   0.501596E+00   0.479555E+00   0.259562E-06
