#          k/h    CDM            baryon         photon         nu             mass_nu        total          no_nu          total_de       Weyl           v_CDM          v_b            v_b-v_c     
   0.102819E-04   0.845088E+07   0.845088E+07   0.112655E+08   0.112654E+08   0.000000E+00   0.845088E+07   0.845088E+07   0.845998E+07  -0.589578E+00   0.801214E+07   0.801214E+07   0.992928E+01
   0.113644E-04   0.845088E+07   0.845088E+07   0.112650E+08   0.112649E+08   0.000000E+00   0.845088E+07   0.845088E+07   0.845998E+07  -0.589578E+00   0.801214E+07   0.801214E+07   0.109744E+02
   0.125608E-04   0.845088E+07   0.845088E+07   0.112643E+08   0.112642E+08   0.000000E+00   0.845088E+07   0.845088E+07   0.845998E+07  -0.589578E+00   0.801214E+07   0.801214E+07   0.121295E+02
   0.138832E-04   0.845088E+07   0.845087E+07   0.112636E+08   0.112634E+08   0.000000E+00   0.845088E+07   0.845088E+07   0.845997E+07  -0.589577E+00   0.801214E+07   0.801214E+07   0.134061E+02
   0.153447E-04   0.845087E+07   0.845087E+07   0.112626E+08   0.112624E+08   0.000000E+00   0.845087E+07   0.845087E+07   0.845997E+07  -0.589577E+00   0.801213E+07   0.801213E+07   0.148169E+02
   0.169602E-04   0.845087E+07   0.845086E+07   0.112615E+08   0.112612E+08   0.000000E+00   0.845087E+07   0.845087E+07   0.845996E+07  -0.589577E+00   0.801213E+07   0.801213E+07   0.163762E+02
   0.187457E-04   0.845086E+07   0.845086E+07   0.112600E+08   0.112597E+08   0.000000E+00   0.845086E+07   0.845086E+07   0.845996E+07  -0.589576E+00   0.801212E+07   0.801212E+07   0.180993E+02
   0.207192E-04   0.845085E+07   0.845085E+07   0.112583E+08   0.112579E+08   0.000000E+00   0.845085E+07   0.845085E+07   0.845995E+07  -0.589576E+00   0.801212E+07   0.801212E+07   0.200035E+02
   0.229004E-04   0.845084E+07   0.845084E+07   0.112562E+08   0.112557E+08   0.000000E+00   0.845084E+07   0.845084E+07   0.845994E+07  -0.589575E+00   0.801211E+07   0.801211E+07   0.221078E+02
   0.253113E-04   0.845084E+07   0.845083E+07   0.112536E+08   0.112530E+08   0.000000E+00   0.845084E+07   0.845084E+07   0.845992E+07  -0.589574E+00   0.801210E+07   0.801210E+07   0.244330E+02
   0.279760E-04   0.845082E+07   0.845082E+07   0.112504E+08   0.112498E+08   0.000000E+00   0.845082E+07   0.845082E+07   0.845991E+07  -0.589573E+00   0.801209E+07   0.801209E+07   0.270023E+02
   0.309213E-04   0.845081E+07   0.845080E+07   0.112466E+08   0.112457E+08   0.000000E+00   0.845081E+07   0.845081E+07   0.845989E+07  -0.589571E+00   0.801207E+07   0.801207E+07   0.298410E+02
   0.341766E-04   0.845079E+07   0.845078E+07   0.112419E+08   0.112409E+08   0.000000E+00   0.845079E+07   0.845079E+07   0.845987E+07  -0.589570E+00   0.801206E+07   0.801205E+07   0.329771E+02
   0.377746E-04   0.845077E+07   0.845076E+07   0.112361E+08   0.112349E+08   0.000000E+00   0.845076E+07   0.845076E+07   0.845984E+07  -0.589568E+00   0.801204E+07   0.801203E+07   0.364415E+02
   0.417514E-04   0.845074E+07   0.845073E+07   0.112291E+08   0.112276E+08   0.000000E+00   0.845074E+07   0.845074E+07   0.845980E+07  -0.589565E+00   0.801201E+07   0.801200E+07   0.402680E+02
   0.461468E-04   0.845070E+07   0.845070E+07   0.112206E+08   0.112187E+08   0.000000E+00   0.845070E+07   0.845070E+07   0.845976E+07  -0.589562E+00   0.801198E+07   0.801197E+07   0.444939E+02
   0.510050E-04   0.845066E+07   0.845065E+07   0.112101E+08   0.112078E+08   0.000000E+00   0.845066E+07   0.845066E+07   0.845971E+07  -0.589559E+00   0.801194E+07   0.801193E+07   0.491601E+02
   0.563747E-04   0.845061E+07   0.845060E+07   0.111973E+08   0.111945E+08   0.000000E+00   0.845061E+07   0.845061E+07   0.845965E+07  -0.589554E+00   0.801189E+07   0.801188E+07   0.543111E+02
   0.623096E-04   0.845055E+07   0.845054E+07   0.111818E+08   0.111783E+08   0.000000E+00   0.845055E+07   0.845055E+07   0.845958E+07  -0.589548E+00   0.801183E+07   0.801182E+07   0.599960E+02
   0.688694E-04   0.845047E+07   0.845046E+07   0.111628E+08   0.111586E+08   0.000000E+00   0.845047E+07   0.845047E+07   0.845948E+07  -0.589542E+00   0.801176E+07   0.801175E+07   0.662679E+02
   0.761198E-04   0.845038E+07   0.845036E+07   0.111396E+08   0.111345E+08   0.000000E+00   0.845038E+07   0.845038E+07   0.845937E+07  -0.589533E+00   0.801167E+07   0.801166E+07   0.731845E+02
   0.841334E-04   0.845026E+07   0.845025E+07   0.111114E+08   0.111051E+08   0.000000E+00   0.845026E+07   0.845026E+07   0.845923E+07  -0.589523E+00   0.801157E+07   0.801154E+07   0.808085E+02
   0.929907E-04   0.845013E+07   0.845010E+07   0.110770E+08   0.110694E+08   0.000000E+00   0.845012E+07   0.845012E+07   0.845907E+07  -0.589511E+00   0.801144E+07   0.801141E+07   0.892069E+02
   0.102781E-03   0.844996E+07   0.844993E+07   0.110351E+08   0.110258E+08   0.000000E+00   0.844995E+07   0.844995E+07   0.845886E+07  -0.589496E+00   0.801128E+07   0.801124E+07   0.984517E+02
   0.113601E-03   0.844975E+07   0.844972E+07   0.109841E+08   0.109729E+08   0.000000E+00   0.844974E+07   0.844974E+07   0.845861E+07  -0.589478E+00   0.801108E+07   0.801104E+07   0.108619E+03
   0.125560E-03   0.844950E+07   0.844945E+07   0.109221E+08   0.109085E+08   0.000000E+00   0.844949E+07   0.844949E+07   0.845831E+07  -0.589455E+00   0.801084E+07   0.801080E+07   0.119788E+03
   0.138779E-03   0.844919E+07   0.844914E+07   0.108469E+08   0.108303E+08   0.000000E+00   0.844918E+07   0.844918E+07   0.845794E+07  -0.589428E+00   0.801056E+07   0.801050E+07   0.132040E+03
   0.153389E-03   0.844882E+07   0.844875E+07   0.107557E+08   0.107355E+08   0.000000E+00   0.844880E+07   0.844880E+07   0.845748E+07  -0.589395E+00   0.801020E+07   0.801013E+07   0.145459E+03
   0.169538E-03   0.844836E+07   0.844828E+07   0.106452E+08   0.106208E+08   0.000000E+00   0.844834E+07   0.844834E+07   0.845693E+07  -0.589355E+00   0.800977E+07   0.800969E+07   0.160124E+03
   0.187386E-03   0.844780E+07   0.844770E+07   0.105118E+08   0.104822E+08   0.000000E+00   0.844778E+07   0.844778E+07   0.845626E+07  -0.589305E+00   0.800925E+07   0.800914E+07   0.176110E+03
   0.207114E-03   0.844712E+07   0.844700E+07   0.103509E+08   0.103152E+08   0.000000E+00   0.844710E+07   0.844710E+07   0.845545E+07  -0.589245E+00   0.800861E+07   0.800848E+07   0.193483E+03
   0.228918E-03   0.844629E+07   0.844614E+07   0.101577E+08   0.101147E+08   0.000000E+00   0.844626E+07   0.844626E+07   0.845445E+07  -0.589172E+00   0.800782E+07   0.800767E+07   0.212288E+03
   0.253018E-03   0.844528E+07   0.844510E+07   0.992628E+07   0.987466E+07   0.000000E+00   0.844525E+07   0.844525E+07   0.845325E+07  -0.589084E+00   0.800687E+07   0.800669E+07   0.232545E+03
   0.279655E-03   0.844405E+07   0.844383E+07   0.965055E+07   0.958880E+07   0.000000E+00   0.844401E+07   0.844401E+07   0.845178E+07  -0.588976E+00   0.800571E+07   0.800550E+07   0.254236E+03
   0.309096E-03   0.844255E+07   0.844229E+07   0.932379E+07   0.925027E+07   0.000000E+00   0.844251E+07   0.844251E+07   0.845001E+07  -0.588846E+00   0.800430E+07   0.800404E+07   0.277288E+03
   0.341636E-03   0.844074E+07   0.844042E+07   0.893922E+07   0.885219E+07   0.000000E+00   0.844068E+07   0.844068E+07   0.844787E+07  -0.588689E+00   0.800259E+07   0.800227E+07   0.301555E+03
   0.377603E-03   0.843853E+07   0.843816E+07   0.849043E+07   0.838814E+07   0.000000E+00   0.843847E+07   0.843847E+07   0.844529E+07  -0.588499E+00   0.800051E+07   0.800013E+07   0.326795E+03
   0.417356E-03   0.843586E+07   0.843541E+07   0.797218E+07   0.785298E+07   0.000000E+00   0.843579E+07   0.843579E+07   0.844219E+07  -0.588270E+00   0.799799E+07   0.799753E+07   0.352643E+03
   0.461294E-03   0.843263E+07   0.843210E+07   0.738145E+07   0.724401E+07   0.000000E+00   0.843254E+07   0.843254E+07   0.843846E+07  -0.587996E+00   0.799493E+07   0.799439E+07   0.378584E+03
   0.509857E-03   0.842874E+07   0.842810E+07   0.671891E+07   0.656249E+07   0.000000E+00   0.842863E+07   0.842863E+07   0.843400E+07  -0.587668E+00   0.799124E+07   0.799060E+07   0.403925E+03
   0.563534E-03   0.842404E+07   0.842328E+07   0.599068E+07   0.581549E+07   0.000000E+00   0.842392E+07   0.842392E+07   0.842870E+07  -0.587278E+00   0.798679E+07   0.798604E+07   0.427773E+03
   0.622861E-03   0.841841E+07   0.841752E+07   0.521030E+07   0.501791E+07   0.000000E+00   0.841826E+07   0.841826E+07   0.842240E+07  -0.586815E+00   0.798143E+07   0.798057E+07   0.449029E+03
   0.688433E-03   0.841167E+07   0.841063E+07   0.440037E+07   0.419416E+07   0.000000E+00   0.841150E+07   0.841150E+07   0.841498E+07  -0.586269E+00   0.797501E+07   0.797402E+07   0.466412E+03
   0.760910E-03   0.840363E+07   0.840243E+07   0.359341E+07   0.337887E+07   0.000000E+00   0.840343E+07   0.840343E+07   0.840626E+07  -0.585629E+00   0.796735E+07   0.796622E+07   0.478519E+03
   0.841016E-03   0.839409E+07   0.839271E+07   0.283052E+07   0.261536E+07   0.000000E+00   0.839386E+07   0.839386E+07   0.839608E+07  -0.584883E+00   0.795823E+07   0.795697E+07   0.483953E+03
   0.929556E-03   0.838282E+07   0.838126E+07   0.215695E+07   0.195065E+07   0.000000E+00   0.838256E+07   0.838256E+07   0.838424E+07  -0.584019E+00   0.794743E+07   0.794605E+07   0.481510E+03
   0.102742E-02   0.836957E+07   0.836784E+07   0.161333E+07   0.142606E+07   0.000000E+00   0.836928E+07   0.836928E+07   0.837052E+07  -0.583023E+00   0.793473E+07   0.793323E+07   0.470433E+03
   0.113558E-02   0.835408E+07   0.835218E+07   0.122324E+07   0.106406E+07   0.000000E+00   0.835376E+07   0.835376E+07   0.835470E+07  -0.581881E+00   0.791986E+07   0.791828E+07   0.450691E+03
   0.125513E-02   0.833605E+07   0.833401E+07   0.980503E+06   0.855108E+06   0.000000E+00   0.833571E+07   0.833571E+07   0.833646E+07  -0.580574E+00   0.790257E+07   0.790092E+07   0.423196E+03
   0.138727E-02   0.831519E+07   0.831304E+07   0.843503E+06   0.752533E+06   0.000000E+00   0.831483E+07   0.831483E+07   0.831548E+07  -0.579084E+00   0.788257E+07   0.788090E+07   0.389835E+03
   0.153331E-02   0.829116E+07   0.828893E+07   0.746182E+06   0.685148E+06   0.000000E+00   0.829079E+07   0.829079E+07   0.829137E+07  -0.577384E+00   0.785957E+07   0.785790E+07   0.353228E+03
   0.169474E-02   0.826360E+07   0.826132E+07   0.629655E+06   0.591192E+06   0.000000E+00   0.826322E+07   0.826322E+07   0.826371E+07  -0.575445E+00   0.783324E+07   0.783159E+07   0.316175E+03
   0.187315E-02   0.823209E+07   0.822979E+07   0.480901E+06   0.458178E+06   0.000000E+00   0.823171E+07   0.823171E+07   0.823209E+07  -0.573234E+00   0.780322E+07   0.780159E+07   0.281018E+03
   0.207035E-02   0.819621E+07   0.819388E+07   0.343024E+06   0.331275E+06   0.000000E+00   0.819582E+07   0.819582E+07   0.819609E+07  -0.570719E+00   0.776907E+07   0.776747E+07   0.249262E+03
   0.228831E-02   0.815546E+07   0.815309E+07   0.267488E+06   0.261935E+06   0.000000E+00   0.815507E+07   0.815507E+07   0.815528E+07  -0.567868E+00   0.773033E+07   0.772876E+07   0.221685E+03
   0.252922E-02   0.810935E+07   0.810689E+07   0.243670E+06   0.218290E+06   0.000000E+00   0.810894E+07   0.810894E+07   0.810913E+07  -0.564646E+00   0.768651E+07   0.768496E+07   0.198613E+03
   0.279549E-02   0.805734E+07   0.805474E+07   0.209162E+06   0.177552E+06   0.000000E+00   0.805691E+07   0.805691E+07   0.805707E+07  -0.561015E+00   0.763710E+07   0.763555E+07   0.179733E+03
   0.308979E-02   0.799887E+07   0.799608E+07   0.154030E+06   0.144293E+06   0.000000E+00   0.799841E+07   0.799841E+07   0.799853E+07  -0.556936E+00   0.758158E+07   0.758002E+07   0.163659E+03
   0.341507E-02   0.793336E+07   0.793034E+07   0.127479E+06   0.117152E+06   0.000000E+00   0.793286E+07   0.793286E+07   0.793296E+07  -0.552366E+00   0.751940E+07   0.751783E+07   0.148601E+03
   0.377460E-02   0.786021E+07   0.785693E+07   0.110825E+06   0.950160E+05   0.000000E+00   0.785966E+07   0.785966E+07   0.785975E+07  -0.547266E+00   0.744997E+07   0.744841E+07   0.133918E+03
   0.417198E-02   0.777880E+07   0.777523E+07   0.790677E+05   0.769742E+05   0.000000E+00   0.777820E+07   0.777820E+07   0.777827E+07  -0.541590E+00   0.737272E+07   0.737116E+07   0.120131E+03
   0.461119E-02   0.768849E+07   0.768457E+07   0.724931E+05   0.622786E+05   0.000000E+00   0.768784E+07   0.768784E+07   0.768790E+07  -0.535296E+00   0.728703E+07   0.728549E+07   0.107862E+03
   0.509664E-02   0.758866E+07   0.758429E+07   0.551369E+05   0.503182E+05   0.000000E+00   0.758793E+07   0.758793E+07   0.758797E+07  -0.528337E+00   0.719230E+07   0.719077E+07   0.973788E+02
   0.563320E-02   0.747865E+07   0.747373E+07   0.449298E+05   0.405922E+05   0.000000E+00   0.747783E+07   0.747783E+07   0.747786E+07  -0.520669E+00   0.708792E+07   0.708639E+07   0.879747E+02
   0.622625E-02   0.735781E+07   0.735225E+07   0.330545E+05   0.326908E+05   0.000000E+00   0.735688E+07   0.735688E+07   0.735691E+07  -0.512246E+00   0.697327E+07   0.697174E+07   0.792169E+02
   0.688173E-02   0.722549E+07   0.721917E+07   0.287452E+05   0.262783E+05   0.000000E+00   0.722444E+07   0.722444E+07   0.722446E+07  -0.503023E+00   0.684772E+07   0.684620E+07   0.713526E+02
   0.760622E-02   0.708105E+07   0.707379E+07   0.224954E+05   0.210804E+05   0.000000E+00   0.707984E+07   0.707984E+07   0.707986E+07  -0.492954E+00   0.671065E+07   0.670913E+07   0.644897E+02
   0.840698E-02   0.692381E+07   0.691545E+07   0.169694E+05   0.168723E+05   0.000000E+00   0.692242E+07   0.692242E+07   0.692243E+07  -0.481993E+00   0.656144E+07   0.655992E+07   0.582806E+02
   0.929204E-02   0.675314E+07   0.674347E+07   0.136983E+05   0.134703E+05   0.000000E+00   0.675152E+07   0.675152E+07   0.675154E+07  -0.470093E+00   0.639945E+07   0.639793E+07   0.527304E+02
   0.102703E-01   0.656836E+07   0.655715E+07   0.104753E+05   0.107243E+05   0.000000E+00   0.656649E+07   0.656649E+07   0.656650E+07  -0.457209E+00   0.622407E+07   0.622255E+07   0.478294E+02
   0.113515E-01   0.636885E+07   0.635583E+07   0.829384E+04   0.851151E+04   0.000000E+00   0.636668E+07   0.636668E+07   0.636669E+07  -0.443297E+00   0.603468E+07   0.603316E+07   0.434512E+02
   0.125466E-01   0.615401E+07   0.613889E+07   0.658036E+04   0.673180E+04   0.000000E+00   0.615149E+07   0.615149E+07   0.615149E+07  -0.428313E+00   0.583072E+07   0.582918E+07   0.395807E+02
   0.138674E-01   0.592330E+07   0.590576E+07   0.581966E+04   0.530344E+04   0.000000E+00   0.592038E+07   0.592038E+07   0.592038E+07  -0.412221E+00   0.561166E+07   0.561011E+07   0.361375E+02
   0.153273E-01   0.567635E+07   0.565607E+07   0.403044E+04   0.415982E+04   0.000000E+00   0.567297E+07   0.567297E+07   0.567297E+07  -0.394994E+00   0.537717E+07   0.537560E+07   0.330747E+02
   0.169409E-01   0.541302E+07   0.538967E+07   0.341151E+04   0.324674E+04   0.000000E+00   0.540913E+07   0.540913E+07   0.540913E+07  -0.376624E+00   0.512710E+07   0.512551E+07   0.303310E+02
   0.187244E-01   0.513357E+07   0.510688E+07   0.253593E+04   0.252010E+04   0.000000E+00   0.512912E+07   0.512912E+07   0.512912E+07  -0.357127E+00   0.486170E+07   0.486009E+07   0.278463E+02
   0.206957E-01   0.483886E+07   0.480864E+07   0.194909E+04   0.194411E+04   0.000000E+00   0.483382E+07   0.483382E+07   0.483383E+07  -0.336567E+00   0.458182E+07   0.458019E+07   0.255588E+02
   0.228745E-01   0.453064E+07   0.449682E+07   0.169418E+04   0.148971E+04   0.000000E+00   0.452500E+07   0.452500E+07   0.452500E+07  -0.315064E+00   0.428912E+07   0.428746E+07   0.234068E+02
   0.252826E-01   0.421180E+07   0.417453E+07   0.124810E+04   0.113334E+04   0.000000E+00   0.420559E+07   0.420559E+07   0.420559E+07  -0.292824E+00   0.398638E+07   0.398471E+07   0.213245E+02
   0.279443E-01   0.388673E+07   0.384644E+07   0.896618E+03   0.855897E+03   0.000000E+00   0.388002E+07   0.388002E+07   0.388002E+07  -0.270155E+00   0.367780E+07   0.367613E+07   0.192531E+02
   0.308862E-01   0.356150E+07   0.351900E+07   0.666510E+03   0.641814E+03   0.000000E+00   0.355442E+07   0.355442E+07   0.355442E+07  -0.247485E+00   0.336919E+07   0.336755E+07   0.171458E+02
   0.341378E-01   0.324384E+07   0.320033E+07   0.503048E+03   0.478389E+03   0.000000E+00   0.323659E+07   0.323659E+07   0.323659E+07  -0.225355E+00   0.306794E+07   0.306635E+07   0.149695E+02
   0.377317E-01   0.294265E+07   0.289978E+07   0.381116E+03   0.355166E+03   0.000000E+00   0.293550E+07   0.293550E+07   0.293550E+07  -0.204391E+00   0.278255E+07   0.278106E+07   0.127208E+02
   0.417040E-01   0.266686E+07   0.262657E+07   0.263518E+03   0.263458E+03   0.000000E+00   0.266015E+07   0.266015E+07   0.266015E+07  -0.185219E+00   0.252154E+07   0.252019E+07   0.104351E+02
   0.458744E-01   0.243347E+07   0.239746E+07   0.206773E+03   0.198691E+03   0.000000E+00   0.242747E+07   0.242747E+07   0.242747E+07  -0.169018E+00   0.230097E+07   0.229979E+07   0.829826E+01
   0.500448E-01   0.224995E+07   0.221915E+07   0.160676E+03   0.154396E+03   0.000000E+00   0.224481E+07   0.224481E+07   0.224481E+07  -0.156300E+00   0.212782E+07   0.212682E+07   0.647616E+01
   0.542152E-01   0.210213E+07   0.207673E+07   0.127950E+03   0.122948E+03   0.000000E+00   0.209790E+07   0.209790E+07   0.209790E+07  -0.146071E+00   0.198855E+07   0.198771E+07   0.499523E+01
   0.583856E-01   0.197889E+07   0.195839E+07   0.103888E+03   0.998273E+02   0.000000E+00   0.197548E+07   0.197548E+07   0.197548E+07  -0.137547E+00   0.187249E+07   0.187179E+07   0.386032E+01
   0.625560E-01   0.187074E+07   0.185417E+07   0.855750E+02   0.822299E+02   0.000000E+00   0.186798E+07   0.186798E+07   0.186798E+07  -0.130062E+00   0.177059E+07   0.177000E+07   0.304978E+01
   0.667264E-01   0.176970E+07   0.175581E+07   0.711628E+02   0.683810E+02   0.000000E+00   0.176739E+07   0.176739E+07   0.176739E+07  -0.123058E+00   0.167523E+07   0.167471E+07   0.251923E+01
   0.708968E-01   0.167073E+07   0.165822E+07   0.595152E+02   0.571887E+02   0.000000E+00   0.166864E+07   0.166864E+07   0.166864E+07  -0.116183E+00   0.158164E+07   0.158115E+07   0.220995E+01
   0.750672E-01   0.157171E+07   0.155947E+07   0.499370E+02   0.479850E+02   0.000000E+00   0.156967E+07   0.156967E+07   0.156967E+07  -0.109292E+00   0.148783E+07   0.148735E+07   0.205692E+01
   0.792376E-01   0.147309E+07   0.146030E+07   0.419998E+02   0.403581E+02   0.000000E+00   0.147096E+07   0.147096E+07   0.147096E+07  -0.102419E+00   0.139427E+07   0.139378E+07   0.199684E+01
   0.834080E-01   0.137691E+07   0.136313E+07   0.354216E+02   0.340370E+02   0.000000E+00   0.137462E+07   0.137462E+07   0.137462E+07  -0.957108E-01   0.130296E+07   0.130245E+07   0.197475E+01
   0.875784E-01   0.128569E+07   0.127087E+07   0.299917E+02   0.288194E+02   0.000000E+00   0.128322E+07   0.128322E+07   0.128322E+07  -0.893469E-01   0.121633E+07   0.121580E+07   0.194858E+01
   0.927733E-01   0.118261E+07   0.116692E+07   0.245766E+02   0.236159E+02   0.000000E+00   0.117999E+07   0.117999E+07   0.117999E+07  -0.821598E-01   0.111850E+07   0.111796E+07   0.187119E+01
   0.979682E-01   0.109479E+07   0.107904E+07   0.203987E+02   0.196014E+02   0.000000E+00   0.109217E+07   0.109217E+07   0.109217E+07  -0.760448E-01   0.103526E+07   0.103473E+07   0.172760E+01
   0.103163E+00   0.102405E+07   0.100914E+07   0.172069E+02   0.165343E+02   0.000000E+00   0.102157E+07   0.102157E+07   0.102157E+07  -0.711289E-01   0.968331E+06   0.967843E+06   0.152732E+01
   0.108358E+00   0.968994E+06   0.955665E+06   0.147602E+02   0.141832E+02   0.000000E+00   0.966772E+06   0.966772E+06   0.966772E+06  -0.673138E-01   0.916388E+06   0.915954E+06   0.129724E+01
   0.113553E+00   0.925527E+06   0.914160E+06   0.128410E+02   0.123391E+02   0.000000E+00   0.923633E+06   0.923633E+06   0.923633E+06  -0.643101E-01   0.875490E+06   0.875115E+06   0.106987E+01
   0.118748E+00   0.888686E+06   0.879253E+06   0.112780E+02   0.108372E+02   0.000000E+00   0.887113E+06   0.887113E+06   0.887113E+06  -0.617673E-01   0.840868E+06   0.840547E+06   0.873604E+00
   0.123943E+00   0.854132E+06   0.846258E+06   0.995239E+01   0.956335E+01   0.000000E+00   0.852819E+06   0.852819E+06   0.852819E+06  -0.593795E-01   0.808357E+06   0.808078E+06   0.726321E+00
   0.129137E+00   0.818757E+06   0.811858E+06   0.878931E+01   0.844574E+01   0.000000E+00   0.817608E+06   0.817608E+06   0.817608E+06  -0.569278E-01   0.774978E+06   0.774725E+06   0.632854E+00
   0.134332E+00   0.781010E+06   0.774464E+06   0.774823E+01   0.744535E+01   0.000000E+00   0.779919E+06   0.779919E+06   0.779919E+06  -0.543037E-01   0.739255E+06   0.739012E+06   0.586338E+00
   0.139527E+00   0.741036E+06   0.734337E+06   0.681360E+01   0.654726E+01   0.000000E+00   0.739919E+06   0.739919E+06   0.739919E+06  -0.515186E-01   0.701344E+06   0.701097E+06   0.572195E+00
   0.144722E+00   0.700290E+06   0.693148E+06   0.598375E+01   0.574985E+01   0.000000E+00   0.699100E+06   0.699100E+06   0.699100E+06  -0.486764E-01   0.662656E+06   0.662399E+06   0.573057E+00
   0.149917E+00   0.660820E+06   0.653194E+06   0.526069E+01   0.505506E+01   0.000000E+00   0.659549E+06   0.659549E+06   0.659549E+06  -0.459226E-01   0.625171E+06   0.624905E+06   0.573248E+00
   0.155112E+00   0.624675E+06   0.616736E+06   0.464446E+01   0.446292E+01   0.000000E+00   0.623352E+06   0.623352E+06   0.623352E+06  -0.434023E-01   0.590864E+06   0.590594E+06   0.561955E+00
   0.160307E+00   0.593407E+06   0.585458E+06   0.413017E+01   0.396873E+01   0.000000E+00   0.592082E+06   0.592082E+06   0.592082E+06  -0.412251E-01   0.561226E+06   0.560960E+06   0.534612E+00
   0.165502E+00   0.567594E+06   0.559968E+06   0.370638E+01   0.356150E+01   0.000000E+00   0.566323E+06   0.566323E+06   0.566323E+06  -0.394315E-01   0.536808E+06   0.536556E+06   0.492490E+00
   0.170696E+00   0.546683E+06   0.539650E+06   0.335620E+01   0.322501E+01   0.000000E+00   0.545511E+06   0.545511E+06   0.545511E+06  -0.379824E-01   0.517079E+06   0.516846E+06   0.440999E+00
   0.175891E+00   0.529359E+06   0.523065E+06   0.306124E+01   0.294159E+01   0.000000E+00   0.528310E+06   0.528310E+06   0.528310E+06  -0.367848E-01   0.500772E+06   0.500561E+06   0.387430E+00
   0.181086E+00   0.514062E+06   0.508508E+06   0.280521E+01   0.269556E+01   0.000000E+00   0.513136E+06   0.513136E+06   0.513136E+06  -0.357283E-01   0.486387E+06   0.486197E+06   0.338750E+00
   0.186281E+00   0.499318E+06   0.494379E+06   0.257532E+01   0.247465E+01   0.000000E+00   0.498495E+06   0.498495E+06   0.498495E+06  -0.347088E-01   0.472507E+06   0.472334E+06   0.299920E+00
   0.191476E+00   0.483979E+06   0.479450E+06   0.236282E+01   0.227046E+01   0.000000E+00   0.483225E+06   0.483225E+06   0.483225E+06  -0.336456E-01   0.458032E+06   0.457870E+06   0.273043E+00
   0.196671E+00   0.467480E+06   0.463134E+06   0.216331E+01   0.207875E+01   0.000000E+00   0.466756E+06   0.466756E+06   0.466756E+06  -0.324989E-01   0.442422E+06   0.442265E+06   0.257396E+00
   0.201866E+00   0.449927E+06   0.445575E+06   0.197617E+01   0.189892E+01   0.000000E+00   0.449202E+06   0.449202E+06   0.449202E+06  -0.312767E-01   0.425784E+06   0.425628E+06   0.250130E+00
   0.207060E+00   0.431916E+06   0.427440E+06   0.180284E+01   0.173237E+01   0.000000E+00   0.431170E+06   0.431170E+06   0.431170E+06  -0.300212E-01   0.408693E+06   0.408535E+06   0.247321E+00
   0.212255E+00   0.414237E+06   0.409610E+06   0.164521E+01   0.158090E+01   0.000000E+00   0.413466E+06   0.413466E+06   0.413466E+06  -0.287885E-01   0.391914E+06   0.391753E+06   0.245081E+00
   0.217450E+00   0.397670E+06   0.392942E+06   0.150466E+01   0.144585E+01   0.000000E+00   0.396882E+06   0.396882E+06   0.396882E+06  -0.276338E-01   0.376196E+06   0.376034E+06   0.240444E+00
   0.222645E+00   0.382814E+06   0.378089E+06   0.138153E+01   0.132753E+01   0.000000E+00   0.382027E+06   0.382027E+06   0.382027E+06  -0.265995E-01   0.362115E+06   0.361956E+06   0.231862E+00
   0.227840E+00   0.369934E+06   0.365332E+06   0.127484E+01   0.122501E+01   0.000000E+00   0.369167E+06   0.369167E+06   0.369167E+06  -0.257041E-01   0.349925E+06   0.349771E+06   0.219255E+00
   0.233035E+00   0.358915E+06   0.354543E+06   0.118240E+01   0.113618E+01   0.000000E+00   0.358186E+06   0.358186E+06   0.358186E+06  -0.249395E-01   0.339517E+06   0.339370E+06   0.203729E+00
   0.238230E+00   0.349371E+06   0.345293E+06   0.110141E+01   0.105835E+01   0.000000E+00   0.348691E+06   0.348691E+06   0.348691E+06  -0.242784E-01   0.330516E+06   0.330378E+06   0.187064E+00
   0.243425E+00   0.340773E+06   0.337002E+06   0.102905E+01   0.988824E+00   0.000000E+00   0.340144E+06   0.340144E+06   0.340144E+06  -0.236833E-01   0.322413E+06   0.322284E+06   0.171148E+00
   0.248619E+00   0.332551E+06   0.329053E+06   0.962786E+00   0.925152E+00   0.000000E+00   0.331968E+06   0.331968E+06   0.331968E+06  -0.231140E-01   0.314662E+06   0.314541E+06   0.157486E+00
   0.253814E+00   0.324217E+06   0.320924E+06   0.900685E+00   0.865478E+00   0.000000E+00   0.323668E+06   0.323668E+06   0.323668E+06  -0.225361E-01   0.306795E+06   0.306679E+06   0.146901E+00
   0.259009E+00   0.315505E+06   0.312334E+06   0.841693E+00   0.808792E+00   0.000000E+00   0.314976E+06   0.314976E+06   0.314976E+06  -0.219310E-01   0.298556E+06   0.298444E+06   0.139471E+00
   0.264204E+00   0.306423E+06   0.303301E+06   0.785615E+00   0.754906E+00   0.000000E+00   0.305903E+06   0.305903E+06   0.305903E+06  -0.212992E-01   0.289956E+06   0.289846E+06   0.134646E+00
   0.269399E+00   0.297168E+06   0.294042E+06   0.732741E+00   0.704100E+00   0.000000E+00   0.296647E+06   0.296647E+06   0.296647E+06  -0.206547E-01   0.281183E+06   0.281073E+06   0.131477E+00
   0.274594E+00   0.287998E+06   0.284847E+06   0.683464E+00   0.656749E+00   0.000000E+00   0.287472E+06   0.287472E+06   0.287472E+06  -0.200159E-01   0.272487E+06   0.272378E+06   0.128900E+00
   0.279789E+00   0.279182E+06   0.276015E+06   0.638124E+00   0.613181E+00   0.000000E+00   0.278654E+06   0.278654E+06   0.278654E+06  -0.194020E-01   0.264129E+06   0.264020E+06   0.126002E+00
   0.284984E+00   0.270970E+06   0.267817E+06   0.596948E+00   0.573615E+00   0.000000E+00   0.270445E+06   0.270445E+06   0.270445E+06  -0.188303E-01   0.256348E+06   0.256240E+06   0.122209E+00
   0.290178E+00   0.263524E+06   0.260428E+06   0.559934E+00   0.538047E+00   0.000000E+00   0.263008E+06   0.263008E+06   0.263008E+06  -0.183126E-01   0.249299E+06   0.249194E+06   0.117345E+00
   0.295373E+00   0.256859E+06   0.253859E+06   0.526749E+00   0.506160E+00   0.000000E+00   0.256359E+06   0.256359E+06   0.256359E+06  -0.178496E-01   0.242996E+06   0.242894E+06   0.111590E+00
   0.300568E+00   0.250847E+06   0.247971E+06   0.496811E+00   0.477391E+00   0.000000E+00   0.250367E+06   0.250367E+06   0.250367E+06  -0.174324E-01   0.237317E+06   0.237219E+06   0.105360E+00
   0.305763E+00   0.245293E+06   0.242554E+06   0.469469E+00   0.451118E+00   0.000000E+00   0.244837E+06   0.244837E+06   0.244837E+06  -0.170473E-01   0.232074E+06   0.231980E+06   0.991713E-01
   0.310958E+00   0.240004E+06   0.237394E+06   0.444149E+00   0.426788E+00   0.000000E+00   0.239569E+06   0.239569E+06   0.239569E+06  -0.166805E-01   0.227080E+06   0.226990E+06   0.934958E-01
   0.316153E+00   0.234806E+06   0.232306E+06   0.420385E+00   0.403953E+00   0.000000E+00   0.234390E+06   0.234390E+06   0.234390E+06  -0.163199E-01   0.222171E+06   0.222084E+06   0.886523E-01
   0.321348E+00   0.229573E+06   0.227153E+06   0.397842E+00   0.382291E+00   0.000000E+00   0.229170E+06   0.229170E+06   0.229170E+06  -0.159565E-01   0.217223E+06   0.217139E+06   0.847547E-01
   0.326543E+00   0.224248E+06   0.221880E+06   0.376346E+00   0.361635E+00   0.000000E+00   0.223853E+06   0.223853E+06   0.223853E+06  -0.155863E-01   0.212184E+06   0.212101E+06   0.817220E-01
   0.331737E+00   0.218864E+06   0.216525E+06   0.355889E+00   0.341977E+00   0.000000E+00   0.218474E+06   0.218474E+06   0.218474E+06  -0.152118E-01   0.207085E+06   0.207004E+06   0.793327E-01
   0.336932E+00   0.213517E+06   0.211194E+06   0.336559E+00   0.323403E+00   0.000000E+00   0.213130E+06   0.213130E+06   0.213130E+06  -0.148397E-01   0.202020E+06   0.201939E+06   0.772984E-01
   0.342127E+00   0.208316E+06   0.206007E+06   0.318453E+00   0.306005E+00   0.000000E+00   0.207931E+06   0.207931E+06   0.207931E+06  -0.144777E-01   0.197093E+06   0.197013E+06   0.753373E-01
   0.347322E+00   0.203350E+06   0.201061E+06   0.301622E+00   0.289832E+00   0.000000E+00   0.202968E+06   0.202968E+06   0.202968E+06  -0.141321E-01   0.192388E+06   0.192310E+06   0.732359E-01
   0.352517E+00   0.198676E+06   0.196422E+06   0.286064E+00   0.274882E+00   0.000000E+00   0.198300E+06   0.198300E+06   0.198300E+06  -0.138071E-01   0.187964E+06   0.187886E+06   0.708853E-01
   0.357712E+00   0.194322E+06   0.192115E+06   0.271727E+00   0.261105E+00   0.000000E+00   0.193954E+06   0.193954E+06   0.193954E+06  -0.135045E-01   0.183844E+06   0.183769E+06   0.682860E-01
   0.362907E+00   0.190272E+06   0.188125E+06   0.258505E+00   0.248400E+00   0.000000E+00   0.189915E+06   0.189915E+06   0.189915E+06  -0.132232E-01   0.180015E+06   0.179941E+06   0.655248E-01
   0.368102E+00   0.186472E+06   0.184391E+06   0.246247E+00   0.236621E+00   0.000000E+00   0.186125E+06   0.186125E+06   0.186125E+06  -0.129594E-01   0.176423E+06   0.176352E+06   0.627361E-01
   0.373296E+00   0.182844E+06   0.180830E+06   0.234788E+00   0.225611E+00   0.000000E+00   0.182508E+06   0.182508E+06   0.182508E+06  -0.127076E-01   0.172995E+06   0.172925E+06   0.600611E-01
   0.378491E+00   0.179319E+06   0.177366E+06   0.223989E+00   0.215234E+00   0.000000E+00   0.178993E+06   0.178993E+06   0.178993E+06  -0.124628E-01   0.169663E+06   0.169595E+06   0.576138E-01
   0.383686E+00   0.175845E+06   0.173944E+06   0.213745E+00   0.205390E+00   0.000000E+00   0.175528E+06   0.175528E+06   0.175528E+06  -0.122216E-01   0.166378E+06   0.166312E+06   0.554583E-01
   0.388881E+00   0.172392E+06   0.170531E+06   0.203987E+00   0.196014E+00   0.000000E+00   0.172082E+06   0.172082E+06   0.172082E+06  -0.119816E-01   0.163111E+06   0.163047E+06   0.536005E-01
   0.394076E+00   0.168950E+06   0.167122E+06   0.194678E+00   0.187068E+00   0.000000E+00   0.168645E+06   0.168645E+06   0.168645E+06  -0.117423E-01   0.159854E+06   0.159791E+06   0.519960E-01
   0.399271E+00   0.165539E+06   0.163735E+06   0.185813E+00   0.178550E+00   0.000000E+00   0.165238E+06   0.165238E+06   0.165238E+06  -0.115051E-01   0.156625E+06   0.156562E+06   0.505696E-01
   0.404466E+00   0.162194E+06   0.160412E+06   0.177410E+00   0.170475E+00   0.000000E+00   0.161897E+06   0.161897E+06   0.161897E+06  -0.112725E-01   0.153458E+06   0.153396E+06   0.492371E-01
   0.409661E+00   0.158953E+06   0.157192E+06   0.169480E+00   0.162855E+00   0.000000E+00   0.158660E+06   0.158660E+06   0.158660E+06  -0.110470E-01   0.150389E+06   0.150328E+06   0.479243E-01
   0.414855E+00   0.155839E+06   0.154103E+06   0.162023E+00   0.155690E+00   0.000000E+00   0.155550E+06   0.155550E+06   0.155550E+06  -0.108305E-01   0.147442E+06   0.147382E+06   0.465809E-01
   0.420050E+00   0.152864E+06   0.151158E+06   0.155023E+00   0.148963E+00   0.000000E+00   0.152580E+06   0.152580E+06   0.152580E+06  -0.106237E-01   0.144626E+06   0.144568E+06   0.451871E-01
   0.425245E+00   0.150032E+06   0.148358E+06   0.148456E+00   0.142653E+00   0.000000E+00   0.149753E+06   0.149753E+06   0.149753E+06  -0.104269E-01   0.141947E+06   0.141889E+06   0.437530E-01
   0.430440E+00   0.147332E+06   0.145695E+06   0.142288E+00   0.136726E+00   0.000000E+00   0.147059E+06   0.147059E+06   0.147059E+06  -0.102394E-01   0.139394E+06   0.139337E+06   0.423094E-01
   0.435635E+00   0.144742E+06   0.143143E+06   0.136474E+00   0.131140E+00   0.000000E+00   0.144476E+06   0.144476E+06   0.144476E+06  -0.100595E-01   0.136945E+06   0.136890E+06   0.408958E-01
   0.440830E+00   0.142232E+06   0.140669E+06   0.130967E+00   0.125848E+00   0.000000E+00   0.141972E+06   0.141972E+06   0.141972E+06  -0.988511E-02   0.134571E+06   0.134517E+06   0.395491E-01
   0.446025E+00   0.139779E+06   0.138249E+06   0.125728E+00   0.120814E+00   0.000000E+00   0.139524E+06   0.139524E+06   0.139524E+06  -0.971469E-02   0.132251E+06   0.132198E+06   0.382961E-01
   0.451219E+00   0.137369E+06   0.135870E+06   0.120733E+00   0.116014E+00   0.000000E+00   0.137120E+06   0.137120E+06   0.137120E+06  -0.954726E-02   0.129972E+06   0.129920E+06   0.371486E-01
   0.456414E+00   0.134996E+06   0.133523E+06   0.115961E+00   0.111429E+00   0.000000E+00   0.134751E+06   0.134751E+06   0.134751E+06  -0.938232E-02   0.127726E+06   0.127675E+06   0.361022E-01
   0.461609E+00   0.132657E+06   0.131206E+06   0.111401E+00   0.107047E+00   0.000000E+00   0.132415E+06   0.132415E+06   0.132415E+06  -0.921970E-02   0.125513E+06   0.125462E+06   0.351396E-01
   0.466804E+00   0.130357E+06   0.128927E+06   0.107046E+00   0.102862E+00   0.000000E+00   0.130118E+06   0.130118E+06   0.130118E+06  -0.905980E-02   0.123336E+06   0.123286E+06   0.342369E-01
   0.471999E+00   0.128109E+06   0.126698E+06   0.102896E+00   0.988744E-01   0.000000E+00   0.127874E+06   0.127874E+06   0.127874E+06  -0.890350E-02   0.121208E+06   0.121159E+06   0.333698E-01
   0.477194E+00   0.125926E+06   0.124535E+06   0.989523E-01   0.950844E-01   0.000000E+00   0.125694E+06   0.125694E+06   0.125694E+06  -0.875174E-02   0.119142E+06   0.119094E+06   0.325187E-01
   0.482389E+00   0.123814E+06   0.122444E+06   0.952085E-01   0.914869E-01   0.000000E+00   0.123586E+06   0.123586E+06   0.123586E+06  -0.860496E-02   0.117144E+06   0.117097E+06   0.316717E-01
   0.487584E+00   0.121774E+06   0.120426E+06   0.916549E-01   0.880723E-01   0.000000E+00   0.121549E+06   0.121549E+06   0.121549E+06  -0.846316E-02   0.115213E+06   0.115167E+06   0.308249E-01
   0.492778E+00   0.119803E+06   0.118477E+06   0.882801E-01   0.848293E-01   0.000000E+00   0.119582E+06   0.119582E+06   0.119582E+06  -0.832616E-02   0.113348E+06   0.113303E+06   0.299825E-01
   0.497973E+00   0.117896E+06   0.116594E+06   0.850723E-01   0.817469E-01   0.000000E+00   0.117679E+06   0.117679E+06   0.117679E+06  -0.819368E-02   0.111545E+06   0.111500E+06   0.291541E-01
   0.503168E+00   0.116047E+06   0.114769E+06   0.820184E-01   0.788125E-01   0.000000E+00   0.115834E+06   0.115834E+06   0.115834E+06  -0.806522E-02   0.109796E+06   0.109752E+06   0.283507E-01
   0.508363E+00   0.114246E+06   0.112990E+06   0.791037E-01   0.760117E-01   0.000000E+00   0.114036E+06   0.114036E+06   0.114036E+06  -0.794005E-02   0.108092E+06   0.108049E+06   0.275817E-01
   0.513558E+00   0.112482E+06   0.111247E+06   0.763149E-01   0.733319E-01   0.000000E+00   0.112276E+06   0.112276E+06   0.112276E+06  -0.781748E-02   0.106423E+06   0.106381E+06   0.268527E-01
   0.518753E+00   0.110751E+06   0.109536E+06   0.736431E-01   0.707645E-01   0.000000E+00   0.110548E+06   0.110548E+06   0.110548E+06  -0.769717E-02   0.104786E+06   0.104744E+06   0.261653E-01
   0.523948E+00   0.109052E+06   0.107855E+06   0.710826E-01   0.683040E-01   0.000000E+00   0.108852E+06   0.108852E+06   0.108852E+06  -0.757909E-02   0.103178E+06   0.103137E+06   0.255169E-01
   0.529143E+00   0.107386E+06   0.106207E+06   0.686289E-01   0.659463E-01   0.000000E+00   0.107189E+06   0.107189E+06   0.107189E+06  -0.746330E-02   0.101602E+06   0.101561E+06   0.249019E-01
   0.534337E+00   0.105753E+06   0.104590E+06   0.662776E-01   0.636869E-01   0.000000E+00   0.105559E+06   0.105559E+06   0.105559E+06  -0.734981E-02   0.100057E+06   0.100017E+06   0.243124E-01
   0.539532E+00   0.104156E+06   0.103009E+06   0.640254E-01   0.615227E-01   0.000000E+00   0.103965E+06   0.103965E+06   0.103965E+06  -0.723878E-02   0.985453E+05   0.985057E+05   0.237415E-01
   0.544727E+00   0.102598E+06   0.101467E+06   0.618705E-01   0.594521E-01   0.000000E+00   0.102410E+06   0.102410E+06   0.102410E+06  -0.713051E-02   0.970713E+05   0.970322E+05   0.231837E-01
   0.549922E+00   0.101083E+06   0.999678E+05   0.598104E-01   0.574725E-01   0.000000E+00   0.100897E+06   0.100897E+06   0.100897E+06  -0.702518E-02   0.956374E+05   0.955989E+05   0.226360E-01
   0.555117E+00   0.996086E+05   0.985099E+05   0.578402E-01   0.555793E-01   0.000000E+00   0.994255E+05   0.994255E+05   0.994255E+05  -0.692273E-02   0.942427E+05   0.942047E+05   0.220977E-01
   0.560312E+00   0.981726E+05   0.970903E+05   0.559543E-01   0.537671E-01   0.000000E+00   0.979922E+05   0.979922E+05   0.979922E+05  -0.682293E-02   0.928842E+05   0.928468E+05   0.215696E-01
   0.565507E+00   0.967725E+05   0.957064E+05   0.541476E-01   0.520311E-01   0.000000E+00   0.965948E+05   0.965948E+05   0.965948E+05  -0.672564E-02   0.915596E+05   0.915228E+05   0.210544E-01
   0.615622E+00   0.847016E+05   0.837690E+05   0.399914E-01   0.384282E-01   0.000000E+00   0.845462E+05   0.845462E+05   0.845462E+05  -0.588672E-02   0.801390E+05   0.801068E+05   0.169360E-01
   0.751923E+00   0.616503E+05   0.609722E+05   0.195116E-01   0.187489E-01   0.000000E+00   0.615373E+05   0.615373E+05   0.615373E+05  -0.428467E-02   0.583295E+05   0.583060E+05   0.101061E-01
   0.918401E+00   0.446486E+05   0.441577E+05   0.947213E-02   0.910188E-02   0.000000E+00   0.445668E+05   0.445668E+05   0.445668E+05  -0.310306E-02   0.422436E+05   0.422265E+05   0.601156E-02
   0.112174E+01   0.321912E+05   0.318373E+05   0.457782E-02   0.439888E-02   0.000000E+00   0.321322E+05   0.321322E+05   0.321322E+05  -0.223728E-02   0.304572E+05   0.304449E+05   0.356680E-02
   0.137009E+01   0.231150E+05   0.228609E+05   0.220343E-02   0.211730E-02   0.000000E+00   0.230727E+05   0.230727E+05   0.230727E+05  -0.160649E-02   0.218699E+05   0.218610E+05   0.211330E-02
   0.167343E+01   0.165363E+05   0.163545E+05   0.105663E-02   0.101533E-02   0.000000E+00   0.165060E+05   0.165060E+05   0.165060E+05  -0.114927E-02   0.156456E+05   0.156391E+05   0.125234E-02
   0.204394E+01   0.117898E+05   0.116601E+05   0.504979E-03   0.485241E-03   0.000000E+00   0.117682E+05   0.117682E+05   0.117682E+05  -0.819386E-03   0.111547E+05   0.111500E+05   0.743794E-03
   0.249647E+01   0.837957E+04   0.828736E+04   0.240586E-03   0.231182E-03   0.000000E+00   0.836420E+04   0.836420E+04   0.836420E+04  -0.582377E-03   0.792821E+04   0.792478E+04   0.443959E-03
   0.304920E+01   0.593879E+04   0.587339E+04   0.114295E-03   0.109827E-03   0.000000E+00   0.592789E+04   0.592789E+04   0.592789E+04  -0.412743E-03   0.561890E+04   0.561638E+04   0.267274E-03
   0.372430E+01   0.419792E+04   0.415163E+04   0.541555E-04   0.520388E-04   0.000000E+00   0.419020E+04   0.419020E+04   0.419020E+04  -0.291753E-03   0.397180E+04   0.396992E+04   0.163038E-03
   0.454887E+01   0.296019E+04   0.292748E+04   0.255980E-04   0.245975E-04   0.000000E+00   0.295474E+04   0.295474E+04   0.295474E+04  -0.205731E-03   0.280073E+04   0.279931E+04   0.101331E-03
   0.555600E+01   0.208275E+04   0.205966E+04   0.120726E-04   0.116007E-04   0.000000E+00   0.207890E+04   0.207890E+04   0.207890E+04  -0.144748E-03   0.197055E+04   0.196944E+04   0.645657E-04
   0.678612E+01   0.146236E+04   0.144608E+04   0.568185E-05   0.545979E-05   0.000000E+00   0.145965E+04   0.145965E+04   0.145965E+04  -0.101631E-03   0.138358E+04   0.138269E+04   0.424292E-04
   0.828858E+01   0.102481E+04   0.101331E+04   0.266898E-05   0.256468E-05   0.000000E+00   0.102289E+04   0.102289E+04   0.102289E+04  -0.712212E-04   0.969591E+03   0.968850E+03   0.288922E-04
   0.101237E+02   0.716894E+03   0.708771E+03   0.125147E-05   0.120257E-05   0.000000E+00   0.715540E+03   0.715540E+03   0.715540E+03  -0.498211E-04   0.678262E+03   0.677622E+03   0.204336E-04
   0.123651E+02   0.500664E+03   0.494903E+03   0.585815E-06   0.562931E-06   0.000000E+00   0.499704E+03   0.499704E+03   0.499704E+03  -0.347930E-04   0.473677E+03   0.473104E+03   0.149979E-04
   0.151028E+02   0.349110E+03   0.345003E+03   0.273786E-06   0.263095E-06   0.000000E+00   0.348425E+03   0.348425E+03   0.348425E+03  -0.242599E-04   0.330286E+03   0.329754E+03   0.113842E-04
   0.184466E+02   0.243077E+03   0.240122E+03   0.127763E-06   0.122776E-06   0.000000E+00   0.242584E+03   0.242584E+03   0.242584E+03  -0.168905E-04   0.229963E+03   0.229456E+03   0.888853E-05
   0.225307E+02   0.169015E+03   0.166863E+03   0.595338E-07   0.572116E-07   0.000000E+00   0.168657E+03   0.168657E+03   0.168657E+03  -0.117431E-04   0.159890E+03   0.159395E+03   0.709590E-05
   0.275191E+02   0.117365E+03   0.115769E+03   0.277014E-07   0.266219E-07   0.000000E+00   0.117099E+03   0.117099E+03   0.117099E+03  -0.815328E-05   0.111020E+03   0.110530E+03   0.575919E-05
   0.336118E+02   0.813958E+02   0.801842E+02   0.128710E-07   0.123703E-07   0.000000E+00   0.811938E+02   0.811938E+02   0.811938E+02  -0.565331E-05   0.769879E+02   0.764962E+02   0.472908E-05
   0.410536E+02   0.563807E+02   0.554333E+02   0.597138E-08   0.573960E-08   0.000000E+00   0.562228E+02   0.562228E+02   0.562228E+02  -0.391464E-05   0.533194E+02   0.528224E+02   0.391342E-05
   0.501430E+02   0.390053E+02   0.382386E+02   0.276586E-08   0.265887E-08   0.000000E+00   0.388775E+02   0.388775E+02   0.388775E+02  -0.270694E-05   0.368792E+02   0.363744E+02   0.325369E-05
   0.612448E+02   0.269508E+02   0.263067E+02   0.127876E-08   0.122954E-08   0.000000E+00   0.268434E+02   0.268434E+02   0.268434E+02  -0.186904E-05   0.254732E+02   0.249594E+02   0.271139E-05
   0.748045E+02   0.185968E+02   0.180353E+02   0.589913E-09   0.567385E-09   0.000000E+00   0.185032E+02   0.185032E+02   0.185032E+02  -0.128833E-05   0.175684E+02   0.170454E+02   0.226012E-05
   0.913665E+02   0.128132E+02   0.123071E+02   0.271387E-09   0.261142E-09   0.000000E+00   0.127289E+02   0.127289E+02   0.127289E+02  -0.886278E-06   0.120958E+02   0.115641E+02   0.188098E-05
   0.111595E+03   0.881315E+01   0.834417E+01   0.124401E-09   0.119786E-09   0.000000E+00   0.873498E+01   0.873498E+01   0.873498E+01  -0.608193E-06   0.831061E+01   0.777207E+01   0.155983E-05
