#          k/h    CDM            baryon         photon         nu             mass_nu        total          no_nu          total_de       Weyl           v_CDM          v_b            v_b-v_c     
   0.102819E-04   0.724417E+07   0.724417E+07   0.965718E+07   0.965711E+07   0.000000E+00   0.724417E+07   0.724417E+07   0.725333E+07  -0.593552E+00   0.700424E+07   0.700424E+07   0.102806E+02
   0.113644E-04   0.724417E+07   0.724417E+07   0.965680E+07   0.965672E+07   0.000000E+00   0.724417E+07   0.724417E+07   0.725332E+07  -0.593552E+00   0.700424E+07   0.700424E+07   0.113627E+02
   0.125608E-04   0.724417E+07   0.724416E+07   0.965634E+07   0.965623E+07   0.000000E+00   0.724417E+07   0.724417E+07   0.725332E+07  -0.593552E+00   0.700424E+07   0.700424E+07   0.125587E+02
   0.138832E-04   0.724416E+07   0.724416E+07   0.965576E+07   0.965564E+07   0.000000E+00   0.724416E+07   0.724416E+07   0.725332E+07  -0.593551E+00   0.700423E+07   0.700423E+07   0.138805E+02
   0.153447E-04   0.724416E+07   0.724416E+07   0.965507E+07   0.965492E+07   0.000000E+00   0.724416E+07   0.724416E+07   0.725332E+07  -0.593551E+00   0.700423E+07   0.700423E+07   0.153413E+02
   0.169602E-04   0.724416E+07   0.724416E+07   0.965422E+07   0.965404E+07   0.000000E+00   0.724416E+07   0.724416E+07   0.725331E+07  -0.593551E+00   0.700423E+07   0.700423E+07   0.169557E+02
   0.187457E-04   0.724415E+07   0.724415E+07   0.965318E+07   0.965296E+07   0.000000E+00   0.724415E+07   0.724415E+07   0.725330E+07  -0.593550E+00   0.700422E+07   0.700422E+07   0.187399E+02
   0.207192E-04   0.724415E+07   0.724414E+07   0.965192E+07   0.965164E+07   0.000000E+00   0.724415E+07   0.724415E+07   0.725330E+07  -0.593549E+00   0.700422E+07   0.700422E+07   0.207117E+02
   0.229004E-04   0.724414E+07   0.724414E+07   0.965037E+07   0.965003E+07   0.000000E+00   0.724414E+07   0.724414E+07   0.725329E+07  -0.593549E+00   0.700421E+07   0.700421E+07   0.228906E+02
   0.253113E-04   0.724413E+07   0.724413E+07   0.964848E+07   0.964806E+07   0.000000E+00   0.724413E+07   0.724413E+07   0.725328E+07  -0.593548E+00   0.700420E+07   0.700420E+07   0.252984E+02
   0.279760E-04   0.724412E+07   0.724412E+07   0.964617E+07   0.964566E+07   0.000000E+00   0.724412E+07   0.724412E+07   0.725327E+07  -0.593547E+00   0.700419E+07   0.700419E+07   0.279589E+02
   0.309213E-04   0.724411E+07   0.724410E+07   0.964335E+07   0.964273E+07   0.000000E+00   0.724411E+07   0.724411E+07   0.725325E+07  -0.593545E+00   0.700418E+07   0.700418E+07   0.308986E+02
   0.341766E-04   0.724409E+07   0.724409E+07   0.963990E+07   0.963915E+07   0.000000E+00   0.724409E+07   0.724409E+07   0.725323E+07  -0.593544E+00   0.700417E+07   0.700416E+07   0.341464E+02
   0.377746E-04   0.724407E+07   0.724407E+07   0.963570E+07   0.963477E+07   0.000000E+00   0.724407E+07   0.724407E+07   0.725321E+07  -0.593542E+00   0.700415E+07   0.700414E+07   0.377344E+02
   0.417514E-04   0.724405E+07   0.724405E+07   0.963056E+07   0.962943E+07   0.000000E+00   0.724405E+07   0.724405E+07   0.725318E+07  -0.593539E+00   0.700413E+07   0.700412E+07   0.416976E+02
   0.461468E-04   0.724402E+07   0.724402E+07   0.962429E+07   0.962291E+07   0.000000E+00   0.724402E+07   0.724402E+07   0.725315E+07  -0.593536E+00   0.700410E+07   0.700409E+07   0.460749E+02
   0.510050E-04   0.724399E+07   0.724398E+07   0.961663E+07   0.961496E+07   0.000000E+00   0.724399E+07   0.724399E+07   0.725310E+07  -0.593533E+00   0.700407E+07   0.700406E+07   0.509085E+02
   0.563747E-04   0.724394E+07   0.724394E+07   0.960729E+07   0.960524E+07   0.000000E+00   0.724394E+07   0.724394E+07   0.725305E+07  -0.593528E+00   0.700403E+07   0.700402E+07   0.562452E+02
   0.623096E-04   0.724389E+07   0.724388E+07   0.959588E+07   0.959338E+07   0.000000E+00   0.724389E+07   0.724389E+07   0.725299E+07  -0.593523E+00   0.700398E+07   0.700397E+07   0.621357E+02
   0.688694E-04   0.724383E+07   0.724382E+07   0.958197E+07   0.957892E+07   0.000000E+00   0.724383E+07   0.724383E+07   0.725291E+07  -0.593516E+00   0.700392E+07   0.700390E+07   0.686355E+02
   0.761198E-04   0.724376E+07   0.724374E+07   0.956500E+07   0.956128E+07   0.000000E+00   0.724375E+07   0.724375E+07   0.725282E+07  -0.593508E+00   0.700384E+07   0.700383E+07   0.758050E+02
   0.841334E-04   0.724366E+07   0.724364E+07   0.954430E+07   0.953977E+07   0.000000E+00   0.724366E+07   0.724366E+07   0.725271E+07  -0.593499E+00   0.700375E+07   0.700373E+07   0.837098E+02
   0.929907E-04   0.724355E+07   0.724353E+07   0.951908E+07   0.951355E+07   0.000000E+00   0.724354E+07   0.724354E+07   0.725257E+07  -0.593487E+00   0.700364E+07   0.700362E+07   0.924203E+02
   0.102781E-03   0.724341E+07   0.724338E+07   0.948836E+07   0.948161E+07   0.000000E+00   0.724340E+07   0.724340E+07   0.725240E+07  -0.593472E+00   0.700351E+07   0.700348E+07   0.102012E+03
   0.113601E-03   0.724324E+07   0.724321E+07   0.945095E+07   0.944274E+07   0.000000E+00   0.724323E+07   0.724323E+07   0.725219E+07  -0.593454E+00   0.700335E+07   0.700331E+07   0.112566E+03
   0.125560E-03   0.724303E+07   0.724299E+07   0.940544E+07   0.939545E+07   0.000000E+00   0.724302E+07   0.724302E+07   0.725194E+07  -0.593432E+00   0.700315E+07   0.700310E+07   0.124166E+03
   0.138779E-03   0.724277E+07   0.724273E+07   0.935014E+07   0.933798E+07   0.000000E+00   0.724277E+07   0.724277E+07   0.725163E+07  -0.593406E+00   0.700291E+07   0.700285E+07   0.136901E+03
   0.153389E-03   0.724246E+07   0.724241E+07   0.928300E+07   0.926822E+07   0.000000E+00   0.724246E+07   0.724246E+07   0.725125E+07  -0.593373E+00   0.700261E+07   0.700254E+07   0.150860E+03
   0.169538E-03   0.724209E+07   0.724202E+07   0.920161E+07   0.918368E+07   0.000000E+00   0.724208E+07   0.724208E+07   0.725079E+07  -0.593334E+00   0.700225E+07   0.700216E+07   0.166132E+03
   0.187386E-03   0.724162E+07   0.724154E+07   0.910312E+07   0.908138E+07   0.000000E+00   0.724161E+07   0.724161E+07   0.725024E+07  -0.593286E+00   0.700180E+07   0.700170E+07   0.182802E+03
   0.207114E-03   0.724106E+07   0.724096E+07   0.898417E+07   0.895787E+07   0.000000E+00   0.724105E+07   0.724105E+07   0.724956E+07  -0.593227E+00   0.700127E+07   0.700114E+07   0.200946E+03
   0.228918E-03   0.724038E+07   0.724026E+07   0.884089E+07   0.880915E+07   0.000000E+00   0.724036E+07   0.724036E+07   0.724873E+07  -0.593156E+00   0.700061E+07   0.700046E+07   0.220626E+03
   0.253018E-03   0.723954E+07   0.723940E+07   0.866886E+07   0.863064E+07   0.000000E+00   0.723952E+07   0.723952E+07   0.724772E+07  -0.593069E+00   0.699981E+07   0.699963E+07   0.241877E+03
   0.279655E-03   0.723852E+07   0.723835E+07   0.846308E+07   0.841722E+07   0.000000E+00   0.723850E+07   0.723850E+07   0.724650E+07  -0.592964E+00   0.699883E+07   0.699862E+07   0.264702E+03
   0.309096E-03   0.723729E+07   0.723707E+07   0.821812E+07   0.816330E+07   0.000000E+00   0.723725E+07   0.723725E+07   0.724502E+07  -0.592836E+00   0.699765E+07   0.699739E+07   0.289050E+03
   0.341636E-03   0.723578E+07   0.723552E+07   0.792822E+07   0.786300E+07   0.000000E+00   0.723574E+07   0.723574E+07   0.724323E+07  -0.592682E+00   0.699620E+07   0.699589E+07   0.314804E+03
   0.377603E-03   0.723396E+07   0.723365E+07   0.758760E+07   0.751047E+07   0.000000E+00   0.723391E+07   0.723391E+07   0.724107E+07  -0.592495E+00   0.699445E+07   0.699407E+07   0.341752E+03
   0.417356E-03   0.723174E+07   0.723137E+07   0.719091E+07   0.710036E+07   0.000000E+00   0.723168E+07   0.723168E+07   0.723847E+07  -0.592270E+00   0.699232E+07   0.699187E+07   0.369561E+03
   0.461294E-03   0.722906E+07   0.722861E+07   0.673400E+07   0.662862E+07   0.000000E+00   0.722899E+07   0.722899E+07   0.723533E+07  -0.592000E+00   0.698974E+07   0.698920E+07   0.397748E+03
   0.509857E-03   0.722582E+07   0.722529E+07   0.621482E+07   0.609352E+07   0.000000E+00   0.722574E+07   0.722574E+07   0.723158E+07  -0.591676E+00   0.698661E+07   0.698598E+07   0.425646E+03
   0.563534E-03   0.722192E+07   0.722128E+07   0.563483E+07   0.549704E+07   0.000000E+00   0.722181E+07   0.722181E+07   0.722710E+07  -0.591288E+00   0.698284E+07   0.698210E+07   0.452374E+03
   0.622861E-03   0.721722E+07   0.721647E+07   0.500050E+07   0.484651E+07   0.000000E+00   0.721709E+07   0.721709E+07   0.722178E+07  -0.590828E+00   0.697829E+07   0.697743E+07   0.476823E+03
   0.688433E-03   0.721158E+07   0.721070E+07   0.432500E+07   0.415629E+07   0.000000E+00   0.721144E+07   0.721144E+07   0.721547E+07  -0.590284E+00   0.697283E+07   0.697184E+07   0.497656E+03
   0.760910E-03   0.720485E+07   0.720383E+07   0.362955E+07   0.344915E+07   0.000000E+00   0.720468E+07   0.720468E+07   0.720805E+07  -0.589643E+00   0.696630E+07   0.696516E+07   0.513352E+03
   0.841016E-03   0.719684E+07   0.719566E+07   0.294378E+07   0.275652E+07   0.000000E+00   0.719664E+07   0.719664E+07   0.719936E+07  -0.588893E+00   0.695850E+07   0.695722E+07   0.522310E+03
   0.929556E-03   0.718734E+07   0.718601E+07   0.230421E+07   0.211669E+07   0.000000E+00   0.718712E+07   0.718712E+07   0.718923E+07  -0.588022E+00   0.694924E+07   0.694782E+07   0.523020E+03
   0.102742E-02   0.717614E+07   0.717465E+07   0.174962E+07   0.156975E+07   0.000000E+00   0.717590E+07   0.717590E+07   0.717748E+07  -0.587015E+00   0.693830E+07   0.693677E+07   0.514327E+03
   0.113558E-02   0.716301E+07   0.716137E+07   0.131276E+07   0.114875E+07   0.000000E+00   0.716274E+07   0.716274E+07   0.716392E+07  -0.585858E+00   0.692546E+07   0.692382E+07   0.495751E+03
   0.125513E-02   0.714769E+07   0.714592E+07   0.100924E+07   0.868043E+06   0.000000E+00   0.714740E+07   0.714740E+07   0.714830E+07  -0.584534E+00   0.691046E+07   0.690876E+07   0.467808E+03
   0.138727E-02   0.712992E+07   0.712804E+07   0.827129E+06   0.712740E+06   0.000000E+00   0.712960E+07   0.712960E+07   0.713034E+07  -0.583026E+00   0.689307E+07   0.689133E+07   0.432219E+03
   0.153331E-02   0.710940E+07   0.710744E+07   0.724376E+06   0.636816E+06   0.000000E+00   0.710908E+07   0.710908E+07   0.710973E+07  -0.581308E+00   0.687301E+07   0.687127E+07   0.391828E+03
   0.169474E-02   0.708584E+07   0.708383E+07   0.641996E+06   0.577879E+06   0.000000E+00   0.708551E+07   0.708551E+07   0.708609E+07  -0.579353E+00   0.685002E+07   0.684829E+07   0.350128E+03
   0.187315E-02   0.705889E+07   0.705685E+07   0.534405E+06   0.489195E+06   0.000000E+00   0.705855E+07   0.705855E+07   0.705904E+07  -0.577128E+00   0.682377E+07   0.682208E+07   0.310430E+03
   0.207035E-02   0.702817E+07   0.702610E+07   0.401031E+06   0.371385E+06   0.000000E+00   0.702783E+07   0.702783E+07   0.702819E+07  -0.574597E+00   0.679392E+07   0.679226E+07   0.275018E+03
   0.228831E-02   0.699328E+07   0.699116E+07   0.286282E+06   0.269791E+06   0.000000E+00   0.699293E+07   0.699293E+07   0.699319E+07  -0.571725E+00   0.676006E+07   0.675843E+07   0.244778E+03
   0.252922E-02   0.695378E+07   0.695157E+07   0.229118E+06   0.221303E+06   0.000000E+00   0.695341E+07   0.695341E+07   0.695362E+07  -0.568480E+00   0.672175E+07   0.672014E+07   0.219550E+03
   0.279549E-02   0.690921E+07   0.690687E+07   0.208040E+06   0.185372E+06   0.000000E+00   0.690882E+07   0.690882E+07   0.690901E+07  -0.564823E+00   0.667855E+07   0.667694E+07   0.198662E+03
   0.308979E-02   0.685911E+07   0.685657E+07   0.171051E+06   0.150650E+06   0.000000E+00   0.685868E+07   0.685868E+07   0.685884E+07  -0.560716E+00   0.663000E+07   0.662838E+07   0.180911E+03
   0.341507E-02   0.680296E+07   0.680019E+07   0.125612E+06   0.122316E+06   0.000000E+00   0.680249E+07   0.680249E+07   0.680261E+07  -0.556115E+00   0.657563E+07   0.657399E+07   0.164507E+03
   0.377460E-02   0.674025E+07   0.673723E+07   0.110083E+06   0.992059E+05   0.000000E+00   0.673975E+07   0.673975E+07   0.673985E+07  -0.550980E+00   0.651492E+07   0.651329E+07   0.148300E+03
   0.417198E-02   0.667046E+07   0.666714E+07   0.930041E+05   0.803691E+05   0.000000E+00   0.666991E+07   0.666991E+07   0.666999E+07  -0.545266E+00   0.644736E+07   0.644575E+07   0.132963E+03
   0.461119E-02   0.659304E+07   0.658937E+07   0.672312E+05   0.650263E+05   0.000000E+00   0.659243E+07   0.659243E+07   0.659249E+07  -0.538929E+00   0.637243E+07   0.637083E+07   0.119506E+03
   0.509664E-02   0.650745E+07   0.650333E+07   0.622131E+05   0.525384E+05   0.000000E+00   0.650676E+07   0.650676E+07   0.650682E+07  -0.531923E+00   0.628960E+07   0.628800E+07   0.107909E+03
   0.563320E-02   0.641313E+07   0.640847E+07   0.447640E+05   0.423836E+05   0.000000E+00   0.641236E+07   0.641236E+07   0.641240E+07  -0.524202E+00   0.619832E+07   0.619672E+07   0.975907E+02
   0.622625E-02   0.630954E+07   0.630423E+07   0.382399E+05   0.341336E+05   0.000000E+00   0.630865E+07   0.630865E+07   0.630869E+07  -0.515722E+00   0.609805E+07   0.609646E+07   0.879158E+02
   0.688173E-02   0.619610E+07   0.619002E+07   0.284727E+05   0.274383E+05   0.000000E+00   0.619508E+07   0.619508E+07   0.619511E+07  -0.506437E+00   0.598826E+07   0.598668E+07   0.792688E+02
   0.760622E-02   0.607226E+07   0.606525E+07   0.229803E+05   0.220110E+05   0.000000E+00   0.607109E+07   0.607109E+07   0.607111E+07  -0.496299E+00   0.586840E+07   0.586681E+07   0.717179E+02
   0.840698E-02   0.593745E+07   0.592935E+07   0.202339E+05   0.176172E+05   0.000000E+00   0.593610E+07   0.593610E+07   0.593612E+07  -0.485263E+00   0.573791E+07   0.573633E+07   0.648826E+02
   0.929204E-02   0.579113E+07   0.578171E+07   0.146749E+05   0.140650E+05   0.000000E+00   0.578956E+07   0.578956E+07   0.578957E+07  -0.473283E+00   0.559626E+07   0.559467E+07   0.587886E+02
   0.102703E-01   0.563272E+07   0.562176E+07   0.116490E+05   0.111978E+05   0.000000E+00   0.563090E+07   0.563090E+07   0.563091E+07  -0.460312E+00   0.544289E+07   0.544130E+07   0.534086E+02
   0.113515E-01   0.546168E+07   0.544892E+07   0.908363E+04   0.888733E+04   0.000000E+00   0.545956E+07   0.545956E+07   0.545956E+07  -0.446305E+00   0.527728E+07   0.527567E+07   0.486063E+02
   0.125466E-01   0.527750E+07   0.526263E+07   0.714948E+04   0.702904E+04   0.000000E+00   0.527502E+07   0.527502E+07   0.527503E+07  -0.431219E+00   0.509891E+07   0.509729E+07   0.443653E+02
   0.138674E-01   0.507972E+07   0.506244E+07   0.598600E+04   0.553761E+04   0.000000E+00   0.507684E+07   0.507684E+07   0.507685E+07  -0.415018E+00   0.490736E+07   0.490572E+07   0.405952E+02
   0.153273E-01   0.486802E+07   0.484800E+07   0.455112E+04   0.434350E+04   0.000000E+00   0.486469E+07   0.486469E+07   0.486469E+07  -0.397675E+00   0.470229E+07   0.470063E+07   0.372428E+02
   0.169409E-01   0.464228E+07   0.461920E+07   0.341654E+04   0.339010E+04   0.000000E+00   0.463844E+07   0.463844E+07   0.463844E+07  -0.379179E+00   0.448361E+07   0.448192E+07   0.342403E+02
   0.187244E-01   0.440273E+07   0.437631E+07   0.268773E+04   0.263137E+04   0.000000E+00   0.439832E+07   0.439832E+07   0.439833E+07  -0.359551E+00   0.425153E+07   0.424982E+07   0.315176E+02
   0.206957E-01   0.415009E+07   0.412015E+07   0.228098E+04   0.202994E+04   0.000000E+00   0.414510E+07   0.414510E+07   0.414511E+07  -0.338851E+00   0.400678E+07   0.400504E+07   0.290050E+02
   0.228745E-01   0.388587E+07   0.385233E+07   0.169907E+04   0.155548E+04   0.000000E+00   0.388028E+07   0.388028E+07   0.388028E+07  -0.317202E+00   0.375082E+07   0.374905E+07   0.266322E+02
   0.252826E-01   0.361254E+07   0.357555E+07   0.119213E+04   0.118338E+04   0.000000E+00   0.360638E+07   0.360638E+07   0.360638E+07  -0.294811E+00   0.348608E+07   0.348429E+07   0.243226E+02
   0.279443E-01   0.333386E+07   0.329385E+07   0.871626E+03   0.893681E+03   0.000000E+00   0.332720E+07   0.332720E+07   0.332720E+07  -0.271989E+00   0.321623E+07   0.321444E+07   0.220086E+02
   0.308862E-01   0.305503E+07   0.301279E+07   0.739138E+03   0.670146E+03   0.000000E+00   0.304799E+07   0.304799E+07   0.304799E+07  -0.249164E+00   0.294635E+07   0.294459E+07   0.196364E+02
   0.341378E-01   0.278265E+07   0.273941E+07   0.559428E+03   0.499506E+03   0.000000E+00   0.277544E+07   0.277544E+07   0.277544E+07  -0.226884E+00   0.268291E+07   0.268121E+07   0.171683E+02
   0.377317E-01   0.252436E+07   0.248173E+07   0.371533E+03   0.370843E+03   0.000000E+00   0.251725E+07   0.251725E+07   0.251726E+07  -0.205778E+00   0.243334E+07   0.243174E+07   0.146012E+02
   0.417040E-01   0.228781E+07   0.224774E+07   0.285838E+03   0.275088E+03   0.000000E+00   0.228113E+07   0.228113E+07   0.228113E+07  -0.186476E+00   0.220509E+07   0.220364E+07   0.119778E+02
   0.458744E-01   0.208757E+07   0.205176E+07   0.217823E+03   0.207461E+03   0.000000E+00   0.208160E+07   0.208160E+07   0.208160E+07  -0.170165E+00   0.201220E+07   0.201093E+07   0.951563E+01
   0.500448E-01   0.193008E+07   0.189945E+07   0.169263E+03   0.161211E+03   0.000000E+00   0.192497E+07   0.192497E+07   0.192497E+07  -0.157361E+00   0.186078E+07   0.185970E+07   0.741093E+01
   0.542152E-01   0.180320E+07   0.177794E+07   0.134788E+03   0.128377E+03   0.000000E+00   0.179899E+07   0.179899E+07   0.179899E+07  -0.147062E+00   0.173898E+07   0.173808E+07   0.569864E+01
   0.583856E-01   0.169741E+07   0.167702E+07   0.109441E+03   0.104235E+03   0.000000E+00   0.169401E+07   0.169401E+07   0.169401E+07  -0.138481E+00   0.163749E+07   0.163674E+07   0.438703E+01
   0.625560E-01   0.160458E+07   0.158810E+07   0.901495E+02   0.858609E+02   0.000000E+00   0.160183E+07   0.160183E+07   0.160183E+07  -0.130945E+00   0.154837E+07   0.154774E+07   0.345245E+01
   0.667264E-01   0.151787E+07   0.150406E+07   0.749670E+02   0.714007E+02   0.000000E+00   0.151557E+07   0.151557E+07   0.151557E+07  -0.123894E+00   0.146498E+07   0.146443E+07   0.284403E+01
   0.708968E-01   0.143297E+07   0.142054E+07   0.626968E+02   0.597141E+02   0.000000E+00   0.143090E+07   0.143090E+07   0.143090E+07  -0.116972E+00   0.138313E+07   0.138262E+07   0.249357E+01
   0.750672E-01   0.134805E+07   0.133589E+07   0.526065E+02   0.501039E+02   0.000000E+00   0.134602E+07   0.134602E+07   0.134602E+07  -0.110034E+00   0.130110E+07   0.130059E+07   0.232518E+01
   0.792376E-01   0.126350E+07   0.125078E+07   0.442449E+02   0.421401E+02   0.000000E+00   0.126138E+07   0.126138E+07   0.126138E+07  -0.103114E+00   0.121928E+07   0.121876E+07   0.226471E+01
   0.834080E-01   0.118104E+07   0.116735E+07   0.373150E+02   0.355399E+02   0.000000E+00   0.117876E+07   0.117876E+07   0.117876E+07  -0.963603E-01   0.113943E+07   0.113889E+07   0.224772E+01
   0.875784E-01   0.110284E+07   0.108811E+07   0.315947E+02   0.300917E+02   0.000000E+00   0.110038E+07   0.110038E+07   0.110038E+07  -0.899532E-01   0.106368E+07   0.106311E+07   0.222484E+01
   0.927733E-01   0.101447E+07   0.998866E+06   0.258900E+02   0.246585E+02   0.000000E+00   0.101187E+07   0.101187E+07   0.101187E+07  -0.827174E-01   0.978127E+06   0.977549E+06   0.214228E+01
   0.979682E-01   0.939169E+06   0.923501E+06   0.214888E+02   0.204667E+02   0.000000E+00   0.936558E+06   0.936558E+06   0.936558E+06  -0.765608E-01   0.905331E+06   0.904767E+06   0.198044E+01
   0.103163E+00   0.878485E+06   0.863658E+06   0.181264E+02   0.172642E+02   0.000000E+00   0.876014E+06   0.876014E+06   0.876014E+06  -0.716116E-01   0.846806E+06   0.846281E+06   0.175064E+01
   0.108358E+00   0.831237E+06   0.817981E+06   0.155490E+02   0.148094E+02   0.000000E+00   0.829028E+06   0.829028E+06   0.829028E+06  -0.677706E-01   0.801381E+06   0.800914E+06   0.148472E+01
   0.113553E+00   0.793918E+06   0.782614E+06   0.135274E+02   0.128839E+02   0.000000E+00   0.792034E+06   0.792034E+06   0.792034E+06  -0.647465E-01   0.765614E+06   0.765211E+06   0.122115E+01
   0.118748E+00   0.762282E+06   0.752902E+06   0.118809E+02   0.113157E+02   0.000000E+00   0.760718E+06   0.760718E+06   0.760718E+06  -0.621865E-01   0.735336E+06   0.734993E+06   0.993569E+00
   0.123943E+00   0.732615E+06   0.724787E+06   0.104844E+02   0.998563E+01   0.000000E+00   0.731310E+06   0.731310E+06   0.731310E+06  -0.597825E-01   0.706903E+06   0.706607E+06   0.823179E+00
   0.129137E+00   0.702258E+06   0.695401E+06   0.925916E+01   0.881868E+01   0.000000E+00   0.701116E+06   0.701116E+06   0.701116E+06  -0.573141E-01   0.677714E+06   0.677445E+06   0.715799E+00
   0.134332E+00   0.669881E+06   0.663376E+06   0.816242E+01   0.777412E+01   0.000000E+00   0.668797E+06   0.668797E+06   0.668797E+06  -0.546722E-01   0.646474E+06   0.646215E+06   0.663442E+00
   0.139527E+00   0.635606E+06   0.628948E+06   0.717782E+01   0.683636E+01   0.000000E+00   0.634496E+06   0.634496E+06   0.634496E+06  -0.518682E-01   0.613322E+06   0.613058E+06   0.648996E+00
   0.144722E+00   0.600676E+06   0.593577E+06   0.630359E+01   0.600373E+01   0.000000E+00   0.599493E+06   0.599493E+06   0.599493E+06  -0.490068E-01   0.579490E+06   0.579216E+06   0.652037E+00
   0.149917E+00   0.566841E+06   0.559259E+06   0.554187E+01   0.527824E+01   0.000000E+00   0.565577E+06   0.565577E+06   0.565577E+06  -0.462343E-01   0.546711E+06   0.546426E+06   0.654113E+00
   0.155112E+00   0.535853E+06   0.527959E+06   0.489269E+01   0.465995E+01   0.000000E+00   0.534537E+06   0.534537E+06   0.534537E+06  -0.436969E-01   0.516710E+06   0.516420E+06   0.642490E+00
   0.160307E+00   0.509041E+06   0.501136E+06   0.435090E+01   0.414394E+01   0.000000E+00   0.507723E+06   0.507723E+06   0.507723E+06  -0.415049E-01   0.490791E+06   0.490506E+06   0.611785E+00
   0.165502E+00   0.486898E+06   0.479313E+06   0.390446E+01   0.371873E+01   0.000000E+00   0.485634E+06   0.485634E+06   0.485634E+06  -0.396991E-01   0.469438E+06   0.469167E+06   0.563496E+00
   0.170696E+00   0.468952E+06   0.461958E+06   0.353557E+01   0.336739E+01   0.000000E+00   0.467787E+06   0.467787E+06   0.467787E+06  -0.382402E-01   0.452185E+06   0.451935E+06   0.504012E+00
   0.175891E+00   0.454080E+06   0.447821E+06   0.322486E+01   0.307146E+01   0.000000E+00   0.453037E+06   0.453037E+06   0.453037E+06  -0.370344E-01   0.437924E+06   0.437698E+06   0.441943E+00
   0.181086E+00   0.440945E+06   0.435423E+06   0.295515E+01   0.281457E+01   0.000000E+00   0.440025E+06   0.440025E+06   0.440025E+06  -0.359707E-01   0.425343E+06   0.425140E+06   0.385518E+00
   0.186281E+00   0.428288E+06   0.423378E+06   0.271298E+01   0.258392E+01   0.000000E+00   0.427470E+06   0.427470E+06   0.427470E+06  -0.349444E-01   0.413205E+06   0.413020E+06   0.340605E+00
   0.191476E+00   0.415126E+06   0.410623E+06   0.248912E+01   0.237071E+01   0.000000E+00   0.414375E+06   0.414375E+06   0.414375E+06  -0.338740E-01   0.400546E+06   0.400374E+06   0.309703E+00
   0.196671E+00   0.400973E+06   0.396653E+06   0.227895E+01   0.217054E+01   0.000000E+00   0.400253E+06   0.400253E+06   0.400253E+06  -0.327195E-01   0.386895E+06   0.386728E+06   0.291979E+00
   0.201866E+00   0.385921E+06   0.381595E+06   0.208180E+01   0.198277E+01   0.000000E+00   0.385200E+06   0.385200E+06   0.385200E+06  -0.314890E-01   0.372346E+06   0.372179E+06   0.284083E+00
   0.207060E+00   0.370478E+06   0.366030E+06   0.189920E+01   0.180886E+01   0.000000E+00   0.369737E+06   0.369737E+06   0.369737E+06  -0.302249E-01   0.357400E+06   0.357231E+06   0.281399E+00
   0.212255E+00   0.355322E+06   0.350722E+06   0.173315E+01   0.165070E+01   0.000000E+00   0.354556E+06   0.354556E+06   0.354556E+06  -0.289839E-01   0.342727E+06   0.342555E+06   0.279347E+00
   0.217450E+00   0.341118E+06   0.336417E+06   0.158508E+01   0.150968E+01   0.000000E+00   0.340335E+06   0.340335E+06   0.340335E+06  -0.278214E-01   0.328982E+06   0.328809E+06   0.274431E+00
   0.222645E+00   0.328379E+06   0.323680E+06   0.145537E+01   0.138614E+01   0.000000E+00   0.327596E+06   0.327596E+06   0.327596E+06  -0.267800E-01   0.316669E+06   0.316498E+06   0.264824E+00
   0.227840E+00   0.317331E+06   0.312755E+06   0.134298E+01   0.127910E+01   0.000000E+00   0.316568E+06   0.316568E+06   0.316568E+06  -0.258785E-01   0.306009E+06   0.305843E+06   0.250434E+00
   0.233035E+00   0.307877E+06   0.303529E+06   0.124559E+01   0.118634E+01   0.000000E+00   0.307152E+06   0.307152E+06   0.307152E+06  -0.251088E-01   0.296907E+06   0.296749E+06   0.232563E+00
   0.238230E+00   0.299686E+06   0.295631E+06   0.116027E+01   0.110508E+01   0.000000E+00   0.299010E+06   0.299010E+06   0.299010E+06  -0.244432E-01   0.289035E+06   0.288887E+06   0.213312E+00
   0.243425E+00   0.292306E+06   0.288556E+06   0.108405E+01   0.103248E+01   0.000000E+00   0.291681E+06   0.291681E+06   0.291681E+06  -0.238440E-01   0.281949E+06   0.281811E+06   0.194910E+00
   0.248619E+00   0.285249E+06   0.281771E+06   0.101425E+01   0.966000E+00   0.000000E+00   0.284669E+06   0.284669E+06   0.284669E+06  -0.232709E-01   0.275171E+06   0.275042E+06   0.179136E+00
   0.253814E+00   0.278098E+06   0.274824E+06   0.948829E+00   0.903692E+00   0.000000E+00   0.277552E+06   0.277552E+06   0.277552E+06  -0.226891E-01   0.268291E+06   0.268167E+06   0.166966E+00
   0.259009E+00   0.270624E+06   0.267472E+06   0.886683E+00   0.844503E+00   0.000000E+00   0.270099E+06   0.270099E+06   0.270099E+06  -0.220798E-01   0.261086E+06   0.260967E+06   0.158497E+00
   0.264204E+00   0.262836E+06   0.259732E+06   0.827608E+00   0.788238E+00   0.000000E+00   0.262318E+06   0.262318E+06   0.262318E+06  -0.214437E-01   0.253565E+06   0.253448E+06   0.153083E+00
   0.269399E+00   0.254899E+06   0.251791E+06   0.771908E+00   0.735187E+00   0.000000E+00   0.254381E+06   0.254381E+06   0.254381E+06  -0.207949E-01   0.245893E+06   0.245776E+06   0.149606E+00
   0.274594E+00   0.247036E+06   0.243903E+06   0.719996E+00   0.685745E+00   0.000000E+00   0.246514E+06   0.246514E+06   0.246514E+06  -0.201518E-01   0.238289E+06   0.238172E+06   0.146813E+00
   0.279789E+00   0.239477E+06   0.236328E+06   0.672231E+00   0.640253E+00   0.000000E+00   0.238952E+06   0.238952E+06   0.238952E+06  -0.195336E-01   0.230980E+06   0.230864E+06   0.143630E+00
   0.284984E+00   0.232434E+06   0.229299E+06   0.628854E+00   0.598940E+00   0.000000E+00   0.231912E+06   0.231912E+06   0.231912E+06  -0.189581E-01   0.224176E+06   0.224060E+06   0.139378E+00
   0.290178E+00   0.226048E+06   0.222969E+06   0.589862E+00   0.561802E+00   0.000000E+00   0.225535E+06   0.225535E+06   0.225535E+06  -0.184368E-01   0.218012E+06   0.217899E+06   0.133851E+00
   0.295373E+00   0.220330E+06   0.217347E+06   0.554904E+00   0.528507E+00   0.000000E+00   0.219833E+06   0.219833E+06   0.219833E+06  -0.179707E-01   0.212500E+06   0.212390E+06   0.127259E+00
   0.300568E+00   0.215172E+06   0.212312E+06   0.523365E+00   0.498469E+00   0.000000E+00   0.214695E+06   0.214695E+06   0.214695E+06  -0.175507E-01   0.207533E+06   0.207428E+06   0.120095E+00
   0.305763E+00   0.210407E+06   0.207683E+06   0.494563E+00   0.471036E+00   0.000000E+00   0.209953E+06   0.209953E+06   0.209953E+06  -0.171630E-01   0.202948E+06   0.202848E+06   0.112967E+00
   0.310958E+00   0.205868E+06   0.203273E+06   0.467889E+00   0.445632E+00   0.000000E+00   0.205435E+06   0.205435E+06   0.205435E+06  -0.167937E-01   0.198581E+06   0.198485E+06   0.106434E+00
   0.316153E+00   0.201408E+06   0.198922E+06   0.442855E+00   0.421789E+00   0.000000E+00   0.200994E+06   0.200994E+06   0.200994E+06  -0.164307E-01   0.194288E+06   0.194195E+06   0.100872E+00
   0.321348E+00   0.196919E+06   0.194513E+06   0.419107E+00   0.399170E+00   0.000000E+00   0.196518E+06   0.196518E+06   0.196518E+06  -0.160648E-01   0.189961E+06   0.189871E+06   0.964177E-01
   0.326543E+00   0.192351E+06   0.189997E+06   0.396462E+00   0.377602E+00   0.000000E+00   0.191959E+06   0.191959E+06   0.191959E+06  -0.156921E-01   0.185554E+06   0.185466E+06   0.929759E-01
   0.331737E+00   0.187734E+06   0.185409E+06   0.374911E+00   0.357076E+00   0.000000E+00   0.187346E+06   0.187346E+06   0.187346E+06  -0.153150E-01   0.181096E+06   0.181008E+06   0.902867E-01
   0.336932E+00   0.183148E+06   0.180839E+06   0.354548E+00   0.337682E+00   0.000000E+00   0.182763E+06   0.182763E+06   0.182763E+06  -0.149404E-01   0.176666E+06   0.176580E+06   0.880101E-01
   0.342127E+00   0.178688E+06   0.176392E+06   0.335475E+00   0.319516E+00   0.000000E+00   0.178306E+06   0.178306E+06   0.178306E+06  -0.145760E-01   0.172357E+06   0.172271E+06   0.858144E-01
   0.347322E+00   0.174429E+06   0.172154E+06   0.317744E+00   0.302629E+00   0.000000E+00   0.174049E+06   0.174049E+06   0.174049E+06  -0.142280E-01   0.168243E+06   0.168159E+06   0.834478E-01
   0.352517E+00   0.170420E+06   0.168179E+06   0.301354E+00   0.287018E+00   0.000000E+00   0.170047E+06   0.170047E+06   0.170047E+06  -0.139008E-01   0.164374E+06   0.164291E+06   0.807821E-01
   0.357712E+00   0.166685E+06   0.164491E+06   0.286250E+00   0.272633E+00   0.000000E+00   0.166320E+06   0.166320E+06   0.166320E+06  -0.135962E-01   0.160771E+06   0.160690E+06   0.778177E-01
   0.362907E+00   0.163212E+06   0.161077E+06   0.272322E+00   0.259367E+00   0.000000E+00   0.162856E+06   0.162856E+06   0.162856E+06  -0.133130E-01   0.157423E+06   0.157344E+06   0.746571E-01
   0.368102E+00   0.159951E+06   0.157882E+06   0.259409E+00   0.247068E+00   0.000000E+00   0.159606E+06   0.159606E+06   0.159606E+06  -0.130473E-01   0.154281E+06   0.154205E+06   0.714590E-01
   0.373296E+00   0.156839E+06   0.154836E+06   0.247338E+00   0.235572E+00   0.000000E+00   0.156505E+06   0.156505E+06   0.156505E+06  -0.127938E-01   0.151283E+06   0.151209E+06   0.683903E-01
   0.378491E+00   0.153814E+06   0.151872E+06   0.235962E+00   0.224737E+00   0.000000E+00   0.153491E+06   0.153491E+06   0.153491E+06  -0.125474E-01   0.148370E+06   0.148297E+06   0.655858E-01
   0.383686E+00   0.150834E+06   0.148944E+06   0.225170E+00   0.214459E+00   0.000000E+00   0.150519E+06   0.150519E+06   0.150519E+06  -0.123045E-01   0.145497E+06   0.145427E+06   0.631215E-01
   0.388881E+00   0.147872E+06   0.146022E+06   0.214891E+00   0.204668E+00   0.000000E+00   0.147564E+06   0.147564E+06   0.147564E+06  -0.120629E-01   0.142640E+06   0.142571E+06   0.610048E-01
   0.394076E+00   0.144920E+06   0.143102E+06   0.205084E+00   0.195328E+00   0.000000E+00   0.144617E+06   0.144617E+06   0.144617E+06  -0.118220E-01   0.139792E+06   0.139724E+06   0.591836E-01
   0.399271E+00   0.141994E+06   0.140201E+06   0.195745E+00   0.186434E+00   0.000000E+00   0.141695E+06   0.141695E+06   0.141695E+06  -0.115832E-01   0.136968E+06   0.136901E+06   0.575696E-01
   0.404466E+00   0.139126E+06   0.137353E+06   0.186892E+00   0.178002E+00   0.000000E+00   0.138830E+06   0.138830E+06   0.138830E+06  -0.113490E-01   0.134198E+06   0.134132E+06   0.560636E-01
   0.409661E+00   0.136346E+06   0.134595E+06   0.178539E+00   0.170046E+00   0.000000E+00   0.136054E+06   0.136054E+06   0.136054E+06  -0.111220E-01   0.131515E+06   0.131450E+06   0.545782E-01
   0.414855E+00   0.133675E+06   0.131949E+06   0.170683E+00   0.162564E+00   0.000000E+00   0.133387E+06   0.133387E+06   0.133387E+06  -0.109040E-01   0.128937E+06   0.128873E+06   0.530541E-01
   0.420050E+00   0.131123E+06   0.129426E+06   0.163309E+00   0.155540E+00   0.000000E+00   0.130840E+06   0.130840E+06   0.130840E+06  -0.106958E-01   0.126475E+06   0.126412E+06   0.514681E-01
   0.425245E+00   0.128694E+06   0.127030E+06   0.156391E+00   0.148951E+00   0.000000E+00   0.128416E+06   0.128416E+06   0.128416E+06  -0.104976E-01   0.124132E+06   0.124070E+06   0.498321E-01
   0.430440E+00   0.126378E+06   0.124750E+06   0.149893E+00   0.142763E+00   0.000000E+00   0.126107E+06   0.126107E+06   0.126107E+06  -0.103088E-01   0.121899E+06   0.121839E+06   0.481825E-01
   0.435635E+00   0.124156E+06   0.122566E+06   0.143769E+00   0.136930E+00   0.000000E+00   0.123891E+06   0.123891E+06   0.123891E+06  -0.101277E-01   0.119758E+06   0.119699E+06   0.465659E-01
   0.440830E+00   0.122003E+06   0.120448E+06   0.137967E+00   0.131404E+00   0.000000E+00   0.121744E+06   0.121744E+06   0.121744E+06  -0.995219E-02   0.117682E+06   0.117624E+06   0.450261E-01
   0.446025E+00   0.119898E+06   0.118378E+06   0.132449E+00   0.126148E+00   0.000000E+00   0.119645E+06   0.119645E+06   0.119645E+06  -0.978062E-02   0.115653E+06   0.115597E+06   0.435947E-01
   0.451219E+00   0.117831E+06   0.116340E+06   0.127186E+00   0.121136E+00   0.000000E+00   0.117583E+06   0.117583E+06   0.117583E+06  -0.961205E-02   0.113660E+06   0.113604E+06   0.422859E-01
   0.456414E+00   0.115796E+06   0.114330E+06   0.122160E+00   0.116348E+00   0.000000E+00   0.115551E+06   0.115551E+06   0.115551E+06  -0.944599E-02   0.111696E+06   0.111642E+06   0.410947E-01
   0.461609E+00   0.113789E+06   0.112347E+06   0.117356E+00   0.111773E+00   0.000000E+00   0.113549E+06   0.113549E+06   0.113549E+06  -0.928227E-02   0.109760E+06   0.109707E+06   0.400007E-01
   0.466804E+00   0.111816E+06   0.110394E+06   0.112768E+00   0.107403E+00   0.000000E+00   0.111579E+06   0.111579E+06   0.111579E+06  -0.912128E-02   0.107857E+06   0.107804E+06   0.389758E-01
   0.471999E+00   0.109888E+06   0.108486E+06   0.108396E+00   0.103240E+00   0.000000E+00   0.109654E+06   0.109654E+06   0.109654E+06  -0.896393E-02   0.105996E+06   0.105944E+06   0.379915E-01
   0.477194E+00   0.108016E+06   0.106633E+06   0.104241E+00   0.992826E-01   0.000000E+00   0.107785E+06   0.107785E+06   0.107785E+06  -0.881113E-02   0.104189E+06   0.104138E+06   0.370247E-01
   0.482389E+00   0.106205E+06   0.104842E+06   0.100297E+00   0.955263E-01   0.000000E+00   0.105978E+06   0.105978E+06   0.105978E+06  -0.866335E-02   0.102442E+06   0.102391E+06   0.360613E-01
   0.487584E+00   0.104455E+06   0.103114E+06   0.965539E-01   0.919608E-01   0.000000E+00   0.104231E+06   0.104231E+06   0.104231E+06  -0.852059E-02   0.100754E+06   0.100704E+06   0.350968E-01
   0.492778E+00   0.102764E+06   0.101446E+06   0.929987E-01   0.885747E-01   0.000000E+00   0.102544E+06   0.102544E+06   0.102544E+06  -0.838266E-02   0.991228E+05   0.990739E+05   0.341364E-01
   0.497973E+00   0.101128E+06   0.998336E+05   0.896194E-01   0.853562E-01   0.000000E+00   0.100912E+06   0.100912E+06   0.100912E+06  -0.824928E-02   0.975456E+05   0.974975E+05   0.331912E-01
   0.503168E+00   0.995421E+05   0.982709E+05   0.864023E-01   0.822922E-01   0.000000E+00   0.993302E+05   0.993302E+05   0.993302E+05  -0.811995E-02   0.960163E+05   0.959691E+05   0.322743E-01
   0.508363E+00   0.979968E+05   0.967480E+05   0.833319E-01   0.793677E-01   0.000000E+00   0.977886E+05   0.977886E+05   0.977886E+05  -0.799393E-02   0.945261E+05   0.944797E+05   0.313968E-01
   0.513558E+00   0.964836E+05   0.952562E+05   0.803940E-01   0.765696E-01   0.000000E+00   0.962791E+05   0.962791E+05   0.962791E+05  -0.787053E-02   0.930669E+05   0.930212E+05   0.305654E-01
   0.518753E+00   0.949986E+05   0.937909E+05   0.775793E-01   0.738888E-01   0.000000E+00   0.947973E+05   0.947973E+05   0.947973E+05  -0.774940E-02   0.916346E+05   0.915897E+05   0.297822E-01
   0.523948E+00   0.935413E+05   0.923520E+05   0.748820E-01   0.713198E-01   0.000000E+00   0.933431E+05   0.933431E+05   0.933431E+05  -0.763053E-02   0.902289E+05   0.901847E+05   0.290441E-01
   0.529143E+00   0.921124E+05   0.909401E+05   0.722971E-01   0.688579E-01   0.000000E+00   0.919170E+05   0.919170E+05   0.919170E+05  -0.751394E-02   0.888504E+05   0.888068E+05   0.283443E-01
   0.534337E+00   0.907120E+05   0.895560E+05   0.698201E-01   0.664988E-01   0.000000E+00   0.905193E+05   0.905193E+05   0.905193E+05  -0.739969E-02   0.874993E+05   0.874563E+05   0.276740E-01
   0.539532E+00   0.893420E+05   0.882018E+05   0.674476E-01   0.642391E-01   0.000000E+00   0.891519E+05   0.891519E+05   0.891519E+05  -0.728791E-02   0.861776E+05   0.861352E+05   0.270246E-01
   0.544727E+00   0.880058E+05   0.868814E+05   0.651775E-01   0.620770E-01   0.000000E+00   0.878184E+05   0.878184E+05   0.878184E+05  -0.717890E-02   0.848885E+05   0.848468E+05   0.263900E-01
   0.549922E+00   0.867059E+05   0.855975E+05   0.630073E-01   0.600100E-01   0.000000E+00   0.865212E+05   0.865212E+05   0.865212E+05  -0.707285E-02   0.836346E+05   0.835934E+05   0.257666E-01
   0.555117E+00   0.854415E+05   0.843491E+05   0.609318E-01   0.580332E-01   0.000000E+00   0.852594E+05   0.852594E+05   0.852594E+05  -0.696971E-02   0.824149E+05   0.823743E+05   0.251533E-01
   0.560312E+00   0.842097E+05   0.831336E+05   0.589450E-01   0.561410E-01   0.000000E+00   0.840304E+05   0.840304E+05   0.840304E+05  -0.686924E-02   0.812269E+05   0.811869E+05   0.245516E-01
   0.565507E+00   0.830087E+05   0.819488E+05   0.570418E-01   0.543284E-01   0.000000E+00   0.828321E+05   0.828321E+05   0.828321E+05  -0.677128E-02   0.800686E+05   0.800292E+05   0.239643E-01
   0.615622E+00   0.726547E+05   0.717274E+05   0.421290E-01   0.401249E-01   0.000000E+00   0.725001E+05   0.725001E+05   0.725001E+05  -0.592667E-02   0.700813E+05   0.700468E+05   0.192737E-01
   0.751923E+00   0.528819E+05   0.522077E+05   0.205545E-01   0.195767E-01   0.000000E+00   0.527695E+05   0.527695E+05   0.527695E+05  -0.431375E-02   0.510089E+05   0.509838E+05   0.114954E-01
   0.918401E+00   0.382983E+05   0.378102E+05   0.997842E-02   0.950374E-02   0.000000E+00   0.382169E+05   0.382169E+05   0.382169E+05  -0.312412E-02   0.369419E+05   0.369237E+05   0.683324E-02
   0.112174E+01   0.276127E+05   0.272608E+05   0.482251E-02   0.459310E-02   0.000000E+00   0.275540E+05   0.275540E+05   0.275540E+05  -0.225246E-02   0.266348E+05   0.266215E+05   0.405022E-02
   0.137009E+01   0.198274E+05   0.195748E+05   0.232120E-02   0.221078E-02   0.000000E+00   0.197853E+05   0.197853E+05   0.197853E+05  -0.161739E-02   0.191252E+05   0.191157E+05   0.239616E-02
   0.167343E+01   0.141844E+05   0.140036E+05   0.111311E-02   0.106016E-02   0.000000E+00   0.141542E+05   0.141542E+05   0.141542E+05  -0.115707E-02   0.136820E+05   0.136751E+05   0.141687E-02
   0.204394E+01   0.101129E+05   0.998405E+04   0.531971E-03   0.506665E-03   0.000000E+00   0.100915E+05   0.100915E+05   0.100915E+05  -0.824947E-03   0.975478E+04   0.974980E+04   0.838864E-03
   0.249647E+01   0.718775E+04   0.709611E+04   0.253445E-03   0.241389E-03   0.000000E+00   0.717248E+04   0.717248E+04   0.717248E+04  -0.586329E-03   0.693320E+04   0.692958E+04   0.498446E-03
   0.304920E+01   0.509412E+04   0.502913E+04   0.120404E-03   0.114677E-03   0.000000E+00   0.508329E+04   0.508329E+04   0.508329E+04  -0.415544E-03   0.491371E+04   0.491107E+04   0.298172E-03
   0.372430E+01   0.360086E+04   0.355487E+04   0.570502E-04   0.543365E-04   0.000000E+00   0.359319E+04   0.359319E+04   0.359319E+04  -0.293733E-03   0.347333E+04   0.347137E+04   0.180301E-03
   0.454887E+01   0.253917E+04   0.250669E+04   0.269663E-04   0.256836E-04   0.000000E+00   0.253376E+04   0.253376E+04   0.253376E+04  -0.207127E-03   0.244924E+04   0.244777E+04   0.110766E-03
   0.555600E+01   0.178652E+04   0.176362E+04   0.127179E-04   0.121130E-04   0.000000E+00   0.178271E+04   0.178271E+04   0.178271E+04  -0.145731E-03   0.172325E+04   0.172212E+04   0.695446E-04
   0.678612E+01   0.125437E+04   0.123823E+04   0.598558E-05   0.570090E-05   0.000000E+00   0.125168E+04   0.125168E+04   0.125168E+04  -0.102321E-03   0.120994E+04   0.120905E+04   0.449004E-04
   0.828858E+01   0.879052E+03   0.867677E+03   0.281166E-05   0.267795E-05   0.000000E+00   0.877156E+03   0.877156E+03   0.877156E+03  -0.717049E-04   0.847908E+03   0.847186E+03   0.299758E-04
   0.101237E+02   0.614934E+03   0.606911E+03   0.131838E-05   0.125569E-05   0.000000E+00   0.613596E+03   0.613596E+03   0.613596E+03  -0.501597E-04   0.593142E+03   0.592531E+03   0.207687E-04
   0.123651E+02   0.429457E+03   0.423786E+03   0.617140E-06   0.587801E-06   0.000000E+00   0.428512E+03   0.428512E+03   0.428512E+03  -0.350296E-04   0.414234E+03   0.413696E+03   0.149461E-04
   0.151028E+02   0.299459E+03   0.295434E+03   0.288429E-06   0.274722E-06   0.000000E+00   0.298788E+03   0.298788E+03   0.298788E+03  -0.244251E-04   0.288838E+03   0.288349E+03   0.111475E-04
   0.184466E+02   0.208507E+03   0.205630E+03   0.134598E-06   0.128204E-06   0.000000E+00   0.208027E+03   0.208027E+03   0.208027E+03  -0.170056E-04   0.201106E+03   0.200646E+03   0.857767E-05
   0.225307E+02   0.144979E+03   0.142903E+03   0.627202E-07   0.597429E-07   0.000000E+00   0.144633E+03   0.144633E+03   0.144633E+03  -0.118233E-04   0.139828E+03   0.139384E+03   0.676975E-05
   0.275191E+02   0.100675E+03   0.991537E+02   0.291850E-07   0.278010E-07   0.000000E+00   0.100422E+03   0.100422E+03   0.100422E+03  -0.820917E-05   0.970920E+02   0.966563E+02   0.544751E-05
   0.336118E+02   0.698221E+02   0.686849E+02   0.135610E-07   0.129190E-07   0.000000E+00   0.696325E+02   0.696325E+02   0.696325E+02  -0.569226E-05   0.673309E+02   0.668965E+02   0.444553E-05
   0.410536E+02   0.483649E+02   0.474926E+02   0.629198E-08   0.599477E-08   0.000000E+00   0.482196E+02   0.482196E+02   0.482196E+02  -0.394181E-05   0.466330E+02   0.461959E+02   0.366291E-05
   0.501430E+02   0.334610E+02   0.327703E+02   0.291468E-08   0.277748E-08   0.000000E+00   0.333459E+02   0.333459E+02   0.333459E+02  -0.272593E-05   0.322563E+02   0.318136E+02   0.303656E-05
   0.612448E+02   0.231210E+02   0.225543E+02   0.134778E-08   0.128467E-08   0.000000E+00   0.230266E+02   0.230266E+02   0.230266E+02  -0.188236E-05   0.222819E+02   0.218322E+02   0.252579E-05
   0.748045E+02   0.159553E+02   0.154726E+02   0.621907E-09   0.593011E-09   0.000000E+00   0.158748E+02   0.158748E+02   0.158748E+02  -0.129772E-05   0.153694E+02   0.149120E+02   0.210326E-05
   0.913665E+02   0.109944E+02   0.105684E+02   0.286208E-09   0.273065E-09   0.000000E+00   0.109234E+02   0.109234E+02   0.109234E+02  -0.892957E-06   0.105837E+02   0.101189E+02   0.174983E-05
   0.111595E+03   0.756333E+01   0.717547E+01   0.131265E-09   0.125342E-09   0.000000E+00   0.749869E+01   0.749869E+01   0.749869E+01  -0.612996E-06   0.727368E+01   0.680281E+01   0.145151E-05
