#          k/h    CDM            baryon         photon         nu             mass_nu        total          no_nu          total_de       Weyl           v_CDM          v_b            v_b-v_c     
   0.102819E-04   0.105612E+07   0.105612E+07   0.140812E+07   0.140812E+07   0.000000E+00   0.105612E+07   0.105612E+07   0.106528E+07  -0.601319E+00   0.105395E+07   0.105395E+07   0.957129E-01
   0.113644E-04   0.105612E+07   0.105612E+07   0.140811E+07   0.140811E+07   0.000000E+00   0.105612E+07   0.105612E+07   0.106528E+07  -0.601319E+00   0.105395E+07   0.105395E+07   0.105789E+00
   0.125608E-04   0.105612E+07   0.105612E+07   0.140810E+07   0.140810E+07   0.000000E+00   0.105612E+07   0.105612E+07   0.106528E+07  -0.601319E+00   0.105395E+07   0.105395E+07   0.116926E+00
   0.138832E-04   0.105612E+07   0.105612E+07   0.140809E+07   0.140809E+07   0.000000E+00   0.105612E+07   0.105612E+07   0.106528E+07  -0.601319E+00   0.105395E+07   0.105395E+07   0.129236E+00
   0.153447E-04   0.105612E+07   0.105612E+07   0.140808E+07   0.140808E+07   0.000000E+00   0.105612E+07   0.105612E+07   0.106528E+07  -0.601318E+00   0.105395E+07   0.105395E+07   0.142841E+00
   0.169602E-04   0.105612E+07   0.105612E+07   0.140806E+07   0.140806E+07   0.000000E+00   0.105612E+07   0.105612E+07   0.106528E+07  -0.601318E+00   0.105395E+07   0.105395E+07   0.157879E+00
   0.187457E-04   0.105612E+07   0.105612E+07   0.140804E+07   0.140804E+07   0.000000E+00   0.105612E+07   0.105612E+07   0.106528E+07  -0.601318E+00   0.105395E+07   0.105395E+07   0.174500E+00
   0.207192E-04   0.105611E+07   0.105611E+07   0.140801E+07   0.140801E+07   0.000000E+00   0.105611E+07   0.105611E+07   0.106528E+07  -0.601318E+00   0.105395E+07   0.105395E+07   0.192871E+00
   0.229004E-04   0.105611E+07   0.105611E+07   0.140798E+07   0.140798E+07   0.000000E+00   0.105611E+07   0.105611E+07   0.106527E+07  -0.601317E+00   0.105395E+07   0.105395E+07   0.213175E+00
   0.253113E-04   0.105611E+07   0.105611E+07   0.140794E+07   0.140794E+07   0.000000E+00   0.105611E+07   0.105611E+07   0.106527E+07  -0.601317E+00   0.105395E+07   0.105395E+07   0.235617E+00
   0.279760E-04   0.105611E+07   0.105611E+07   0.140790E+07   0.140789E+07   0.000000E+00   0.105611E+07   0.105611E+07   0.106527E+07  -0.601316E+00   0.105395E+07   0.105395E+07   0.260421E+00
   0.309213E-04   0.105611E+07   0.105611E+07   0.140784E+07   0.140783E+07   0.000000E+00   0.105611E+07   0.105611E+07   0.106527E+07  -0.601315E+00   0.105395E+07   0.105395E+07   0.287837E+00
   0.341766E-04   0.105611E+07   0.105611E+07   0.140777E+07   0.140776E+07   0.000000E+00   0.105611E+07   0.105611E+07   0.106527E+07  -0.601314E+00   0.105395E+07   0.105395E+07   0.318139E+00
   0.377746E-04   0.105611E+07   0.105611E+07   0.140768E+07   0.140767E+07   0.000000E+00   0.105611E+07   0.105611E+07   0.106527E+07  -0.601313E+00   0.105394E+07   0.105394E+07   0.351630E+00
   0.417514E-04   0.105611E+07   0.105611E+07   0.140758E+07   0.140756E+07   0.000000E+00   0.105611E+07   0.105611E+07   0.106526E+07  -0.601311E+00   0.105394E+07   0.105394E+07   0.388646E+00
   0.461468E-04   0.105611E+07   0.105610E+07   0.140745E+07   0.140743E+07   0.000000E+00   0.105611E+07   0.105611E+07   0.106526E+07  -0.601310E+00   0.105394E+07   0.105394E+07   0.429559E+00
   0.510050E-04   0.105610E+07   0.105610E+07   0.140729E+07   0.140727E+07   0.000000E+00   0.105610E+07   0.105610E+07   0.106526E+07  -0.601307E+00   0.105394E+07   0.105394E+07   0.474779E+00
   0.563747E-04   0.105610E+07   0.105610E+07   0.140710E+07   0.140708E+07   0.000000E+00   0.105610E+07   0.105610E+07   0.106525E+07  -0.601305E+00   0.105393E+07   0.105393E+07   0.524757E+00
   0.623096E-04   0.105610E+07   0.105609E+07   0.140687E+07   0.140684E+07   0.000000E+00   0.105610E+07   0.105610E+07   0.106525E+07  -0.601301E+00   0.105393E+07   0.105393E+07   0.579996E+00
   0.688694E-04   0.105609E+07   0.105609E+07   0.140659E+07   0.140654E+07   0.000000E+00   0.105609E+07   0.105609E+07   0.106524E+07  -0.601297E+00   0.105393E+07   0.105393E+07   0.641047E+00
   0.761198E-04   0.105608E+07   0.105608E+07   0.140624E+07   0.140619E+07   0.000000E+00   0.105608E+07   0.105608E+07   0.106523E+07  -0.601292E+00   0.105392E+07   0.105392E+07   0.708523E+00
   0.841334E-04   0.105608E+07   0.105608E+07   0.140581E+07   0.140575E+07   0.000000E+00   0.105608E+07   0.105608E+07   0.106522E+07  -0.601286E+00   0.105391E+07   0.105391E+07   0.783098E+00
   0.929907E-04   0.105607E+07   0.105607E+07   0.140529E+07   0.140522E+07   0.000000E+00   0.105607E+07   0.105607E+07   0.106521E+07  -0.601279E+00   0.105390E+07   0.105390E+07   0.865519E+00
   0.102781E-03   0.105606E+07   0.105606E+07   0.140466E+07   0.140457E+07   0.000000E+00   0.105606E+07   0.105606E+07   0.106520E+07  -0.601270E+00   0.105389E+07   0.105389E+07   0.956609E+00
   0.113601E-03   0.105604E+07   0.105604E+07   0.140389E+07   0.140377E+07   0.000000E+00   0.105604E+07   0.105604E+07   0.106518E+07  -0.601259E+00   0.105388E+07   0.105388E+07   0.105728E+01
   0.125560E-03   0.105603E+07   0.105603E+07   0.140294E+07   0.140280E+07   0.000000E+00   0.105603E+07   0.105603E+07   0.106516E+07  -0.601246E+00   0.105386E+07   0.105386E+07   0.116853E+01
   0.138779E-03   0.105601E+07   0.105601E+07   0.140179E+07   0.140162E+07   0.000000E+00   0.105601E+07   0.105601E+07   0.106513E+07  -0.601229E+00   0.105385E+07   0.105384E+07   0.129148E+01
   0.153389E-03   0.105598E+07   0.105598E+07   0.140038E+07   0.140017E+07   0.000000E+00   0.105598E+07   0.105598E+07   0.106509E+07  -0.601209E+00   0.105382E+07   0.105382E+07   0.142735E+01
   0.169538E-03   0.105596E+07   0.105595E+07   0.139866E+07   0.139841E+07   0.000000E+00   0.105595E+07   0.105595E+07   0.106505E+07  -0.601185E+00   0.105379E+07   0.105379E+07   0.157749E+01
   0.187386E-03   0.105592E+07   0.105592E+07   0.139656E+07   0.139626E+07   0.000000E+00   0.105592E+07   0.105592E+07   0.106500E+07  -0.601155E+00   0.105376E+07   0.105376E+07   0.174339E+01
   0.207114E-03   0.105588E+07   0.105587E+07   0.139401E+07   0.139364E+07   0.000000E+00   0.105587E+07   0.105587E+07   0.106494E+07  -0.601118E+00   0.105371E+07   0.105371E+07   0.192669E+01
   0.228918E-03   0.105582E+07   0.105582E+07   0.139089E+07   0.139044E+07   0.000000E+00   0.105582E+07   0.105582E+07   0.106487E+07  -0.601074E+00   0.105366E+07   0.105366E+07   0.212921E+01
   0.253018E-03   0.105576E+07   0.105575E+07   0.138709E+07   0.138654E+07   0.000000E+00   0.105576E+07   0.105576E+07   0.106478E+07  -0.601020E+00   0.105360E+07   0.105360E+07   0.235294E+01
   0.279655E-03   0.105568E+07   0.105567E+07   0.138246E+07   0.138179E+07   0.000000E+00   0.105568E+07   0.105568E+07   0.106467E+07  -0.600953E+00   0.105352E+07   0.105352E+07   0.260008E+01
   0.309096E-03   0.105558E+07   0.105557E+07   0.137682E+07   0.137601E+07   0.000000E+00   0.105558E+07   0.105558E+07   0.106453E+07  -0.600873E+00   0.105342E+07   0.105342E+07   0.287303E+01
   0.341636E-03   0.105546E+07   0.105545E+07   0.136996E+07   0.136897E+07   0.000000E+00   0.105546E+07   0.105546E+07   0.106437E+07  -0.600774E+00   0.105331E+07   0.105331E+07   0.317444E+01
   0.377603E-03   0.105531E+07   0.105530E+07   0.136162E+07   0.136043E+07   0.000000E+00   0.105531E+07   0.105531E+07   0.106417E+07  -0.600654E+00   0.105317E+07   0.105316E+07   0.350722E+01
   0.417356E-03   0.105514E+07   0.105512E+07   0.135150E+07   0.135005E+07   0.000000E+00   0.105513E+07   0.105513E+07   0.106392E+07  -0.600507E+00   0.105299E+07   0.105299E+07   0.387455E+01
   0.461294E-03   0.105492E+07   0.105490E+07   0.133923E+07   0.133748E+07   0.000000E+00   0.105492E+07   0.105492E+07   0.106363E+07  -0.600329E+00   0.105278E+07   0.105278E+07   0.427989E+01
   0.509857E-03   0.105466E+07   0.105463E+07   0.132438E+07   0.132227E+07   0.000000E+00   0.105465E+07   0.105465E+07   0.106326E+07  -0.600112E+00   0.105252E+07   0.105252E+07   0.472702E+01
   0.563534E-03   0.105434E+07   0.105431E+07   0.130643E+07   0.130390E+07   0.000000E+00   0.105433E+07   0.105433E+07   0.106283E+07  -0.599848E+00   0.105221E+07   0.105220E+07   0.522003E+01
   0.622861E-03   0.105395E+07   0.105391E+07   0.128482E+07   0.128179E+07   0.000000E+00   0.105394E+07   0.105394E+07   0.106229E+07  -0.599528E+00   0.105182E+07   0.105182E+07   0.576335E+01
   0.688433E-03   0.105347E+07   0.105343E+07   0.125886E+07   0.125524E+07   0.000000E+00   0.105346E+07   0.105346E+07   0.106164E+07  -0.599138E+00   0.105136E+07   0.105135E+07   0.636175E+01
   0.760910E-03   0.105289E+07   0.105284E+07   0.122779E+07   0.122351E+07   0.000000E+00   0.105288E+07   0.105288E+07   0.106086E+07  -0.598667E+00   0.105079E+07   0.105078E+07   0.702030E+01
   0.841016E-03   0.105219E+07   0.105212E+07   0.119080E+07   0.118577E+07   0.000000E+00   0.105218E+07   0.105218E+07   0.105991E+07  -0.598097E+00   0.105010E+07   0.105009E+07   0.774441E+01
   0.929556E-03   0.105134E+07   0.105125E+07   0.114700E+07   0.114113E+07   0.000000E+00   0.105132E+07   0.105132E+07   0.105877E+07  -0.597408E+00   0.104926E+07   0.104925E+07   0.853975E+01
   0.102742E-02   0.105030E+07   0.105020E+07   0.109550E+07   0.108874E+07   0.000000E+00   0.105029E+07   0.105029E+07   0.105740E+07  -0.596580E+00   0.104824E+07   0.104822E+07   0.941220E+01
   0.113558E-02   0.104905E+07   0.104893E+07   0.103549E+07   0.102781E+07   0.000000E+00   0.104903E+07   0.104903E+07   0.105575E+07  -0.595586E+00   0.104700E+07   0.104699E+07   0.103678E+02
   0.125513E-02   0.104755E+07   0.104740E+07   0.966318E+06   0.957736E+06   0.000000E+00   0.104752E+07   0.104752E+07   0.105379E+07  -0.594397E+00   0.104551E+07   0.104549E+07   0.114126E+02
   0.138727E-02   0.104573E+07   0.104555E+07   0.887655E+06   0.878288E+06   0.000000E+00   0.104570E+07   0.104570E+07   0.105145E+07  -0.592982E+00   0.104370E+07   0.104368E+07   0.125527E+02
   0.153331E-02   0.104355E+07   0.104333E+07   0.799705E+06   0.789778E+06   0.000000E+00   0.104351E+07   0.104351E+07   0.104869E+07  -0.591306E+00   0.104153E+07   0.104151E+07   0.137938E+02
   0.169474E-02   0.104094E+07   0.104067E+07   0.703440E+06   0.693324E+06   0.000000E+00   0.104090E+07   0.104090E+07   0.104545E+07  -0.589335E+00   0.103893E+07   0.103890E+07   0.151414E+02
   0.187315E-02   0.103784E+07   0.103750E+07   0.600872E+06   0.591107E+06   0.000000E+00   0.103778E+07   0.103778E+07   0.104167E+07  -0.587031E+00   0.103582E+07   0.103578E+07   0.166005E+02
   0.207035E-02   0.103416E+07   0.103375E+07   0.495285E+06   0.486568E+06   0.000000E+00   0.103409E+07   0.103409E+07   0.103729E+07  -0.584360E+00   0.103211E+07   0.103207E+07   0.181755E+02
   0.228831E-02   0.102982E+07   0.102932E+07   0.391327E+06   0.384452E+06   0.000000E+00   0.102974E+07   0.102974E+07   0.103227E+07  -0.581293E+00   0.102773E+07   0.102768E+07   0.198706E+02
   0.252922E-02   0.102474E+07   0.102413E+07   0.294814E+06   0.290536E+06   0.000000E+00   0.102464E+07   0.102464E+07   0.102655E+07  -0.577805E+00   0.102258E+07   0.102251E+07   0.216897E+02
   0.279549E-02   0.101884E+07   0.101810E+07   0.212063E+06   0.210863E+06   0.000000E+00   0.101871E+07   0.101871E+07   0.102009E+07  -0.573876E+00   0.101656E+07   0.101649E+07   0.236373E+02
   0.308979E-02   0.101203E+07   0.101112E+07   0.148605E+06   0.150402E+06   0.000000E+00   0.101188E+07   0.101188E+07   0.101285E+07  -0.569493E+00   0.100960E+07   0.100951E+07   0.257187E+02
   0.341507E-02   0.100423E+07   0.100313E+07   0.107369E+06   0.111264E+06   0.000000E+00   0.100405E+07   0.100405E+07   0.100476E+07  -0.564643E+00   0.100161E+07   0.100150E+07   0.279413E+02
   0.377460E-02   0.995385E+06   0.994050E+06   0.868076E+05   0.910812E+05   0.000000E+00   0.995162E+06   0.995162E+06   0.995739E+06  -0.559307E+00   0.992541E+06   0.992410E+06   0.303148E+02
   0.417198E-02   0.985424E+06   0.983803E+06   0.800689E+05   0.826853E+05   0.000000E+00   0.985154E+06   0.985154E+06   0.985682E+06  -0.553447E+00   0.982335E+06   0.982178E+06   0.328513E+02
   0.461119E-02   0.974287E+06   0.972320E+06   0.766701E+05   0.763447E+05   0.000000E+00   0.973959E+06   0.973959E+06   0.974457E+06  -0.547007E+00   0.970954E+06   0.970767E+06   0.355638E+02
   0.509664E-02   0.961910E+06   0.959526E+06   0.673700E+05   0.647215E+05   0.000000E+00   0.961512E+06   0.961512E+06   0.961944E+06  -0.539910E+00   0.958354E+06   0.958131E+06   0.384640E+02
   0.563320E-02   0.948220E+06   0.945334E+06   0.503172E+05   0.479061E+05   0.000000E+00   0.947739E+06   0.947739E+06   0.948060E+06  -0.532081E+00   0.944476E+06   0.944209E+06   0.415600E+02
   0.622625E-02   0.933142E+06   0.929651E+06   0.329898E+05   0.332150E+05   0.000000E+00   0.932560E+06   0.932560E+06   0.932775E+06  -0.523461E+00   0.929236E+06   0.928917E+06   0.448544E+02
   0.688173E-02   0.916595E+06   0.912380E+06   0.247603E+05   0.268911E+05   0.000000E+00   0.915892E+06   0.915892E+06   0.916059E+06  -0.514018E+00   0.912536E+06   0.912156E+06   0.483459E+02
   0.760622E-02   0.898503E+06   0.893425E+06   0.247419E+05   0.235051E+05   0.000000E+00   0.897657E+06   0.897657E+06   0.897815E+06  -0.503726E+00   0.894279E+06   0.893827E+06   0.520301E+02
   0.840698E-02   0.878794E+06   0.872687E+06   0.220357E+05   0.188217E+05   0.000000E+00   0.877777E+06   0.877777E+06   0.877911E+06  -0.492530E+00   0.874408E+06   0.873872E+06   0.558974E+02
   0.929204E-02   0.857393E+06   0.850066E+06   0.139549E+05   0.150337E+05   0.000000E+00   0.856171E+06   0.856171E+06   0.856265E+06  -0.480371E+00   0.852840E+06   0.852205E+06   0.599264E+02
   0.102703E-01   0.834220E+06   0.825457E+06   0.107534E+05   0.119730E+05   0.000000E+00   0.832760E+06   0.832760E+06   0.832833E+06  -0.467202E+00   0.829490E+06   0.828739E+06   0.640801E+02
   0.113515E-01   0.809202E+06   0.798757E+06   0.110871E+05   0.950452E+04   0.000000E+00   0.807461E+06   0.807461E+06   0.807529E+06  -0.452987E+00   0.804272E+06   0.803387E+06   0.683050E+02
   0.125466E-01   0.782269E+06   0.769871E+06   0.680251E+04   0.751880E+04   0.000000E+00   0.780203E+06   0.780203E+06   0.780249E+06  -0.437678E+00   0.777115E+06   0.776077E+06   0.725261E+02
   0.138674E-01   0.753358E+06   0.738715E+06   0.608629E+04   0.592414E+04   0.000000E+00   0.750918E+06   0.750918E+06   0.750957E+06  -0.421234E+00   0.747953E+06   0.746740E+06   0.766375E+02
   0.153273E-01   0.722424E+06   0.705234E+06   0.473165E+04   0.464700E+04   0.000000E+00   0.719559E+06   0.719559E+06   0.719590E+06  -0.403632E+00   0.716734E+06   0.715326E+06   0.805001E+02
   0.169409E-01   0.689449E+06   0.669418E+06   0.361821E+04   0.362706E+04   0.000000E+00   0.686110E+06   0.686110E+06   0.686134E+06  -0.384860E+00   0.683444E+06   0.681822E+06   0.839334E+02
   0.187244E-01   0.654463E+06   0.631328E+06   0.267957E+04   0.281523E+04   0.000000E+00   0.650607E+06   0.650607E+06   0.650625E+06  -0.364939E+00   0.648114E+06   0.646262E+06   0.867125E+02
   0.206957E-01   0.617566E+06   0.591137E+06   0.244677E+04   0.217161E+04   0.000000E+00   0.613161E+06   0.613161E+06   0.613176E+06  -0.343929E+00   0.610856E+06   0.608765E+06   0.885661E+02
   0.228745E-01   0.578961E+06   0.549169E+06   0.151574E+04   0.166385E+04   0.000000E+00   0.573996E+06   0.573996E+06   0.574006E+06  -0.321957E+00   0.571889E+06   0.569562E+06   0.891829E+02
   0.252826E-01   0.538992E+06   0.505955E+06   0.114842E+04   0.126564E+04   0.000000E+00   0.533485E+06   0.533485E+06   0.533493E+06  -0.299231E+00   0.531582E+06   0.529037E+06   0.882264E+02
   0.279443E-01   0.498175E+06   0.462273E+06   0.960107E+03   0.955632E+03   0.000000E+00   0.492192E+06   0.492192E+06   0.492198E+06  -0.276067E+00   0.490491E+06   0.487769E+06   0.853670E+02
   0.308862E-01   0.457235E+06   0.419181E+06   0.769212E+03   0.716469E+03   0.000000E+00   0.450893E+06   0.450893E+06   0.450897E+06  -0.252901E+00   0.449385E+06   0.446554E+06   0.803328E+02
   0.341378E-01   0.417096E+06   0.377986E+06   0.683116E+03   0.533948E+03   0.000000E+00   0.410578E+06   0.410578E+06   0.410582E+06  -0.230288E+00   0.409245E+06   0.406402E+06   0.729850E+02
   0.377317E-01   0.378834E+06   0.340146E+06   0.351455E+03   0.396379E+03   0.000000E+00   0.372386E+06   0.372386E+06   0.372388E+06  -0.208865E+00   0.371199E+06   0.368469E+06   0.634130E+02
   0.417040E-01   0.343541E+06   0.307037E+06   0.324161E+03   0.294038E+03   0.000000E+00   0.337457E+06   0.337457E+06   0.337459E+06  -0.189273E+00   0.336380E+06   0.333904E+06   0.520357E+02
   0.458744E-01   0.313398E+06   0.280656E+06   0.221825E+03   0.221793E+03   0.000000E+00   0.307941E+06   0.307941E+06   0.307942E+06  -0.172718E+00   0.306931E+06   0.304823E+06   0.402775E+02
   0.500448E-01   0.289455E+06   0.261351E+06   0.172423E+03   0.172398E+03   0.000000E+00   0.284771E+06   0.284771E+06   0.284772E+06  -0.159721E+00   0.283794E+06   0.282102E+06   0.296430E+02
   0.542152E-01   0.270012E+06   0.246742E+06   0.137354E+03   0.137334E+03   0.000000E+00   0.266134E+06   0.266134E+06   0.266134E+06  -0.149268E+00   0.265172E+06   0.263886E+06   0.208034E+02
   0.583856E-01   0.253744E+06   0.234900E+06   0.111563E+03   0.111547E+03   0.000000E+00   0.250604E+06   0.250604E+06   0.250604E+06  -0.140557E+00   0.249653E+06   0.248714E+06   0.140995E+02
   0.625560E-01   0.239513E+06   0.224238E+06   0.919224E+02   0.919091E+02   0.000000E+00   0.236967E+06   0.236967E+06   0.236968E+06  -0.132909E+00   0.236034E+06   0.235352E+06   0.956445E+01
   0.667264E-01   0.226342E+06   0.213528E+06   0.764539E+02   0.764429E+02   0.000000E+00   0.224206E+06   0.224206E+06   0.224207E+06  -0.125752E+00   0.223305E+06   0.222773E+06   0.698454E+01
   0.708968E-01   0.213598E+06   0.202091E+06   0.639424E+02   0.639332E+02   0.000000E+00   0.211680E+06   0.211680E+06   0.211681E+06  -0.118726E+00   0.210826E+06   0.210342E+06   0.597552E+01
   0.750672E-01   0.200995E+06   0.189776E+06   0.536467E+02   0.536390E+02   0.000000E+00   0.199125E+06   0.199125E+06   0.199125E+06  -0.111684E+00   0.198331E+06   0.197812E+06   0.606269E+01
   0.792376E-01   0.188549E+06   0.176874E+06   0.451108E+02   0.451043E+02   0.000000E+00   0.186603E+06   0.186603E+06   0.186603E+06  -0.104661E+00   0.185879E+06   0.185268E+06   0.675847E+01
   0.834080E-01   0.176471E+06   0.163935E+06   0.380351E+02   0.380296E+02   0.000000E+00   0.174381E+06   0.174381E+06   0.174382E+06  -0.978058E-01   0.173730E+06   0.173004E+06   0.762818E+01
   0.875784E-01   0.165029E+06   0.151576E+06   0.321951E+02   0.321904E+02   0.000000E+00   0.162787E+06   0.162787E+06   0.162787E+06  -0.913027E-01   0.162204E+06   0.161371E+06   0.833686E+01
   0.927733E-01   0.152066E+06   0.137825E+06   0.263738E+02   0.263700E+02   0.000000E+00   0.149693E+06   0.149693E+06   0.149693E+06  -0.839584E-01   0.149182E+06   0.148262E+06   0.868528E+01
   0.979682E-01   0.140936E+06   0.126627E+06   0.218866E+02   0.218834E+02   0.000000E+00   0.138551E+06   0.138551E+06   0.138552E+06  -0.777096E-01   0.138091E+06   0.137161E+06   0.831794E+01
   0.103163E+00   0.131856E+06   0.118290E+06   0.184622E+02   0.184596E+02   0.000000E+00   0.129595E+06   0.129595E+06   0.129595E+06  -0.726861E-01   0.129163E+06   0.128300E+06   0.733000E+01
   0.108358E+00   0.124670E+06   0.112511E+06   0.158402E+02   0.158379E+02   0.000000E+00   0.122644E+06   0.122644E+06   0.122644E+06  -0.687873E-01   0.122222E+06   0.121485E+06   0.596843E+01
   0.113553E+00   0.118904E+06   0.108503E+06   0.137849E+02   0.137829E+02   0.000000E+00   0.117171E+06   0.117171E+06   0.117171E+06  -0.657177E-01   0.116749E+06   0.116162E+06   0.453194E+01
   0.118748E+00   0.113981E+06   0.105322E+06   0.121110E+02   0.121093E+02   0.000000E+00   0.112538E+06   0.112538E+06   0.112538E+06  -0.631192E-01   0.112114E+06   0.111669E+06   0.328350E+01
   0.123943E+00   0.109395E+06   0.102150E+06   0.106902E+02   0.106887E+02   0.000000E+00   0.108187E+06   0.108187E+06   0.108187E+06  -0.606791E-01   0.107765E+06   0.107426E+06   0.239289E+01
   0.129137E+00   0.104779E+06   0.984284E+05   0.944214E+01   0.944078E+01   0.000000E+00   0.103720E+06   0.103720E+06   0.103720E+06  -0.581737E-01   0.103308E+06   0.103026E+06   0.191580E+01
   0.134332E+00   0.999414E+05   0.939284E+05   0.832357E+01   0.832237E+01   0.000000E+00   0.989393E+05   0.989393E+05   0.989393E+05  -0.554922E-01   0.985474E+05   0.982708E+05   0.180509E+01
   0.139527E+00   0.948872E+05   0.887544E+05   0.731842E+01   0.731737E+01   0.000000E+00   0.938651E+05   0.938651E+05   0.938651E+05  -0.526462E-01   0.935009E+05   0.931914E+05   0.194401E+01
   0.144722E+00   0.897732E+05   0.832554E+05   0.642555E+01   0.642462E+01   0.000000E+00   0.886869E+05   0.886869E+05   0.886869E+05  -0.497419E-01   0.883540E+05   0.879926E+05   0.218858E+01
   0.149917E+00   0.848274E+05   0.778813E+05   0.564763E+01   0.564681E+01   0.000000E+00   0.836697E+05   0.836697E+05   0.836697E+05  -0.469279E-01   0.833671E+05   0.829554E+05   0.240702E+01
   0.155112E+00   0.802821E+05   0.730564E+05   0.498501E+01   0.498429E+01   0.000000E+00   0.790778E+05   0.790778E+05   0.790779E+05  -0.443525E-01   0.788007E+05   0.783570E+05   0.250749E+01
   0.160307E+00   0.763172E+05   0.690802E+05   0.443252E+01   0.443188E+01   0.000000E+00   0.751111E+05   0.751111E+05   0.751111E+05  -0.421276E-01   0.748522E+05   0.744040E+05   0.245071E+01
   0.165502E+00   0.730016E+05   0.660508E+05   0.397777E+01   0.397719E+01   0.000000E+00   0.718432E+05   0.718432E+05   0.718432E+05  -0.402947E-01   0.715950E+05   0.711705E+05   0.224777E+01
   0.170696E+00   0.702731E+05   0.638520E+05   0.360242E+01   0.360190E+01   0.000000E+00   0.692029E+05   0.692029E+05   0.692029E+05  -0.388139E-01   0.689590E+05   0.685799E+05   0.194640E+01
   0.175891E+00   0.679804E+05   0.622227E+05   0.328649E+01   0.328602E+01   0.000000E+00   0.670208E+05   0.670208E+05   0.670208E+05  -0.375900E-01   0.667775E+05   0.664541E+05   0.161124E+01
   0.181086E+00   0.659442E+05   0.608538E+05   0.301226E+01   0.301183E+01   0.000000E+00   0.650958E+05   0.650958E+05   0.650958E+05  -0.365103E-01   0.648522E+05   0.645827E+05   0.130431E+01
   0.186281E+00   0.639938E+05   0.594608E+05   0.276587E+01   0.276547E+01   0.000000E+00   0.632383E+05   0.632383E+05   0.632383E+05  -0.354685E-01   0.629961E+05   0.627686E+05   0.107056E+01
   0.191476E+00   0.619942E+05   0.578360E+05   0.253787E+01   0.253751E+01   0.000000E+00   0.613012E+05   0.613012E+05   0.613012E+05  -0.343820E-01   0.610635E+05   0.608602E+05   0.930537E+00
   0.196671E+00   0.598762E+05   0.558907E+05   0.232358E+01   0.232324E+01   0.000000E+00   0.592120E+05   0.592120E+05   0.592120E+05  -0.332103E-01   0.589826E+05   0.587851E+05   0.880062E+00
   0.201866E+00   0.576493E+05   0.536647E+05   0.212238E+01   0.212208E+01   0.000000E+00   0.569852E+05   0.569852E+05   0.569852E+05  -0.319613E-01   0.567670E+05   0.565606E+05   0.895952E+00
   0.207060E+00   0.553793E+05   0.512894E+05   0.193596E+01   0.193568E+01   0.000000E+00   0.546977E+05   0.546977E+05   0.546977E+05  -0.306783E-01   0.544924E+05   0.542691E+05   0.945207E+00
   0.212255E+00   0.531557E+05   0.489327E+05   0.176641E+01   0.176615E+01   0.000000E+00   0.524518E+05   0.524518E+05   0.524518E+05  -0.294187E-01   0.522593E+05   0.520184E+05   0.994755E+00
   0.217450E+00   0.510668E+05   0.467546E+05   0.161529E+01   0.161505E+01   0.000000E+00   0.503481E+05   0.503481E+05   0.503481E+05  -0.282388E-01   0.501668E+05   0.499140E+05   0.101916E+01
   0.222645E+00   0.491819E+05   0.448721E+05   0.148300E+01   0.148278E+01   0.000000E+00   0.484636E+05   0.484636E+05   0.484636E+05  -0.271818E-01   0.482910E+05   0.480357E+05   0.100497E+01
   0.227840E+00   0.475320E+05   0.433330E+05   0.136846E+01   0.136827E+01   0.000000E+00   0.468321E+05   0.468321E+05   0.468321E+05  -0.262668E-01   0.466655E+05   0.464182E+05   0.951424E+00
   0.233035E+00   0.461047E+05   0.421113E+05   0.126931E+01   0.126912E+01   0.000000E+00   0.454392E+05   0.454392E+05   0.454392E+05  -0.254855E-01   0.452760E+05   0.450452E+05   0.868141E+00
   0.238230E+00   0.448561E+05   0.411271E+05   0.118249E+01   0.118232E+01   0.000000E+00   0.442346E+05   0.442346E+05   0.442346E+05  -0.248099E-01   0.440733E+05   0.438638E+05   0.770712E+00
   0.243425E+00   0.437256E+05   0.402740E+05   0.110494E+01   0.110478E+01   0.000000E+00   0.431503E+05   0.431503E+05   0.431503E+05  -0.242017E-01   0.429902E+05   0.428025E+05   0.675785E+00
   0.248619E+00   0.426471E+05   0.394428E+05   0.103389E+01   0.103374E+01   0.000000E+00   0.421130E+05   0.421130E+05   0.421131E+05  -0.236200E-01   0.419546E+05   0.417853E+05   0.596877E+00
   0.253814E+00   0.415631E+05   0.385453E+05   0.967266E+00   0.967126E+00   0.000000E+00   0.410601E+05   0.410601E+05   0.410601E+05  -0.230294E-01   0.409043E+05   0.407474E+05   0.541746E+00
   0.259009E+00   0.404416E+05   0.375373E+05   0.903924E+00   0.903794E+00   0.000000E+00   0.399575E+05   0.399575E+05   0.399575E+05  -0.224110E-01   0.398056E+05   0.396544E+05   0.511605E+00
   0.264204E+00   0.392828E+05   0.364248E+05   0.843671E+00   0.843549E+00   0.000000E+00   0.388065E+05   0.388065E+05   0.388065E+05  -0.217654E-01   0.386597E+05   0.385083E+05   0.502019E+00
   0.269399E+00   0.381087E+05   0.352500E+05   0.786836E+00   0.786722E+00   0.000000E+00   0.376323E+05   0.376323E+05   0.376323E+05  -0.211068E-01   0.374912E+05   0.373360E+05   0.504995E+00
   0.274594E+00   0.369483E+05   0.340690E+05   0.733859E+00   0.733754E+00   0.000000E+00   0.364684E+05   0.364684E+05   0.364685E+05  -0.204541E-01   0.363334E+05   0.361731E+05   0.511512E+00
   0.279789E+00   0.358320E+05   0.329390E+05   0.685123E+00   0.685025E+00   0.000000E+00   0.353498E+05   0.353498E+05   0.353498E+05  -0.198267E-01   0.352203E+05   0.350563E+05   0.513793E+00
   0.284984E+00   0.347882E+05   0.319089E+05   0.640883E+00   0.640790E+00   0.000000E+00   0.343083E+05   0.343083E+05   0.343083E+05  -0.192425E-01   0.341836E+05   0.340188E+05   0.506849E+00
   0.290178E+00   0.338364E+05   0.310078E+05   0.601135E+00   0.601048E+00   0.000000E+00   0.333650E+05   0.333650E+05   0.333650E+05  -0.187134E-01   0.332439E+05   0.330820E+05   0.489086E+00
   0.295373E+00   0.329784E+05   0.302366E+05   0.565520E+00   0.565439E+00   0.000000E+00   0.325214E+05   0.325214E+05   0.325215E+05  -0.182403E-01   0.324031E+05   0.322474E+05   0.462036E+00
   0.300568E+00   0.321996E+05   0.295703E+05   0.533403E+00   0.533326E+00   0.000000E+00   0.317614E+05   0.317614E+05   0.317614E+05  -0.178140E-01   0.316450E+05   0.314977E+05   0.429394E+00
   0.305763E+00   0.314774E+05   0.289713E+05   0.504077E+00   0.504005E+00   0.000000E+00   0.310597E+05   0.310597E+05   0.310597E+05  -0.174205E-01   0.309450E+05   0.308069E+05   0.395728E+00
   0.310958E+00   0.307895E+05   0.284010E+05   0.476917E+00   0.476849E+00   0.000000E+00   0.303914E+05   0.303914E+05   0.303914E+05  -0.170456E-01   0.302782E+05   0.301486E+05   0.365231E+00
   0.316153E+00   0.301159E+05   0.278268E+05   0.451418E+00   0.451353E+00   0.000000E+00   0.297344E+05   0.297344E+05   0.297344E+05  -0.166772E-01   0.296230E+05   0.295001E+05   0.340797E+00
   0.321348E+00   0.294414E+05   0.272263E+05   0.427218E+00   0.427157E+00   0.000000E+00   0.290722E+05   0.290722E+05   0.290722E+05  -0.163058E-01   0.289631E+05   0.288445E+05   0.323582E+00
   0.326543E+00   0.287589E+05   0.265921E+05   0.404132E+00   0.404074E+00   0.000000E+00   0.283978E+05   0.283978E+05   0.283978E+05  -0.159275E-01   0.282913E+05   0.281747E+05   0.313037E+00
   0.331737E+00   0.280720E+05   0.259326E+05   0.382154E+00   0.382098E+00   0.000000E+00   0.277154E+05   0.277154E+05   0.277154E+05  -0.155448E-01   0.276119E+05   0.274955E+05   0.307340E+00
   0.336932E+00   0.273914E+05   0.252676E+05   0.361383E+00   0.361331E+00   0.000000E+00   0.270374E+05   0.270374E+05   0.270375E+05  -0.151645E-01   0.269370E+05   0.268201E+05   0.304034E+00
   0.342127E+00   0.267297E+05   0.246192E+05   0.341929E+00   0.341880E+00   0.000000E+00   0.263780E+05   0.263780E+05   0.263780E+05  -0.147946E-01   0.262805E+05   0.261631E+05   0.300707E+00
   0.347322E+00   0.260969E+05   0.240057E+05   0.323847E+00   0.323800E+00   0.000000E+00   0.257483E+05   0.257483E+05   0.257483E+05  -0.144415E-01   0.256536E+05   0.255365E+05   0.295535E+00
   0.352517E+00   0.254996E+05   0.234391E+05   0.307138E+00   0.307093E+00   0.000000E+00   0.251562E+05   0.251562E+05   0.251562E+05  -0.141094E-01   0.250638E+05   0.249482E+05   0.287586E+00
   0.357712E+00   0.249410E+05   0.229239E+05   0.291745E+00   0.291703E+00   0.000000E+00   0.246048E+05   0.246048E+05   0.246048E+05  -0.138001E-01   0.245145E+05   0.244015E+05   0.276859E+00
   0.362907E+00   0.244196E+05   0.224564E+05   0.277553E+00   0.277513E+00   0.000000E+00   0.240924E+05   0.240924E+05   0.240924E+05  -0.135127E-01   0.240037E+05   0.238944E+05   0.264109E+00
   0.368102E+00   0.239288E+05   0.220256E+05   0.264399E+00   0.264361E+00   0.000000E+00   0.236116E+05   0.236116E+05   0.236116E+05  -0.132431E-01   0.235244E+05   0.234192E+05   0.250526E+00
   0.373296E+00   0.234600E+05   0.216171E+05   0.252103E+00   0.252067E+00   0.000000E+00   0.231528E+05   0.231528E+05   0.231528E+05  -0.129857E-01   0.230670E+05   0.229659E+05   0.237379E+00
   0.378491E+00   0.230048E+05   0.212175E+05   0.240513E+00   0.240478E+00   0.000000E+00   0.227069E+05   0.227069E+05   0.227069E+05  -0.127356E-01   0.226224E+05   0.225250E+05   0.225702E+00
   0.383686E+00   0.225573E+05   0.208175E+05   0.229517E+00   0.229484E+00   0.000000E+00   0.222673E+05   0.222673E+05   0.222673E+05  -0.124891E-01   0.221843E+05   0.220897E+05   0.216094E+00
   0.388881E+00   0.221137E+05   0.204119E+05   0.219039E+00   0.219007E+00   0.000000E+00   0.218301E+05   0.218301E+05   0.218301E+05  -0.122438E-01   0.217487E+05   0.216561E+05   0.208655E+00
   0.394076E+00   0.216730E+05   0.200003E+05   0.209041E+00   0.209011E+00   0.000000E+00   0.213942E+05   0.213942E+05   0.213942E+05  -0.119994E-01   0.213145E+05   0.212232E+05   0.203047E+00
   0.399271E+00   0.212369E+05   0.195871E+05   0.199519E+00   0.199491E+00   0.000000E+00   0.209619E+05   0.209619E+05   0.209619E+05  -0.117569E-01   0.208840E+05   0.207935E+05   0.198647E+00
   0.404466E+00   0.208097E+05   0.191799E+05   0.190492E+00   0.190465E+00   0.000000E+00   0.205381E+05   0.205381E+05   0.205381E+05  -0.115192E-01   0.204620E+05   0.203721E+05   0.194739E+00
   0.409661E+00   0.203957E+05   0.187859E+05   0.181975E+00   0.181949E+00   0.000000E+00   0.201274E+05   0.201274E+05   0.201274E+05  -0.112889E-01   0.200530E+05   0.199638E+05   0.190691E+00
   0.414855E+00   0.199974E+05   0.184103E+05   0.173966E+00   0.173941E+00   0.000000E+00   0.197329E+05   0.197329E+05   0.197329E+05  -0.110676E-01   0.196600E+05   0.195720E+05   0.186077E+00
   0.420050E+00   0.196162E+05   0.180557E+05   0.166449E+00   0.166425E+00   0.000000E+00   0.193561E+05   0.193561E+05   0.193561E+05  -0.108563E-01   0.192847E+05   0.191981E+05   0.180736E+00
   0.425245E+00   0.192525E+05   0.177223E+05   0.159399E+00   0.159376E+00   0.000000E+00   0.189975E+05   0.189975E+05   0.189975E+05  -0.106551E-01   0.189273E+05   0.188426E+05   0.174756E+00
   0.430440E+00   0.189053E+05   0.174082E+05   0.152778E+00   0.152756E+00   0.000000E+00   0.186558E+05   0.186558E+05   0.186558E+05  -0.104635E-01   0.185868E+05   0.185041E+05   0.168409E+00
   0.435635E+00   0.185719E+05   0.171088E+05   0.146537E+00   0.146516E+00   0.000000E+00   0.183280E+05   0.183280E+05   0.183280E+05  -0.102797E-01   0.182602E+05   0.181796E+05   0.162050E+00
   0.440830E+00   0.182487E+05   0.168188E+05   0.140626E+00   0.140605E+00   0.000000E+00   0.180104E+05   0.180104E+05   0.180104E+05  -0.101015E-01   0.179436E+05   0.178651E+05   0.156021E+00
   0.446025E+00   0.179331E+05   0.165339E+05   0.135002E+00   0.134982E+00   0.000000E+00   0.176999E+05   0.176999E+05   0.176999E+05  -0.992734E-02   0.176341E+05   0.175575E+05   0.150572E+00
   0.451219E+00   0.176235E+05   0.162517E+05   0.129638E+00   0.129620E+00   0.000000E+00   0.173948E+05   0.173948E+05   0.173948E+05  -0.975625E-02   0.173302E+05   0.172551E+05   0.145818E+00
   0.456414E+00   0.173190E+05   0.159711E+05   0.124515E+00   0.124497E+00   0.000000E+00   0.170943E+05   0.170943E+05   0.170943E+05  -0.958770E-02   0.170308E+05   0.169570E+05   0.141738E+00
   0.461609E+00   0.170192E+05   0.156922E+05   0.119618E+00   0.119601E+00   0.000000E+00   0.167980E+05   0.167980E+05   0.167980E+05  -0.942152E-02   0.167356E+05   0.166629E+05   0.138199E+00
   0.466804E+00   0.167247E+05   0.154167E+05   0.114941E+00   0.114924E+00   0.000000E+00   0.165067E+05   0.165067E+05   0.165067E+05  -0.925812E-02   0.164455E+05   0.163735E+05   0.135007E+00
   0.471999E+00   0.164369E+05   0.151469E+05   0.110484E+00   0.110468E+00   0.000000E+00   0.162219E+05   0.162219E+05   0.162219E+05  -0.909840E-02   0.161618E+05   0.160908E+05   0.131957E+00
   0.477194E+00   0.161574E+05   0.148855E+05   0.106249E+00   0.106233E+00   0.000000E+00   0.159454E+05   0.159454E+05   0.159454E+05  -0.894331E-02   0.158864E+05   0.158162E+05   0.128882E+00
   0.482389E+00   0.158868E+05   0.146338E+05   0.102228E+00   0.102214E+00   0.000000E+00   0.156780E+05   0.156780E+05   0.156780E+05  -0.879332E-02   0.156200E+05   0.155508E+05   0.125683E+00
   0.487584E+00   0.156252E+05   0.143921E+05   0.984127E-01   0.983986E-01   0.000000E+00   0.154196E+05   0.154196E+05   0.154196E+05  -0.864842E-02   0.153626E+05   0.152945E+05   0.122335E+00
   0.492778E+00   0.153720E+05   0.141599E+05   0.947893E-01   0.947756E-01   0.000000E+00   0.151700E+05   0.151700E+05   0.151700E+05  -0.850842E-02   0.151139E+05   0.150470E+05   0.118879E+00
   0.497973E+00   0.151271E+05   0.139364E+05   0.913454E-01   0.913322E-01   0.000000E+00   0.149287E+05   0.149287E+05   0.149287E+05  -0.837304E-02   0.148733E+05   0.148078E+05   0.115401E+00
   0.503168E+00   0.148895E+05   0.137201E+05   0.880668E-01   0.880541E-01   0.000000E+00   0.146946E+05   0.146946E+05   0.146946E+05  -0.824177E-02   0.146401E+05   0.145758E+05   0.112000E+00
   0.508363E+00   0.146580E+05   0.135093E+05   0.849375E-01   0.849253E-01   0.000000E+00   0.144665E+05   0.144665E+05   0.144665E+05  -0.811386E-02   0.144129E+05   0.143498E+05   0.108766E+00
   0.513558E+00   0.144314E+05   0.133022E+05   0.819433E-01   0.819315E-01   0.000000E+00   0.142432E+05   0.142432E+05   0.142432E+05  -0.798860E-02   0.141904E+05   0.141284E+05   0.105759E+00
   0.518753E+00   0.142092E+05   0.130982E+05   0.790745E-01   0.790631E-01   0.000000E+00   0.140240E+05   0.140240E+05   0.140240E+05  -0.786566E-02   0.139720E+05   0.139110E+05   0.102998E+00
   0.523948E+00   0.139912E+05   0.128971E+05   0.763251E-01   0.763141E-01   0.000000E+00   0.138089E+05   0.138089E+05   0.138089E+05  -0.774500E-02   0.137576E+05   0.136976E+05   0.100467E+00
   0.529143E+00   0.137776E+05   0.126993E+05   0.736903E-01   0.736797E-01   0.000000E+00   0.135979E+05   0.135979E+05   0.135979E+05  -0.762667E-02   0.135475E+05   0.134882E+05   0.981192E-01
   0.534337E+00   0.135684E+05   0.125050E+05   0.711654E-01   0.711551E-01   0.000000E+00   0.133911E+05   0.133911E+05   0.133911E+05  -0.751070E-02   0.133415E+05   0.132830E+05   0.958966E-01
   0.539532E+00   0.133637E+05   0.123149E+05   0.687469E-01   0.687370E-01   0.000000E+00   0.131889E+05   0.131889E+05   0.131889E+05  -0.739724E-02   0.131400E+05   0.130823E+05   0.937413E-01
   0.544727E+00   0.131640E+05   0.121297E+05   0.664330E-01   0.664234E-01   0.000000E+00   0.129916E+05   0.129916E+05   0.129916E+05  -0.728660E-02   0.129434E+05   0.128865E+05   0.916090E-01
   0.549922E+00   0.129696E+05   0.119500E+05   0.642208E-01   0.642116E-01   0.000000E+00   0.127997E+05   0.127997E+05   0.127997E+05  -0.717896E-02   0.127522E+05   0.126961E+05   0.894749E-01
   0.555117E+00   0.127805E+05   0.117757E+05   0.621054E-01   0.620964E-01   0.000000E+00   0.126130E+05   0.126130E+05   0.126130E+05  -0.707427E-02   0.125663E+05   0.125110E+05   0.873353E-01
   0.560312E+00   0.125962E+05   0.116063E+05   0.600805E-01   0.600718E-01   0.000000E+00   0.124312E+05   0.124312E+05   0.124312E+05  -0.697229E-02   0.123851E+05   0.123307E+05   0.852041E-01
   0.565507E+00   0.124164E+05   0.114414E+05   0.581407E-01   0.581323E-01   0.000000E+00   0.122539E+05   0.122539E+05   0.122539E+05  -0.687286E-02   0.122085E+05   0.121549E+05   0.831055E-01
   0.615622E+00   0.108676E+05   0.100146E+05   0.429406E-01   0.429344E-01   0.000000E+00   0.107254E+05   0.107254E+05   0.107254E+05  -0.601559E-02   0.106857E+05   0.106388E+05   0.667770E-01
   0.751923E+00   0.790992E+04   0.728975E+04   0.209506E-01   0.209476E-01   0.000000E+00   0.780656E+04   0.780656E+04   0.780656E+04  -0.437847E-02   0.777760E+04   0.774354E+04   0.397064E-01
   0.918401E+00   0.572853E+04   0.527955E+04   0.101707E-01   0.101692E-01   0.000000E+00   0.565370E+04   0.565370E+04   0.565370E+04  -0.317099E-02   0.563272E+04   0.560807E+04   0.235240E-01
   0.112174E+01   0.413020E+04   0.380657E+04   0.491545E-02   0.491475E-02   0.000000E+00   0.407626E+04   0.407626E+04   0.407626E+04  -0.228625E-02   0.406114E+04   0.404337E+04   0.138791E-01
   0.137009E+01   0.296570E+04   0.273336E+04   0.236594E-02   0.236560E-02   0.000000E+00   0.292698E+04   0.292698E+04   0.292698E+04  -0.164165E-02   0.291611E+04   0.290336E+04   0.815693E-02
   0.167343E+01   0.212164E+04   0.195545E+04   0.113457E-02   0.113441E-02   0.000000E+00   0.209394E+04   0.209394E+04   0.209394E+04  -0.117443E-02   0.208617E+04   0.207705E+04   0.477714E-02
   0.204394E+01   0.151265E+04   0.139417E+04   0.542227E-03   0.542149E-03   0.000000E+00   0.149290E+04   0.149290E+04   0.149290E+04  -0.837324E-03   0.148736E+04   0.148086E+04   0.278893E-02
   0.249647E+01   0.107511E+04   0.990912E+03   0.258332E-03   0.258295E-03   0.000000E+00   0.106108E+04   0.106108E+04   0.106108E+04  -0.595127E-03   0.105714E+04   0.105252E+04   0.162367E-02
   0.304920E+01   0.761956E+03   0.702283E+03   0.122726E-03   0.122708E-03   0.000000E+00   0.752010E+03   0.752010E+03   0.752011E+03  -0.421780E-03   0.749220E+03   0.745939E+03   0.942992E-03
   0.372430E+01   0.538600E+03   0.496419E+03   0.581508E-04   0.581424E-04   0.000000E+00   0.531570E+03   0.531570E+03   0.531570E+03  -0.298142E-03   0.529597E+03   0.527275E+03   0.546579E-03
   0.454887E+01   0.379798E+03   0.350051E+03   0.274868E-04   0.274828E-04   0.000000E+00   0.374840E+03   0.374840E+03   0.374840E+03  -0.210237E-03   0.373450E+03   0.371808E+03   0.316332E-03
   0.555600E+01   0.267222E+03   0.246288E+03   0.129635E-04   0.129616E-04   0.000000E+00   0.263733E+03   0.263733E+03   0.263733E+03  -0.147920E-03   0.262755E+03   0.261595E+03   0.182913E-03
   0.678612E+01   0.187625E+03   0.172923E+03   0.610127E-05   0.610039E-05   0.000000E+00   0.185175E+03   0.185175E+03   0.185175E+03  -0.103859E-03   0.184489E+03   0.183670E+03   0.105754E-03
   0.828858E+01   0.131487E+03   0.121178E+03   0.286608E-05   0.286567E-05   0.000000E+00   0.129769E+03   0.129769E+03   0.129769E+03  -0.727834E-04   0.129288E+03   0.128709E+03   0.612018E-04
   0.101237E+02   0.919816E+02   0.847641E+02   0.134394E-05   0.134375E-05   0.000000E+00   0.907787E+02   0.907787E+02   0.907787E+02  -0.509151E-04   0.904429E+02   0.900328E+02   0.355043E-04
   0.123651E+02   0.642393E+02   0.591924E+02   0.629143E-06   0.629053E-06   0.000000E+00   0.633981E+02   0.633981E+02   0.633981E+02  -0.355581E-04   0.631640E+02   0.628721E+02   0.206881E-04
   0.151028E+02   0.447950E+02   0.412692E+02   0.294064E-06   0.294021E-06   0.000000E+00   0.442074E+02   0.442074E+02   0.442074E+02  -0.247946E-04   0.440446E+02   0.438354E+02   0.121414E-04
   0.184466E+02   0.311911E+02   0.287291E+02   0.137244E-06   0.137224E-06   0.000000E+00   0.307807E+02   0.307807E+02   0.307807E+02  -0.172640E-04   0.306678E+02   0.305162E+02   0.720295E-05
   0.225307E+02   0.216891E+02   0.199699E+02   0.639651E-07   0.639559E-07   0.000000E+00   0.214026E+02   0.214026E+02   0.214026E+02  -0.120041E-04   0.213246E+02   0.212130E+02   0.433979E-05
   0.275191E+02   0.150625E+02   0.138611E+02   0.297725E-07   0.297682E-07   0.000000E+00   0.148623E+02   0.148623E+02   0.148623E+02  -0.833581E-05   0.148086E+02   0.147248E+02   0.267027E-05
   0.336118E+02   0.104478E+02   0.960674E+01   0.138397E-07   0.138377E-07   0.000000E+00   0.103076E+02   0.103076E+02   0.103076E+02  -0.578125E-05   0.102709E+02   0.102062E+02   0.168805E-05
   0.410536E+02   0.723853E+01   0.664780E+01   0.642520E-08   0.642428E-08   0.000000E+00   0.714007E+01   0.714007E+01   0.714007E+01  -0.400465E-05   0.711518E+01   0.706354E+01   0.110252E-05
   0.501430E+02   0.500942E+01   0.459235E+01   0.297910E-08   0.297868E-08   0.000000E+00   0.493991E+01   0.493991E+01   0.493991E+01  -0.277065E-05   0.492324E+01   0.488051E+01   0.746932E-06
   0.612448E+02   0.346297E+01   0.316615E+01   0.137944E-08   0.137924E-08   0.000000E+00   0.341350E+01   0.341350E+01   0.341350E+01  -0.191453E-05   0.340255E+01   0.336583E+01   0.525552E-06
   0.748045E+02   0.239129E+01   0.217761E+01   0.637797E-09   0.637705E-09   0.000000E+00   0.235567E+01   0.235567E+01   0.235567E+01  -0.132123E-05   0.234870E+01   0.231599E+01   0.383309E-06
   0.913665E+02   0.164939E+01   0.149310E+01   0.294399E-09   0.294357E-09   0.000000E+00   0.162334E+01   0.162334E+01   0.162334E+01  -0.910483E-06   0.161913E+01   0.158906E+01   0.288411E-06
   0.111595E+03   0.113629E+01   0.101957E+01   0.135618E-09   0.135599E-09   0.000000E+00   0.111683E+01   0.111683E+01   0.111683E+01  -0.626399E-06   0.111454E+01   0.108623E+01   0.222399E-06
