#          k/h    CDM            baryon         photon         nu             mass_nu        total          no_nu          total_de       Weyl           v_CDM          v_b            v_b-v_c     
   0.102819E-04   0.384203E+07   0.384203E+07   0.512223E+07   0.512222E+07   0.000000E+00   0.384203E+07   0.384203E+07   0.385126E+07  -0.599419E+00   0.382055E+07   0.382055E+07   0.918713E+01
   0.113644E-04   0.384203E+07   0.384203E+07   0.512213E+07   0.512211E+07   0.000000E+00   0.384203E+07   0.384203E+07   0.385126E+07  -0.599419E+00   0.382055E+07   0.382055E+07   0.101542E+02
   0.125608E-04   0.384203E+07   0.384203E+07   0.512200E+07   0.512197E+07   0.000000E+00   0.384203E+07   0.384203E+07   0.385126E+07  -0.599418E+00   0.382055E+07   0.382055E+07   0.112231E+02
   0.138832E-04   0.384203E+07   0.384203E+07   0.512184E+07   0.512181E+07   0.000000E+00   0.384203E+07   0.384203E+07   0.385126E+07  -0.599418E+00   0.382055E+07   0.382055E+07   0.124044E+02
   0.153447E-04   0.384203E+07   0.384203E+07   0.512164E+07   0.512161E+07   0.000000E+00   0.384203E+07   0.384203E+07   0.385126E+07  -0.599418E+00   0.382055E+07   0.382055E+07   0.137100E+02
   0.169602E-04   0.384203E+07   0.384203E+07   0.512140E+07   0.512136E+07   0.000000E+00   0.384203E+07   0.384203E+07   0.385126E+07  -0.599418E+00   0.382055E+07   0.382055E+07   0.151530E+02
   0.187457E-04   0.384202E+07   0.384202E+07   0.512111E+07   0.512107E+07   0.000000E+00   0.384202E+07   0.384202E+07   0.385125E+07  -0.599417E+00   0.382055E+07   0.382054E+07   0.167477E+02
   0.207192E-04   0.384202E+07   0.384202E+07   0.512076E+07   0.512070E+07   0.000000E+00   0.384202E+07   0.384202E+07   0.385125E+07  -0.599417E+00   0.382054E+07   0.382054E+07   0.185102E+02
   0.229004E-04   0.384202E+07   0.384202E+07   0.512032E+07   0.512025E+07   0.000000E+00   0.384202E+07   0.384202E+07   0.385125E+07  -0.599416E+00   0.382054E+07   0.382054E+07   0.204579E+02
   0.253113E-04   0.384202E+07   0.384202E+07   0.511979E+07   0.511971E+07   0.000000E+00   0.384202E+07   0.384202E+07   0.385124E+07  -0.599415E+00   0.382054E+07   0.382054E+07   0.226104E+02
   0.279760E-04   0.384201E+07   0.384201E+07   0.511914E+07   0.511904E+07   0.000000E+00   0.384201E+07   0.384201E+07   0.385124E+07  -0.599414E+00   0.382053E+07   0.382053E+07   0.249891E+02
   0.309213E-04   0.384201E+07   0.384200E+07   0.511835E+07   0.511823E+07   0.000000E+00   0.384201E+07   0.384201E+07   0.385123E+07  -0.599413E+00   0.382053E+07   0.382052E+07   0.276176E+02
   0.341766E-04   0.384200E+07   0.384200E+07   0.511739E+07   0.511723E+07   0.000000E+00   0.384200E+07   0.384200E+07   0.385122E+07  -0.599412E+00   0.382052E+07   0.382052E+07   0.305220E+02
   0.377746E-04   0.384199E+07   0.384199E+07   0.511621E+07   0.511602E+07   0.000000E+00   0.384199E+07   0.384199E+07   0.385121E+07  -0.599410E+00   0.382051E+07   0.382051E+07   0.337311E+02
   0.417514E-04   0.384198E+07   0.384198E+07   0.511476E+07   0.511454E+07   0.000000E+00   0.384198E+07   0.384198E+07   0.385120E+07  -0.599408E+00   0.382050E+07   0.382050E+07   0.372765E+02
   0.461468E-04   0.384197E+07   0.384197E+07   0.511300E+07   0.511273E+07   0.000000E+00   0.384197E+07   0.384197E+07   0.385118E+07  -0.599405E+00   0.382049E+07   0.382048E+07   0.411933E+02
   0.510050E-04   0.384195E+07   0.384195E+07   0.511085E+07   0.511052E+07   0.000000E+00   0.384195E+07   0.384195E+07   0.385116E+07  -0.599402E+00   0.382047E+07   0.382047E+07   0.455197E+02
   0.563747E-04   0.384193E+07   0.384193E+07   0.510823E+07   0.510782E+07   0.000000E+00   0.384193E+07   0.384193E+07   0.385114E+07  -0.599398E+00   0.382046E+07   0.382045E+07   0.502980E+02
   0.623096E-04   0.384191E+07   0.384191E+07   0.510502E+07   0.510452E+07   0.000000E+00   0.384191E+07   0.384191E+07   0.385111E+07  -0.599393E+00   0.382043E+07   0.382043E+07   0.555746E+02
   0.688694E-04   0.384188E+07   0.384188E+07   0.510111E+07   0.510049E+07   0.000000E+00   0.384188E+07   0.384188E+07   0.385107E+07  -0.599388E+00   0.382041E+07   0.382040E+07   0.614000E+02
   0.761198E-04   0.384185E+07   0.384184E+07   0.509633E+07   0.509558E+07   0.000000E+00   0.384185E+07   0.384185E+07   0.385103E+07  -0.599381E+00   0.382037E+07   0.382036E+07   0.678299E+02
   0.841334E-04   0.384181E+07   0.384180E+07   0.509050E+07   0.508959E+07   0.000000E+00   0.384181E+07   0.384181E+07   0.385098E+07  -0.599372E+00   0.382033E+07   0.382032E+07   0.749249E+02
   0.929907E-04   0.384176E+07   0.384175E+07   0.508339E+07   0.508227E+07   0.000000E+00   0.384175E+07   0.384175E+07   0.385091E+07  -0.599361E+00   0.382028E+07   0.382026E+07   0.827507E+02
   0.102781E-03   0.384169E+07   0.384169E+07   0.507471E+07   0.507335E+07   0.000000E+00   0.384169E+07   0.384169E+07   0.385084E+07  -0.599349E+00   0.382022E+07   0.382020E+07   0.913787E+02
   0.113601E-03   0.384162E+07   0.384161E+07   0.506413E+07   0.506247E+07   0.000000E+00   0.384162E+07   0.384162E+07   0.385074E+07  -0.599333E+00   0.382015E+07   0.382012E+07   0.100886E+03
   0.125560E-03   0.384152E+07   0.384151E+07   0.505123E+07   0.504920E+07   0.000000E+00   0.384152E+07   0.384152E+07   0.385062E+07  -0.599314E+00   0.382006E+07   0.382003E+07   0.111355E+03
   0.138779E-03   0.384141E+07   0.384140E+07   0.503551E+07   0.503305E+07   0.000000E+00   0.384141E+07   0.384141E+07   0.385048E+07  -0.599290E+00   0.381994E+07   0.381991E+07   0.122872E+03
   0.153389E-03   0.384127E+07   0.384126E+07   0.501638E+07   0.501337E+07   0.000000E+00   0.384127E+07   0.384127E+07   0.385031E+07  -0.599262E+00   0.381981E+07   0.381976E+07   0.135532E+03
   0.169538E-03   0.384110E+07   0.384108E+07   0.499310E+07   0.498944E+07   0.000000E+00   0.384110E+07   0.384110E+07   0.385010E+07  -0.599227E+00   0.381964E+07   0.381959E+07   0.149427E+03
   0.187386E-03   0.384090E+07   0.384087E+07   0.496479E+07   0.496034E+07   0.000000E+00   0.384089E+07   0.384089E+07   0.384984E+07  -0.599185E+00   0.381944E+07   0.381938E+07   0.164657E+03
   0.207114E-03   0.384065E+07   0.384062E+07   0.493042E+07   0.492502E+07   0.000000E+00   0.384064E+07   0.384064E+07   0.384952E+07  -0.599133E+00   0.381920E+07   0.381911E+07   0.181317E+03
   0.228918E-03   0.384034E+07   0.384030E+07   0.488874E+07   0.488218E+07   0.000000E+00   0.384033E+07   0.384033E+07   0.384914E+07  -0.599070E+00   0.381890E+07   0.381880E+07   0.199498E+03
   0.253018E-03   0.383997E+07   0.383992E+07   0.483827E+07   0.483033E+07   0.000000E+00   0.383996E+07   0.383996E+07   0.384867E+07  -0.598993E+00   0.381853E+07   0.381841E+07   0.219282E+03
   0.279655E-03   0.383951E+07   0.383945E+07   0.477729E+07   0.476769E+07   0.000000E+00   0.383950E+07   0.383950E+07   0.384810E+07  -0.598899E+00   0.381808E+07   0.381794E+07   0.240733E+03
   0.309096E-03   0.383896E+07   0.383889E+07   0.470378E+07   0.469220E+07   0.000000E+00   0.383894E+07   0.383894E+07   0.384741E+07  -0.598786E+00   0.381754E+07   0.381736E+07   0.263887E+03
   0.341636E-03   0.383828E+07   0.383819E+07   0.461545E+07   0.460152E+07   0.000000E+00   0.383826E+07   0.383826E+07   0.384657E+07  -0.598647E+00   0.381687E+07   0.381666E+07   0.288740E+03
   0.377603E-03   0.383745E+07   0.383735E+07   0.450969E+07   0.449298E+07   0.000000E+00   0.383744E+07   0.383744E+07   0.384555E+07  -0.598480E+00   0.381606E+07   0.381581E+07   0.315231E+03
   0.417356E-03   0.383645E+07   0.383633E+07   0.438363E+07   0.436368E+07   0.000000E+00   0.383643E+07   0.383643E+07   0.384432E+07  -0.598276E+00   0.381508E+07   0.381477E+07   0.343219E+03
   0.461294E-03   0.383524E+07   0.383508E+07   0.423421E+07   0.421051E+07   0.000000E+00   0.383521E+07   0.383521E+07   0.384282E+07  -0.598030E+00   0.381388E+07   0.381351E+07   0.372456E+03
   0.509857E-03   0.383376E+07   0.383358E+07   0.405832E+07   0.403033E+07   0.000000E+00   0.383373E+07   0.383373E+07   0.384102E+07  -0.597733E+00   0.381243E+07   0.381198E+07   0.402557E+03
   0.563534E-03   0.383197E+07   0.383175E+07   0.385300E+07   0.382021E+07   0.000000E+00   0.383193E+07   0.383193E+07   0.383885E+07  -0.597375E+00   0.381066E+07   0.381013E+07   0.432958E+03
   0.622861E-03   0.382980E+07   0.382954E+07   0.361584E+07   0.357777E+07   0.000000E+00   0.382975E+07   0.382975E+07   0.383624E+07  -0.596945E+00   0.380852E+07   0.380790E+07   0.462883E+03
   0.688433E-03   0.382718E+07   0.382688E+07   0.334541E+07   0.330171E+07   0.000000E+00   0.382713E+07   0.382713E+07   0.383312E+07  -0.596430E+00   0.380593E+07   0.380520E+07   0.491301E+03
   0.760910E-03   0.382402E+07   0.382367E+07   0.304201E+07   0.299252E+07   0.000000E+00   0.382396E+07   0.382396E+07   0.382941E+07  -0.595816E+00   0.380281E+07   0.380196E+07   0.516902E+03
   0.841016E-03   0.382023E+07   0.381982E+07   0.270843E+07   0.265331E+07   0.000000E+00   0.382016E+07   0.382016E+07   0.382500E+07  -0.595088E+00   0.379905E+07   0.379807E+07   0.538097E+03
   0.929556E-03   0.381569E+07   0.381521E+07   0.235088E+07   0.229071E+07   0.000000E+00   0.381561E+07   0.381561E+07   0.381980E+07  -0.594228E+00   0.379453E+07   0.379342E+07   0.553058E+03
   0.102742E-02   0.381028E+07   0.380972E+07   0.197982E+07   0.191568E+07   0.000000E+00   0.381018E+07   0.381018E+07   0.381370E+07  -0.593219E+00   0.378913E+07   0.378789E+07   0.559833E+03
   0.113558E-02   0.380384E+07   0.380321E+07   0.161033E+07   0.154386E+07   0.000000E+00   0.380374E+07   0.380374E+07   0.380659E+07  -0.592044E+00   0.378270E+07   0.378133E+07   0.556559E+03
   0.125513E-02   0.379624E+07   0.379553E+07   0.126164E+07   0.119494E+07   0.000000E+00   0.379612E+07   0.379612E+07   0.379834E+07  -0.590683E+00   0.377508E+07   0.377361E+07   0.541802E+03
   0.138727E-02   0.378729E+07   0.378652E+07   0.955073E+06   0.890460E+06   0.000000E+00   0.378717E+07   0.378717E+07   0.378884E+07  -0.589120E+00   0.376609E+07   0.376455E+07   0.515000E+03
   0.153331E-02   0.377684E+07   0.377600E+07   0.710060E+06   0.649580E+06   0.000000E+00   0.377670E+07   0.377670E+07   0.377794E+07  -0.587337E+00   0.375557E+07   0.375399E+07   0.476983E+03
   0.169474E-02   0.376471E+07   0.376380E+07   0.538248E+06   0.483106E+06   0.000000E+00   0.376456E+07   0.376456E+07   0.376549E+07  -0.585313E+00   0.374333E+07   0.374175E+07   0.430371E+03
   0.187315E-02   0.375070E+07   0.374974E+07   0.437261E+06   0.387358E+06   0.000000E+00   0.375054E+07   0.375054E+07   0.375129E+07  -0.583027E+00   0.372920E+07   0.372766E+07   0.379632E+03
   0.207035E-02   0.373463E+07   0.373361E+07   0.387481E+06   0.341482E+06   0.000000E+00   0.373446E+07   0.373446E+07   0.373512E+07  -0.580450E+00   0.371299E+07   0.371151E+07   0.330458E+03
   0.228831E-02   0.371629E+07   0.371520E+07   0.356478E+06   0.312757E+06   0.000000E+00   0.371611E+07   0.371611E+07   0.371672E+07  -0.577546E+00   0.369453E+07   0.369311E+07   0.288284E+03
   0.252922E-02   0.369548E+07   0.369429E+07   0.313648E+06   0.271869E+06   0.000000E+00   0.369528E+07   0.369528E+07   0.369582E+07  -0.574271E+00   0.367363E+07   0.367223E+07   0.256229E+03
   0.279549E-02   0.367196E+07   0.367063E+07   0.249605E+06   0.211666E+06   0.000000E+00   0.367174E+07   0.367174E+07   0.367216E+07  -0.570578E+00   0.365006E+07   0.364865E+07   0.233486E+03
   0.308979E-02   0.364547E+07   0.364396E+07   0.183758E+06   0.152418E+06   0.000000E+00   0.364522E+07   0.364522E+07   0.364552E+07  -0.566425E+00   0.362357E+07   0.362213E+07   0.215688E+03
   0.341507E-02   0.361575E+07   0.361401E+07   0.143723E+06   0.119300E+06   0.000000E+00   0.361546E+07   0.361546E+07   0.361570E+07  -0.561772E+00   0.359388E+07   0.359242E+07   0.197946E+03
   0.377460E-02   0.358252E+07   0.358053E+07   0.129145E+06   0.105179E+06   0.000000E+00   0.358219E+07   0.358219E+07   0.358241E+07  -0.556582E+00   0.356071E+07   0.355925E+07   0.178674E+03
   0.417198E-02   0.354552E+07   0.354323E+07   0.110207E+06   0.852175E+05   0.000000E+00   0.354514E+07   0.354514E+07   0.354532E+07  -0.550810E+00   0.352380E+07   0.352236E+07   0.160162E+03
   0.461119E-02   0.350446E+07   0.350181E+07   0.786560E+05   0.689563E+05   0.000000E+00   0.350402E+07   0.350402E+07   0.350415E+07  -0.544407E+00   0.348286E+07   0.348142E+07   0.144712E+03
   0.509664E-02   0.345905E+07   0.345595E+07   0.617654E+05   0.557185E+05   0.000000E+00   0.345853E+07   0.345853E+07   0.345864E+07  -0.537328E+00   0.343760E+07   0.343614E+07   0.131717E+03
   0.563320E-02   0.340899E+07   0.340535E+07   0.553716E+05   0.449516E+05   0.000000E+00   0.340839E+07   0.340839E+07   0.340848E+07  -0.529529E+00   0.338771E+07   0.338625E+07   0.119851E+03
   0.622625E-02   0.335401E+07   0.334972E+07   0.393785E+05   0.362039E+05   0.000000E+00   0.335329E+07   0.335329E+07   0.335336E+07  -0.520963E+00   0.333292E+07   0.333145E+07   0.108860E+03
   0.688173E-02   0.329380E+07   0.328874E+07   0.355162E+05   0.291037E+05   0.000000E+00   0.329295E+07   0.329295E+07   0.329301E+07  -0.511583E+00   0.327292E+07   0.327145E+07   0.988252E+02
   0.760622E-02   0.322806E+07   0.322208E+07   0.282618E+05   0.233478E+05   0.000000E+00   0.322707E+07   0.322707E+07   0.322711E+07  -0.501342E+00   0.320741E+07   0.320592E+07   0.903511E+02
   0.840698E-02   0.315651E+07   0.314943E+07   0.223061E+05   0.186877E+05   0.000000E+00   0.315533E+07   0.315533E+07   0.315537E+07  -0.490194E+00   0.313610E+07   0.313459E+07   0.827042E+02
   0.929204E-02   0.307885E+07   0.307047E+07   0.178315E+05   0.149200E+05   0.000000E+00   0.307745E+07   0.307745E+07   0.307748E+07  -0.478092E+00   0.305868E+07   0.305716E+07   0.758869E+02
   0.102703E-01   0.299477E+07   0.298486E+07   0.147382E+05   0.118787E+05   0.000000E+00   0.299312E+07   0.299312E+07   0.299315E+07  -0.464989E+00   0.297487E+07   0.297331E+07   0.699568E+02
   0.113515E-01   0.290401E+07   0.289230E+07   0.114604E+05   0.942783E+04   0.000000E+00   0.290205E+07   0.290205E+07   0.290207E+07  -0.450840E+00   0.288436E+07   0.288277E+07   0.647165E+02
   0.125466E-01   0.280627E+07   0.279248E+07   0.783186E+04   0.745660E+04   0.000000E+00   0.280397E+07   0.280397E+07   0.280399E+07  -0.435601E+00   0.278688E+07   0.278525E+07   0.601533E+02
   0.138674E-01   0.270133E+07   0.268514E+07   0.715710E+04   0.587446E+04   0.000000E+00   0.269863E+07   0.269863E+07   0.269865E+07  -0.419235E+00   0.268219E+07   0.268051E+07   0.561015E+02
   0.153273E-01   0.258902E+07   0.257011E+07   0.487647E+04   0.460772E+04   0.000000E+00   0.258586E+07   0.258586E+07   0.258587E+07  -0.401715E+00   0.257013E+07   0.256838E+07   0.525405E+02
   0.169409E-01   0.246926E+07   0.244733E+07   0.381182E+04   0.359631E+04   0.000000E+00   0.246560E+07   0.246560E+07   0.246561E+07  -0.383032E+00   0.245062E+07   0.244881E+07   0.493387E+02
   0.187244E-01   0.234218E+07   0.231694E+07   0.295975E+04   0.279141E+04   0.000000E+00   0.233797E+07   0.233797E+07   0.233798E+07  -0.363204E+00   0.232378E+07   0.232190E+07   0.464004E+02
   0.206957E-01   0.220816E+07   0.217943E+07   0.256208E+04   0.215338E+04   0.000000E+00   0.220337E+07   0.220337E+07   0.220338E+07  -0.342293E+00   0.219003E+07   0.218808E+07   0.436128E+02
   0.228745E-01   0.206799E+07   0.203569E+07   0.201825E+04   0.165004E+04   0.000000E+00   0.206261E+07   0.206261E+07   0.206261E+07  -0.320425E+00   0.205014E+07   0.204812E+07   0.408650E+02
   0.252826E-01   0.192297E+07   0.188723E+07   0.144248E+04   0.125530E+04   0.000000E+00   0.191701E+07   0.191701E+07   0.191701E+07  -0.297807E+00   0.190546E+07   0.190338E+07   0.380278E+02
   0.279443E-01   0.177507E+07   0.173632E+07   0.997348E+03   0.947978E+03   0.000000E+00   0.176861E+07   0.176861E+07   0.176861E+07  -0.274752E+00   0.175798E+07   0.175587E+07   0.349859E+02
   0.308862E-01   0.162702E+07   0.158605E+07   0.822758E+03   0.710847E+03   0.000000E+00   0.162019E+07   0.162019E+07   0.162020E+07  -0.251696E+00   0.161049E+07   0.160837E+07   0.316485E+02
   0.341378E-01   0.148232E+07   0.144030E+07   0.644374E+03   0.529835E+03   0.000000E+00   0.147532E+07   0.147532E+07   0.147532E+07  -0.229190E+00   0.146650E+07   0.146444E+07   0.279567E+02
   0.377317E-01   0.134499E+07   0.130352E+07   0.472754E+03   0.393356E+03   0.000000E+00   0.133808E+07   0.133808E+07   0.133808E+07  -0.207869E+00   0.133009E+07   0.132814E+07   0.239161E+02
   0.417040E-01   0.121907E+07   0.118004E+07   0.308993E+03   0.291788E+03   0.000000E+00   0.121256E+07   0.121256E+07   0.121256E+07  -0.188371E+00   0.120533E+07   0.120356E+07   0.196210E+02
   0.458744E-01   0.111232E+07   0.107742E+07   0.245593E+03   0.220060E+03   0.000000E+00   0.110650E+07   0.110650E+07   0.110650E+07  -0.171894E+00   0.109989E+07   0.109835E+07   0.154772E+02
   0.500448E-01   0.102822E+07   0.998361E+06   0.190848E+03   0.171006E+03   0.000000E+00   0.102324E+07   0.102324E+07   0.102324E+07  -0.158960E+00   0.101710E+07   0.101582E+07   0.118742E+02
   0.542152E-01   0.960381E+06   0.935750E+06   0.151983E+03   0.136180E+03   0.000000E+00   0.956276E+06   0.956276E+06   0.956276E+06  -0.148557E+00   0.950512E+06   0.949465E+06   0.892341E+01
   0.583856E-01   0.903784E+06   0.883917E+06   0.123407E+03   0.110575E+03   0.000000E+00   0.900473E+06   0.900473E+06   0.900473E+06  -0.139888E+00   0.895021E+06   0.894179E+06   0.667012E+01
   0.625560E-01   0.854148E+06   0.838101E+06   0.101657E+03   0.910855E+02   0.000000E+00   0.851474E+06   0.851474E+06   0.851474E+06  -0.132276E+00   0.846300E+06   0.845612E+06   0.508971E+01
   0.667264E-01   0.807860E+06   0.794424E+06   0.845380E+02   0.757465E+02   0.000000E+00   0.805621E+06   0.805621E+06   0.805621E+06  -0.125152E+00   0.800717E+06   0.800125E+06   0.409963E+01
   0.708968E-01   0.762624E+06   0.750547E+06   0.707014E+02   0.633488E+02   0.000000E+00   0.760611E+06   0.760611E+06   0.760611E+06  -0.118160E+00   0.755979E+06   0.755430E+06   0.357899E+01
   0.750672E-01   0.717466E+06   0.705650E+06   0.593223E+02   0.531532E+02   0.000000E+00   0.715496E+06   0.715496E+06   0.715496E+06  -0.111152E+00   0.711144E+06   0.710594E+06   0.338837E+01
   0.792376E-01   0.672560E+06   0.660207E+06   0.498921E+02   0.447039E+02   0.000000E+00   0.670501E+06   0.670501E+06   0.670501E+06  -0.104162E+00   0.666434E+06   0.665853E+06   0.338910E+01
   0.834080E-01   0.628805E+06   0.615489E+06   0.420763E+02   0.377011E+02   0.000000E+00   0.626586E+06   0.626586E+06   0.626586E+06  -0.973394E-01   0.622798E+06   0.622174E+06   0.345949E+01
   0.875784E-01   0.587312E+06   0.572982E+06   0.356249E+02   0.319208E+02   0.000000E+00   0.584923E+06   0.584923E+06   0.584923E+06  -0.908672E-01   0.581401E+06   0.580737E+06   0.350614E+01
   0.927733E-01   0.540404E+06   0.525212E+06   0.291915E+02   0.261565E+02   0.000000E+00   0.537872E+06   0.537872E+06   0.537872E+06  -0.835578E-01   0.534646E+06   0.533955E+06   0.344450E+01
   0.979682E-01   0.500383E+06   0.485119E+06   0.242286E+02   0.217097E+02   0.000000E+00   0.497839E+06   0.497839E+06   0.497839E+06  -0.773388E-01   0.494860E+06   0.494179E+06   0.321435E+01
   0.103163E+00   0.468065E+06   0.453613E+06   0.204375E+02   0.183127E+02   0.000000E+00   0.465656E+06   0.465656E+06   0.465656E+06  -0.723392E-01   0.462870E+06   0.462236E+06   0.283898E+01
   0.108358E+00   0.442834E+06   0.429911E+06   0.175319E+02   0.157091E+02   0.000000E+00   0.440680E+06   0.440680E+06   0.440680E+06  -0.684592E-01   0.438036E+06   0.437478E+06   0.238190E+01
   0.113553E+00   0.422853E+06   0.411832E+06   0.152530E+02   0.136670E+02   0.000000E+00   0.421016E+06   0.421016E+06   0.421016E+06  -0.654043E-01   0.418480E+06   0.418008E+06   0.191980E+01
   0.118748E+00   0.405893E+06   0.396752E+06   0.133970E+02   0.120039E+02   0.000000E+00   0.404369E+06   0.404369E+06   0.404369E+06  -0.628183E-01   0.401923E+06   0.401533E+06   0.151995E+01
   0.123943E+00   0.390008E+06   0.382385E+06   0.118226E+02   0.105932E+02   0.000000E+00   0.388737E+06   0.388737E+06   0.388737E+06  -0.603899E-01   0.386378E+06   0.386049E+06   0.122517E+01
   0.129137E+00   0.373799E+06   0.367126E+06   0.104412E+02   0.935536E+01   0.000000E+00   0.372687E+06   0.372687E+06   0.372687E+06  -0.578965E-01   0.370421E+06   0.370128E+06   0.104817E+01
   0.134332E+00   0.356562E+06   0.350234E+06   0.920439E+01   0.824721E+01   0.000000E+00   0.355507E+06   0.355507E+06   0.355507E+06  -0.552277E-01   0.353347E+06   0.353063E+06   0.974557E+00
   0.139527E+00   0.338354E+06   0.331878E+06   0.809396E+01   0.725228E+01   0.000000E+00   0.337275E+06   0.337275E+06   0.337275E+06  -0.523952E-01   0.335229E+06   0.334935E+06   0.971890E+00
   0.144722E+00   0.319819E+06   0.312912E+06   0.710795E+01   0.636885E+01   0.000000E+00   0.318668E+06   0.318668E+06   0.318668E+06  -0.495047E-01   0.316741E+06   0.316427E+06   0.100096E+01
   0.149917E+00   0.301870E+06   0.294489E+06   0.624884E+01   0.559911E+01   0.000000E+00   0.300640E+06   0.300640E+06   0.300640E+06  -0.467040E-01   0.298828E+06   0.298495E+06   0.102616E+01
   0.155112E+00   0.285421E+06   0.277733E+06   0.551671E+01   0.494313E+01   0.000000E+00   0.284140E+06   0.284140E+06   0.284140E+06  -0.441408E-01   0.282432E+06   0.282089E+06   0.102284E+01
   0.160307E+00   0.271170E+06   0.263469E+06   0.490577E+01   0.439572E+01   0.000000E+00   0.269887E+06   0.269887E+06   0.269887E+06  -0.419266E-01   0.268267E+06   0.267927E+06   0.980519E+00
   0.165502E+00   0.259377E+06   0.251985E+06   0.440240E+01   0.394468E+01   0.000000E+00   0.258145E+06   0.258145E+06   0.258145E+06  -0.401025E-01   0.256595E+06   0.256272E+06   0.902129E+00
   0.170696E+00   0.249794E+06   0.242977E+06   0.398652E+01   0.357203E+01   0.000000E+00   0.248658E+06   0.248658E+06   0.248658E+06  -0.386287E-01   0.247163E+06   0.246867E+06   0.800216E+00
   0.175891E+00   0.241834E+06   0.235734E+06   0.363627E+01   0.325818E+01   0.000000E+00   0.240817E+06   0.240817E+06   0.240817E+06  -0.374107E-01   0.239366E+06   0.239102E+06   0.691720E+00
   0.181086E+00   0.234797E+06   0.229417E+06   0.333223E+01   0.298574E+01   0.000000E+00   0.233901E+06   0.233901E+06   0.233901E+06  -0.363362E-01   0.232487E+06   0.232254E+06   0.592855E+00
   0.186281E+00   0.228024E+06   0.223242E+06   0.305921E+01   0.274110E+01   0.000000E+00   0.227227E+06   0.227227E+06   0.227227E+06  -0.352994E-01   0.225850E+06   0.225642E+06   0.515261E+00
   0.191476E+00   0.220997E+06   0.216614E+06   0.280682E+01   0.251494E+01   0.000000E+00   0.220266E+06   0.220266E+06   0.220266E+06  -0.342181E-01   0.218930E+06   0.218738E+06   0.464039E+00
   0.196671E+00   0.213460E+06   0.209256E+06   0.256982E+01   0.230259E+01   0.000000E+00   0.212759E+06   0.212759E+06   0.212759E+06  -0.330519E-01   0.211469E+06   0.211283E+06   0.437766E+00
   0.201866E+00   0.205460E+06   0.201249E+06   0.234748E+01   0.210338E+01   0.000000E+00   0.204758E+06   0.204758E+06   0.204758E+06  -0.318089E-01   0.203517E+06   0.203330E+06   0.430058E+00
   0.207060E+00   0.197260E+06   0.192930E+06   0.214155E+01   0.191887E+01   0.000000E+00   0.196538E+06   0.196538E+06   0.196538E+06  -0.305320E-01   0.195350E+06   0.195156E+06   0.432005E+00
   0.212255E+00   0.189215E+06   0.184736E+06   0.195427E+01   0.175107E+01   0.000000E+00   0.188469E+06   0.188469E+06   0.188469E+06  -0.292784E-01   0.187331E+06   0.187132E+06   0.434731E+00
   0.217450E+00   0.181672E+06   0.177094E+06   0.178728E+01   0.160145E+01   0.000000E+00   0.180909E+06   0.180909E+06   0.180909E+06  -0.281041E-01   0.179819E+06   0.179616E+06   0.431444E+00
   0.222645E+00   0.174901E+06   0.170323E+06   0.164102E+01   0.147039E+01   0.000000E+00   0.174138E+06   0.174138E+06   0.174138E+06  -0.270521E-01   0.173090E+06   0.172888E+06   0.418574E+00
   0.227840E+00   0.169019E+06   0.164561E+06   0.151428E+01   0.135684E+01   0.000000E+00   0.168276E+06   0.168276E+06   0.168276E+06  -0.261415E-01   0.167263E+06   0.167068E+06   0.395937E+00
   0.233035E+00   0.163977E+06   0.159740E+06   0.140448E+01   0.125845E+01   0.000000E+00   0.163271E+06   0.163271E+06   0.163271E+06  -0.253639E-01   0.162287E+06   0.162103E+06   0.366074E+00
   0.238230E+00   0.159601E+06   0.155650E+06   0.130830E+01   0.117227E+01   0.000000E+00   0.158943E+06   0.158943E+06   0.158943E+06  -0.246915E-01   0.157984E+06   0.157812E+06   0.333103E+00
   0.243425E+00   0.155655E+06   0.152003E+06   0.122237E+01   0.109527E+01   0.000000E+00   0.155047E+06   0.155047E+06   0.155047E+06  -0.240863E-01   0.154110E+06   0.153951E+06   0.301400E+00
   0.248619E+00   0.151884E+06   0.148497E+06   0.114367E+01   0.102475E+01   0.000000E+00   0.151320E+06   0.151320E+06   0.151320E+06  -0.235073E-01   0.150404E+06   0.150257E+06   0.274479E+00
   0.253814E+00   0.148068E+06   0.144879E+06   0.106991E+01   0.958659E+00   0.000000E+00   0.147536E+06   0.147536E+06   0.147536E+06  -0.229196E-01   0.146643E+06   0.146504E+06   0.254308E+00
   0.259009E+00   0.144086E+06   0.141017E+06   0.999838E+00   0.895870E+00   0.000000E+00   0.143574E+06   0.143574E+06   0.143574E+06  -0.223041E-01   0.142705E+06   0.142570E+06   0.241128E+00
   0.264204E+00   0.139942E+06   0.136920E+06   0.933220E+00   0.836180E+00   0.000000E+00   0.139439E+06   0.139439E+06   0.139439E+06  -0.216616E-01   0.138595E+06   0.138461E+06   0.233710E+00
   0.269399E+00   0.135724E+06   0.132698E+06   0.870404E+00   0.779898E+00   0.000000E+00   0.135219E+06   0.135219E+06   0.135219E+06  -0.210062E-01   0.134402E+06   0.134268E+06   0.229897E+00
   0.274594E+00   0.131546E+06   0.128495E+06   0.811861E+00   0.727443E+00   0.000000E+00   0.131037E+06   0.131037E+06   0.131037E+06  -0.203565E-01   0.130246E+06   0.130111E+06   0.227265E+00
   0.279789E+00   0.127529E+06   0.124462E+06   0.757995E+00   0.679180E+00   0.000000E+00   0.127018E+06   0.127018E+06   0.127018E+06  -0.197321E-01   0.126252E+06   0.126116E+06   0.223729E+00
   0.284984E+00   0.123785E+06   0.120731E+06   0.709080E+00   0.635352E+00   0.000000E+00   0.123276E+06   0.123276E+06   0.123276E+06  -0.191507E-01   0.122532E+06   0.122398E+06   0.217965E+00
   0.290178E+00   0.120386E+06   0.117386E+06   0.665112E+00   0.595955E+00   0.000000E+00   0.119886E+06   0.119886E+06   0.119886E+06  -0.186242E-01   0.119163E+06   0.119032E+06   0.209563E+00
   0.295373E+00   0.117340E+06   0.114433E+06   0.625696E+00   0.560637E+00   0.000000E+00   0.116855E+06   0.116855E+06   0.116855E+06  -0.181533E-01   0.116150E+06   0.116023E+06   0.198930E+00
   0.300568E+00   0.114588E+06   0.111803E+06   0.590137E+00   0.528775E+00   0.000000E+00   0.114124E+06   0.114124E+06   0.114124E+06  -0.177290E-01   0.113435E+06   0.113314E+06   0.187036E+00
   0.305763E+00   0.112045E+06   0.109392E+06   0.557663E+00   0.499678E+00   0.000000E+00   0.111603E+06   0.111603E+06   0.111603E+06  -0.173374E-01   0.110929E+06   0.110813E+06   0.175080E+00
   0.310958E+00   0.109623E+06   0.107095E+06   0.527590E+00   0.472731E+00   0.000000E+00   0.109202E+06   0.109202E+06   0.109202E+06  -0.169643E-01   0.108542E+06   0.108431E+06   0.164158E+00
   0.316153E+00   0.107244E+06   0.104823E+06   0.499364E+00   0.447439E+00   0.000000E+00   0.106841E+06   0.106841E+06   0.106841E+06  -0.165976E-01   0.106195E+06   0.106089E+06   0.155019E+00
   0.321348E+00   0.104852E+06   0.102509E+06   0.472587E+00   0.423446E+00   0.000000E+00   0.104462E+06   0.104462E+06   0.104462E+06  -0.162280E-01   0.103830E+06   0.103727E+06   0.147945E+00
   0.326543E+00   0.102420E+06   0.100128E+06   0.447052E+00   0.400566E+00   0.000000E+00   0.102038E+06   0.102038E+06   0.102038E+06  -0.158515E-01   0.101421E+06   0.101320E+06   0.142766E+00
   0.331737E+00   0.999636E+05   0.976994E+05   0.422749E+00   0.378791E+00   0.000000E+00   0.995863E+05   0.995863E+05   0.995863E+05  -0.154706E-01   0.989843E+05   0.988846E+05   0.138985E+00
   0.336932E+00   0.975250E+05   0.952762E+05   0.399786E+00   0.358216E+00   0.000000E+00   0.971502E+05   0.971502E+05   0.971502E+05  -0.150922E-01   0.965633E+05   0.964642E+05   0.135941E+00
   0.342127E+00   0.951532E+05   0.929175E+05   0.378277E+00   0.338944E+00   0.000000E+00   0.947806E+05   0.947806E+05   0.947806E+05  -0.147241E-01   0.942082E+05   0.941098E+05   0.132992E+00
   0.347322E+00   0.928875E+05   0.906717E+05   0.358283E+00   0.321029E+00   0.000000E+00   0.925182E+05   0.925182E+05   0.925182E+05  -0.143726E-01   0.919598E+05   0.918623E+05   0.129648E+00
   0.352517E+00   0.907543E+05   0.885710E+05   0.339801E+00   0.304469E+00   0.000000E+00   0.903904E+05   0.903904E+05   0.903904E+05  -0.140421E-01   0.898450E+05   0.897491E+05   0.125660E+00
   0.357712E+00   0.887656E+05   0.866284E+05   0.322771E+00   0.289210E+00   0.000000E+00   0.884094E+05   0.884094E+05   0.884094E+05  -0.137343E-01   0.878758E+05   0.877822E+05   0.121028E+00
   0.362907E+00   0.869146E+05   0.848351E+05   0.307066E+00   0.275137E+00   0.000000E+00   0.865680E+05   0.865680E+05   0.865680E+05  -0.134482E-01   0.860455E+05   0.859544E+05   0.115953E+00
   0.368102E+00   0.851766E+05   0.831611E+05   0.292506E+00   0.262091E+00   0.000000E+00   0.848407E+05   0.848407E+05   0.848407E+05  -0.131799E-01   0.843284E+05   0.842402E+05   0.110747E+00
   0.373296E+00   0.835173E+05   0.815663E+05   0.278896E+00   0.249897E+00   0.000000E+00   0.831921E+05   0.831921E+05   0.831921E+05  -0.129238E-01   0.826896E+05   0.826042E+05   0.105740E+00
   0.378491E+00   0.819052E+05   0.800135E+05   0.266069E+00   0.238403E+00   0.000000E+00   0.815899E+05   0.815899E+05   0.815899E+05  -0.126749E-01   0.810969E+05   0.810141E+05   0.101199E+00
   0.383686E+00   0.803172E+05   0.784760E+05   0.253901E+00   0.227500E+00   0.000000E+00   0.800103E+05   0.800103E+05   0.800103E+05  -0.124295E-01   0.795268E+05   0.794461E+05   0.972770E-01
   0.388881E+00   0.787395E+05   0.769383E+05   0.242310E+00   0.217114E+00   0.000000E+00   0.784393E+05   0.784393E+05   0.784393E+05  -0.121855E-01   0.779652E+05   0.778862E+05   0.939929E-01
   0.394076E+00   0.771681E+05   0.753976E+05   0.231252E+00   0.207206E+00   0.000000E+00   0.768730E+05   0.768730E+05   0.768730E+05  -0.119421E-01   0.764085E+05   0.763307E+05   0.912499E-01
   0.399271E+00   0.756110E+05   0.738644E+05   0.220721E+00   0.197770E+00   0.000000E+00   0.753199E+05   0.753199E+05   0.753199E+05  -0.117009E-01   0.748648E+05   0.747881E+05   0.888783E-01
   0.404466E+00   0.740846E+05   0.723587E+05   0.210738E+00   0.188826E+00   0.000000E+00   0.737969E+05   0.737969E+05   0.737969E+05  -0.114643E-01   0.733512E+05   0.732753E+05   0.866862E-01
   0.409661E+00   0.726053E+05   0.709004E+05   0.201319E+00   0.180386E+00   0.000000E+00   0.723212E+05   0.723212E+05   0.723212E+05  -0.112350E-01   0.718844E+05   0.718096E+05   0.845038E-01
   0.414855E+00   0.711838E+05   0.695028E+05   0.192460E+00   0.172448E+00   0.000000E+00   0.709037E+05   0.709037E+05   0.709037E+05  -0.110148E-01   0.704756E+05   0.704018E+05   0.822166E-01
   0.420050E+00   0.698254E+05   0.681725E+05   0.184145E+00   0.164998E+00   0.000000E+00   0.695499E+05   0.695499E+05   0.695499E+05  -0.108045E-01   0.691300E+05   0.690575E+05   0.797802E-01
   0.425245E+00   0.685314E+05   0.669108E+05   0.176344E+00   0.158008E+00   0.000000E+00   0.682613E+05   0.682613E+05   0.682613E+05  -0.106043E-01   0.678491E+05   0.677781E+05   0.772181E-01
   0.430440E+00   0.672978E+05   0.657124E+05   0.169018E+00   0.151444E+00   0.000000E+00   0.670335E+05   0.670335E+05   0.670335E+05  -0.104136E-01   0.666288E+05   0.665593E+05   0.746015E-01
   0.435635E+00   0.661140E+05   0.645649E+05   0.162112E+00   0.145256E+00   0.000000E+00   0.658558E+05   0.658558E+05   0.658558E+05  -0.102306E-01   0.654581E+05   0.653902E+05   0.720228E-01
   0.440830E+00   0.649668E+05   0.634529E+05   0.155571E+00   0.139394E+00   0.000000E+00   0.647144E+05   0.647144E+05   0.647144E+05  -0.100533E-01   0.643235E+05   0.642572E+05   0.695696E-01
   0.446025E+00   0.638456E+05   0.623644E+05   0.149348E+00   0.133819E+00   0.000000E+00   0.635988E+05   0.635988E+05   0.635988E+05  -0.988000E-02   0.632145E+05   0.631496E+05   0.673053E-01
   0.451219E+00   0.627447E+05   0.612925E+05   0.143414E+00   0.128502E+00   0.000000E+00   0.625027E+05   0.625027E+05   0.625027E+05  -0.970972E-02   0.621250E+05   0.620613E+05   0.652587E-01
   0.456414E+00   0.616606E+05   0.602337E+05   0.137747E+00   0.123424E+00   0.000000E+00   0.614228E+05   0.614228E+05   0.614228E+05  -0.954197E-02   0.610517E+05   0.609891E+05   0.634217E-01
   0.461609E+00   0.605924E+05   0.591875E+05   0.132329E+00   0.118570E+00   0.000000E+00   0.603582E+05   0.603582E+05   0.603582E+05  -0.937658E-02   0.599936E+05   0.599319E+05   0.617564E-01
   0.466804E+00   0.595422E+05   0.581573E+05   0.127156E+00   0.113934E+00   0.000000E+00   0.593114E+05   0.593114E+05   0.593114E+05  -0.921396E-02   0.589531E+05   0.588923E+05   0.602091E-01
   0.471999E+00   0.585159E+05   0.571499E+05   0.122227E+00   0.109518E+00   0.000000E+00   0.582882E+05   0.582882E+05   0.582882E+05  -0.905501E-02   0.579361E+05   0.578762E+05   0.587247E-01
   0.477194E+00   0.575191E+05   0.561722E+05   0.117542E+00   0.105320E+00   0.000000E+00   0.572946E+05   0.572946E+05   0.572946E+05  -0.890066E-02   0.569486E+05   0.568895E+05   0.572586E-01
   0.482389E+00   0.565549E+05   0.552280E+05   0.113094E+00   0.101335E+00   0.000000E+00   0.563337E+05   0.563337E+05   0.563337E+05  -0.875138E-02   0.559935E+05   0.559353E+05   0.557835E-01
   0.487584E+00   0.556230E+05   0.543173E+05   0.108873E+00   0.975526E-01   0.000000E+00   0.554054E+05   0.554054E+05   0.554054E+05  -0.860717E-02   0.550708E+05   0.550136E+05   0.542916E-01
   0.492778E+00   0.547224E+05   0.534389E+05   0.104864E+00   0.939606E-01   0.000000E+00   0.545085E+05   0.545085E+05   0.545085E+05  -0.846784E-02   0.541793E+05   0.541230E+05   0.527933E-01
   0.497973E+00   0.538513E+05   0.525906E+05   0.101054E+00   0.905465E-01   0.000000E+00   0.536412E+05   0.536412E+05   0.536412E+05  -0.833310E-02   0.533172E+05   0.532619E+05   0.513106E-01
   0.503168E+00   0.530066E+05   0.517685E+05   0.974266E-01   0.872962E-01   0.000000E+00   0.528002E+05   0.528002E+05   0.528002E+05  -0.820246E-02   0.524813E+05   0.524270E+05   0.498696E-01
   0.508363E+00   0.521835E+05   0.509673E+05   0.939644E-01   0.841939E-01   0.000000E+00   0.519808E+05   0.519808E+05   0.519808E+05  -0.807516E-02   0.516668E+05   0.516135E+05   0.484926E-01
   0.513558E+00   0.513776E+05   0.501821E+05   0.906517E-01   0.812257E-01   0.000000E+00   0.511784E+05   0.511784E+05   0.511784E+05  -0.795050E-02   0.508692E+05   0.508168E+05   0.471940E-01
   0.518753E+00   0.505868E+05   0.494105E+05   0.874779E-01   0.783819E-01   0.000000E+00   0.503907E+05   0.503907E+05   0.503907E+05  -0.782814E-02   0.500863E+05   0.500347E+05   0.459782E-01
   0.523948E+00   0.498108E+05   0.486524E+05   0.844364E-01   0.756566E-01   0.000000E+00   0.496177E+05   0.496177E+05   0.496177E+05  -0.770806E-02   0.493180E+05   0.492672E+05   0.448397E-01
   0.529143E+00   0.490499E+05   0.479082E+05   0.815217E-01   0.730451E-01   0.000000E+00   0.488596E+05   0.488596E+05   0.488596E+05  -0.759029E-02   0.485645E+05   0.485144E+05   0.437658E-01
   0.534337E+00   0.483043E+05   0.471785E+05   0.787287E-01   0.705424E-01   0.000000E+00   0.481167E+05   0.481167E+05   0.481167E+05  -0.747487E-02   0.478261E+05   0.477766E+05   0.427398E-01
   0.539532E+00   0.475749E+05   0.464645E+05   0.760534E-01   0.681453E-01   0.000000E+00   0.473898E+05   0.473898E+05   0.473898E+05  -0.736196E-02   0.471036E+05   0.470549E+05   0.417458E-01
   0.544727E+00   0.468635E+05   0.457684E+05   0.734937E-01   0.658518E-01   0.000000E+00   0.466810E+05   0.466810E+05   0.466810E+05  -0.725184E-02   0.463990E+05   0.463510E+05   0.407715E-01
   0.549922E+00   0.461714E+05   0.450918E+05   0.710465E-01   0.636590E-01   0.000000E+00   0.459914E+05   0.459914E+05   0.459914E+05  -0.714472E-02   0.457137E+05   0.456663E+05   0.398104E-01
   0.555117E+00   0.454980E+05   0.444341E+05   0.687062E-01   0.615621E-01   0.000000E+00   0.453207E+05   0.453207E+05   0.453207E+05  -0.704052E-02   0.450470E+05   0.450003E+05   0.388607E-01
   0.560312E+00   0.448421E+05   0.437940E+05   0.664660E-01   0.595548E-01   0.000000E+00   0.446674E+05   0.446674E+05   0.446674E+05  -0.693903E-02   0.443976E+05   0.443517E+05   0.379255E-01
   0.565507E+00   0.442025E+05   0.431701E+05   0.643199E-01   0.576319E-01   0.000000E+00   0.440304E+05   0.440304E+05   0.440304E+05  -0.684008E-02   0.437645E+05   0.437192E+05   0.370110E-01
   0.615622E+00   0.386889E+05   0.377858E+05   0.475043E-01   0.425648E-01   0.000000E+00   0.385384E+05   0.385384E+05   0.385384E+05  -0.598689E-02   0.383056E+05   0.382660E+05   0.297515E-01
   0.751923E+00   0.281597E+05   0.275031E+05   0.231771E-01   0.207672E-01   0.000000E+00   0.280503E+05   0.280503E+05   0.280503E+05  -0.435758E-02   0.278809E+05   0.278520E+05   0.177156E-01
   0.918401E+00   0.203939E+05   0.199186E+05   0.112516E-01   0.100817E-01   0.000000E+00   0.203147E+05   0.203147E+05   0.203147E+05  -0.315587E-02   0.201920E+05   0.201711E+05   0.105080E-01
   0.112174E+01   0.147038E+05   0.143612E+05   0.543783E-02   0.487240E-02   0.000000E+00   0.146467E+05   0.146467E+05   0.146467E+05  -0.227535E-02   0.145582E+05   0.145432E+05   0.620892E-02
   0.137009E+01   0.105581E+05   0.103121E+05   0.261737E-02   0.234522E-02   0.000000E+00   0.105171E+05   0.105171E+05   0.105171E+05  -0.163382E-02   0.104536E+05   0.104428E+05   0.365652E-02
   0.167343E+01   0.755321E+04   0.737724E+04   0.125514E-02   0.112463E-02   0.000000E+00   0.752388E+04   0.752388E+04   0.752388E+04  -0.116883E-02   0.747843E+04   0.747066E+04   0.214769E-02
   0.204394E+01   0.538516E+04   0.525971E+04   0.599848E-03   0.537476E-03   0.000000E+00   0.536425E+04   0.536425E+04   0.536425E+04  -0.833330E-03   0.533185E+04   0.532628E+04   0.125912E-02
   0.249647E+01   0.382749E+04   0.373833E+04   0.285784E-03   0.256069E-03   0.000000E+00   0.381263E+04   0.381263E+04   0.381263E+04  -0.592288E-03   0.378960E+04   0.378562E+04   0.737551E-03
   0.304920E+01   0.271263E+04   0.264943E+04   0.135768E-03   0.121651E-03   0.000000E+00   0.270210E+04   0.270210E+04   0.270210E+04  -0.419768E-03   0.268578E+04   0.268293E+04   0.432225E-03
   0.372430E+01   0.191746E+04   0.187278E+04   0.643300E-04   0.576412E-04   0.000000E+00   0.191002E+04   0.191002E+04   0.191002E+04  -0.296719E-03   0.189848E+04   0.189644E+04   0.253847E-03
   0.454887E+01   0.135211E+04   0.132059E+04   0.304074E-04   0.272458E-04   0.000000E+00   0.134686E+04   0.134686E+04   0.134686E+04  -0.209233E-03   0.133873E+04   0.133725E+04   0.149759E-03
   0.555600E+01   0.951330E+03   0.929135E+03   0.143409E-04   0.128498E-04   0.000000E+00   0.947631E+03   0.947631E+03   0.947631E+03  -0.147213E-03   0.941910E+03   0.940840E+03   0.890292E-04
   0.678612E+01   0.667959E+03   0.652359E+03   0.674949E-05   0.604776E-05   0.000000E+00   0.665359E+03   0.665359E+03   0.665359E+03  -0.103363E-03   0.661344E+03   0.660558E+03   0.535502E-04
   0.828858E+01   0.468100E+03   0.457149E+03   0.317054E-05   0.284093E-05   0.000000E+00   0.466275E+03   0.466275E+03   0.466275E+03  -0.724353E-04   0.463462E+03   0.462875E+03   0.327563E-04
   0.101237E+02   0.327457E+03   0.319777E+03   0.148668E-05   0.133214E-05   0.000000E+00   0.326177E+03   0.326177E+03   0.326177E+03  -0.506712E-04   0.324211E+03   0.323762E+03   0.204973E-04
   0.123651E+02   0.228691E+03   0.223307E+03   0.695946E-06   0.623612E-06   0.000000E+00   0.227793E+03   0.227793E+03   0.227793E+03  -0.353874E-04   0.226422E+03   0.226069E+03   0.132016E-04
   0.151028E+02   0.159467E+03   0.155691E+03   0.325275E-06   0.291474E-06   0.000000E+00   0.158837E+03   0.158837E+03   0.158837E+03  -0.246752E-04   0.157883E+03   0.157595E+03   0.879865E-05
   0.184466E+02   0.111035E+03   0.108384E+03   0.151802E-06   0.136032E-06   0.000000E+00   0.110593E+03   0.110593E+03   0.110593E+03  -0.171805E-04   0.109930E+03   0.109687E+03   0.608877E-05
   0.225307E+02   0.772064E+02   0.753400E+02   0.707441E-07   0.633984E-07   0.000000E+00   0.768954E+02   0.768954E+02   0.768954E+02  -0.119456E-04   0.764360E+02   0.762226E+02   0.437714E-05
   0.275191E+02   0.536147E+02   0.522946E+02   0.329235E-07   0.295073E-07   0.000000E+00   0.533947E+02   0.533947E+02   0.533947E+02  -0.829480E-05   0.530774E+02   0.528833E+02   0.326072E-05
   0.336118E+02   0.371855E+02   0.362453E+02   0.153016E-07   0.137155E-07   0.000000E+00   0.370288E+02   0.370288E+02   0.370288E+02  -0.575239E-05   0.368106E+02   0.366285E+02   0.250500E-05
   0.410536E+02   0.257598E+02   0.250829E+02   0.710186E-08   0.636684E-08   0.000000E+00   0.256469E+02   0.256469E+02   0.256469E+02  -0.398422E-05   0.254977E+02   0.253225E+02   0.197278E-05
   0.501430E+02   0.178236E+02   0.173289E+02   0.329146E-08   0.295158E-08   0.000000E+00   0.177411E+02   0.177411E+02   0.177411E+02  -0.275606E-05   0.176398E+02   0.174681E+02   0.158304E-05
   0.612448E+02   0.123177E+02   0.119488E+02   0.152311E-08   0.136637E-08   0.000000E+00   0.122562E+02   0.122562E+02   0.122562E+02  -0.190399E-05   0.121882E+02   0.120176E+02   0.128731E-05
   0.748045E+02   0.850209E+01   0.821978E+01   0.703567E-09   0.631534E-09   0.000000E+00   0.845504E+01   0.845504E+01   0.845504E+01  -0.131348E-05   0.841014E+01   0.823926E+01   0.105597E-05
   0.913665E+02   0.586056E+01   0.563768E+01   0.324307E-09   0.291357E-09   0.000000E+00   0.582342E+01   0.582342E+01   0.582342E+01  -0.904661E-06   0.579457E+01   0.562252E+01   0.870456E-06
   0.111595E+03   0.403363E+01   0.385148E+01   0.149090E-09   0.134115E-09   0.000000E+00   0.400327E+01   0.400327E+01   0.400327E+01  -0.621903E-06   0.398554E+01   0.381203E+01   0.718734E-06
