#          k/h    CDM            baryon         photon         nu             mass_nu        total          no_nu          total_de       Weyl           v_CDM          v_b            v_b-v_c     
   0.102819E-04   0.488321E+07   0.488321E+07   0.651017E+07   0.651014E+07   0.000000E+00   0.488321E+07   0.488321E+07   0.489243E+07  -0.598287E+00   0.483121E+07   0.483121E+07   0.101940E+02
   0.113644E-04   0.488321E+07   0.488321E+07   0.651000E+07   0.650997E+07   0.000000E+00   0.488321E+07   0.488321E+07   0.489243E+07  -0.598287E+00   0.483121E+07   0.483120E+07   0.112670E+02
   0.125608E-04   0.488321E+07   0.488321E+07   0.650979E+07   0.650975E+07   0.000000E+00   0.488321E+07   0.488321E+07   0.489243E+07  -0.598286E+00   0.483120E+07   0.483120E+07   0.124530E+02
   0.138832E-04   0.488320E+07   0.488320E+07   0.650953E+07   0.650948E+07   0.000000E+00   0.488320E+07   0.488320E+07   0.489242E+07  -0.598286E+00   0.483120E+07   0.483120E+07   0.137637E+02
   0.153447E-04   0.488320E+07   0.488320E+07   0.650922E+07   0.650916E+07   0.000000E+00   0.488320E+07   0.488320E+07   0.489242E+07  -0.598286E+00   0.483120E+07   0.483120E+07   0.152124E+02
   0.169602E-04   0.488320E+07   0.488320E+07   0.650883E+07   0.650876E+07   0.000000E+00   0.488320E+07   0.488320E+07   0.489242E+07  -0.598285E+00   0.483120E+07   0.483120E+07   0.168134E+02
   0.187457E-04   0.488320E+07   0.488320E+07   0.650836E+07   0.650827E+07   0.000000E+00   0.488320E+07   0.488320E+07   0.489242E+07  -0.598285E+00   0.483120E+07   0.483120E+07   0.185828E+02
   0.207192E-04   0.488319E+07   0.488319E+07   0.650779E+07   0.650768E+07   0.000000E+00   0.488319E+07   0.488319E+07   0.489241E+07  -0.598284E+00   0.483119E+07   0.483119E+07   0.205383E+02
   0.229004E-04   0.488319E+07   0.488319E+07   0.650709E+07   0.650695E+07   0.000000E+00   0.488319E+07   0.488319E+07   0.489241E+07  -0.598284E+00   0.483119E+07   0.483119E+07   0.226993E+02
   0.253113E-04   0.488318E+07   0.488318E+07   0.650623E+07   0.650607E+07   0.000000E+00   0.488318E+07   0.488318E+07   0.489240E+07  -0.598283E+00   0.483118E+07   0.483118E+07   0.250874E+02
   0.279760E-04   0.488318E+07   0.488318E+07   0.650519E+07   0.650499E+07   0.000000E+00   0.488318E+07   0.488318E+07   0.489239E+07  -0.598282E+00   0.483118E+07   0.483118E+07   0.277264E+02
   0.309213E-04   0.488317E+07   0.488317E+07   0.650391E+07   0.650367E+07   0.000000E+00   0.488317E+07   0.488317E+07   0.489238E+07  -0.598281E+00   0.483117E+07   0.483117E+07   0.306424E+02
   0.341766E-04   0.488316E+07   0.488316E+07   0.650235E+07   0.650205E+07   0.000000E+00   0.488316E+07   0.488316E+07   0.489237E+07  -0.598279E+00   0.483116E+07   0.483116E+07   0.338644E+02
   0.377746E-04   0.488315E+07   0.488315E+07   0.650045E+07   0.650008E+07   0.000000E+00   0.488315E+07   0.488315E+07   0.489236E+07  -0.598277E+00   0.483115E+07   0.483115E+07   0.374242E+02
   0.417514E-04   0.488314E+07   0.488313E+07   0.649812E+07   0.649767E+07   0.000000E+00   0.488314E+07   0.488314E+07   0.489234E+07  -0.598275E+00   0.483114E+07   0.483113E+07   0.413569E+02
   0.461468E-04   0.488312E+07   0.488312E+07   0.649528E+07   0.649474E+07   0.000000E+00   0.488312E+07   0.488312E+07   0.489232E+07  -0.598272E+00   0.483112E+07   0.483111E+07   0.457011E+02
   0.510050E-04   0.488310E+07   0.488309E+07   0.649181E+07   0.649115E+07   0.000000E+00   0.488310E+07   0.488310E+07   0.489229E+07  -0.598269E+00   0.483110E+07   0.483109E+07   0.504992E+02
   0.563747E-04   0.488307E+07   0.488307E+07   0.648758E+07   0.648676E+07   0.000000E+00   0.488307E+07   0.488307E+07   0.489226E+07  -0.598265E+00   0.483107E+07   0.483107E+07   0.557979E+02
   0.623096E-04   0.488304E+07   0.488304E+07   0.648241E+07   0.648142E+07   0.000000E+00   0.488304E+07   0.488304E+07   0.489222E+07  -0.598260E+00   0.483104E+07   0.483103E+07   0.616482E+02
   0.688694E-04   0.488300E+07   0.488300E+07   0.647610E+07   0.647489E+07   0.000000E+00   0.488300E+07   0.488300E+07   0.489217E+07  -0.598254E+00   0.483101E+07   0.483099E+07   0.681060E+02
   0.761198E-04   0.488296E+07   0.488295E+07   0.646840E+07   0.646692E+07   0.000000E+00   0.488296E+07   0.488296E+07   0.489212E+07  -0.598246E+00   0.483096E+07   0.483095E+07   0.752324E+02
   0.841334E-04   0.488290E+07   0.488289E+07   0.645901E+07   0.645720E+07   0.000000E+00   0.488290E+07   0.488290E+07   0.489205E+07  -0.598237E+00   0.483091E+07   0.483089E+07   0.830939E+02
   0.929907E-04   0.488283E+07   0.488282E+07   0.644755E+07   0.644534E+07   0.000000E+00   0.488283E+07   0.488283E+07   0.489196E+07  -0.598226E+00   0.483084E+07   0.483082E+07   0.917624E+02
   0.102781E-03   0.488275E+07   0.488273E+07   0.643357E+07   0.643089E+07   0.000000E+00   0.488274E+07   0.488274E+07   0.489185E+07  -0.598213E+00   0.483076E+07   0.483073E+07   0.101316E+03
   0.113601E-03   0.488264E+07   0.488263E+07   0.641654E+07   0.641327E+07   0.000000E+00   0.488264E+07   0.488264E+07   0.489173E+07  -0.598196E+00   0.483065E+07   0.483062E+07   0.111838E+03
   0.125560E-03   0.488252E+07   0.488250E+07   0.639580E+07   0.639180E+07   0.000000E+00   0.488251E+07   0.488251E+07   0.489157E+07  -0.598176E+00   0.483053E+07   0.483049E+07   0.123417E+03
   0.138779E-03   0.488236E+07   0.488234E+07   0.637054E+07   0.636568E+07   0.000000E+00   0.488236E+07   0.488236E+07   0.489138E+07  -0.598151E+00   0.483038E+07   0.483033E+07   0.136148E+03
   0.153389E-03   0.488217E+07   0.488214E+07   0.633981E+07   0.633389E+07   0.000000E+00   0.488217E+07   0.488217E+07   0.489114E+07  -0.598121E+00   0.483020E+07   0.483014E+07   0.150128E+03
   0.169538E-03   0.488194E+07   0.488191E+07   0.630247E+07   0.629527E+07   0.000000E+00   0.488194E+07   0.488194E+07   0.489086E+07  -0.598085E+00   0.482997E+07   0.482990E+07   0.165458E+03
   0.187386E-03   0.488166E+07   0.488162E+07   0.625714E+07   0.624839E+07   0.000000E+00   0.488166E+07   0.488166E+07   0.489051E+07  -0.598040E+00   0.482970E+07   0.482962E+07   0.182237E+03
   0.207114E-03   0.488132E+07   0.488127E+07   0.620218E+07   0.619156E+07   0.000000E+00   0.488131E+07   0.488131E+07   0.489009E+07  -0.597985E+00   0.482936E+07   0.482926E+07   0.200562E+03
   0.228918E-03   0.488090E+07   0.488084E+07   0.613566E+07   0.612280E+07   0.000000E+00   0.488089E+07   0.488089E+07   0.488958E+07  -0.597919E+00   0.482896E+07   0.482883E+07   0.220521E+03
   0.253018E-03   0.488040E+07   0.488032E+07   0.605534E+07   0.603977E+07   0.000000E+00   0.488038E+07   0.488038E+07   0.488895E+07  -0.597838E+00   0.482846E+07   0.482831E+07   0.242187E+03
   0.279655E-03   0.487978E+07   0.487968E+07   0.595858E+07   0.593979E+07   0.000000E+00   0.487976E+07   0.487976E+07   0.488819E+07  -0.597740E+00   0.482785E+07   0.482767E+07   0.265607E+03
   0.309096E-03   0.487902E+07   0.487890E+07   0.584238E+07   0.581978E+07   0.000000E+00   0.487900E+07   0.487900E+07   0.488726E+07  -0.597621E+00   0.482712E+07   0.482690E+07   0.290791E+03
   0.341636E-03   0.487810E+07   0.487796E+07   0.570340E+07   0.567628E+07   0.000000E+00   0.487808E+07   0.487808E+07   0.488614E+07  -0.597476E+00   0.482622E+07   0.482595E+07   0.317696E+03
   0.377603E-03   0.487698E+07   0.487681E+07   0.553794E+07   0.550553E+07   0.000000E+00   0.487696E+07   0.487696E+07   0.488478E+07  -0.597300E+00   0.482512E+07   0.482480E+07   0.346205E+03
   0.417356E-03   0.487563E+07   0.487542E+07   0.534210E+07   0.530357E+07   0.000000E+00   0.487559E+07   0.487559E+07   0.488314E+07  -0.597088E+00   0.482379E+07   0.482341E+07   0.376101E+03
   0.461294E-03   0.487398E+07   0.487373E+07   0.511198E+07   0.506643E+07   0.000000E+00   0.487394E+07   0.487394E+07   0.488115E+07  -0.596831E+00   0.482217E+07   0.482172E+07   0.407034E+03
   0.509857E-03   0.487198E+07   0.487168E+07   0.484395E+07   0.479051E+07   0.000000E+00   0.487193E+07   0.487193E+07   0.487876E+07  -0.596522E+00   0.482021E+07   0.481967E+07   0.438487E+03
   0.563534E-03   0.486956E+07   0.486921E+07   0.453518E+07   0.447303E+07   0.000000E+00   0.486950E+07   0.486950E+07   0.487589E+07  -0.596151E+00   0.481783E+07   0.481719E+07   0.469737E+03
   0.622861E-03   0.486664E+07   0.486622E+07   0.418429E+07   0.411280E+07   0.000000E+00   0.486657E+07   0.486657E+07   0.487246E+07  -0.595706E+00   0.481496E+07   0.481420E+07   0.499815E+03
   0.688433E-03   0.486313E+07   0.486263E+07   0.379225E+07   0.371109E+07   0.000000E+00   0.486304E+07   0.486304E+07   0.486837E+07  -0.595177E+00   0.481149E+07   0.481061E+07   0.527480E+03
   0.760910E-03   0.485890E+07   0.485832E+07   0.336344E+07   0.327276E+07   0.000000E+00   0.485880E+07   0.485880E+07   0.486352E+07  -0.594548E+00   0.480731E+07   0.480629E+07   0.551206E+03
   0.841016E-03   0.485384E+07   0.485316E+07   0.290678E+07   0.280742E+07   0.000000E+00   0.485373E+07   0.485373E+07   0.485779E+07  -0.593805E+00   0.480230E+07   0.480114E+07   0.569216E+03
   0.929556E-03   0.484780E+07   0.484702E+07   0.243670E+07   0.233033E+07   0.000000E+00   0.484767E+07   0.484767E+07   0.485106E+07  -0.592934E+00   0.479630E+07   0.479499E+07   0.579579E+03
   0.102742E-02   0.484062E+07   0.483974E+07   0.197341E+07   0.186263E+07   0.000000E+00   0.484048E+07   0.484048E+07   0.484321E+07  -0.591918E+00   0.478916E+07   0.478771E+07   0.580390E+03
   0.113558E-02   0.483214E+07   0.483115E+07   0.154185E+07   0.143013E+07   0.000000E+00   0.483198E+07   0.483198E+07   0.483410E+07  -0.590742E+00   0.478070E+07   0.477913E+07   0.570068E+03
   0.125513E-02   0.482217E+07   0.482108E+07   0.116867E+07   0.105999E+07   0.000000E+00   0.482198E+07   0.482198E+07   0.482358E+07  -0.589388E+00   0.477073E+07   0.476906E+07   0.547768E+03
   0.138727E-02   0.481050E+07   0.480932E+07   0.876518E+06   0.774761E+06   0.000000E+00   0.481030E+07   0.481030E+07   0.481149E+07  -0.587841E+00   0.475904E+07   0.475731E+07   0.513851E+03
   0.153331E-02   0.479694E+07   0.479569E+07   0.676422E+06   0.584500E+06   0.000000E+00   0.479673E+07   0.479673E+07   0.479764E+07  -0.586081E+00   0.474545E+07   0.474370E+07   0.470293E+03
   0.169474E-02   0.478127E+07   0.477996E+07   0.560452E+06   0.479559E+06   0.000000E+00   0.478105E+07   0.478105E+07   0.478180E+07  -0.584086E+00   0.472974E+07   0.472801E+07   0.420813E+03
   0.187315E-02   0.476326E+07   0.476191E+07   0.499555E+06   0.429058E+06   0.000000E+00   0.476304E+07   0.476304E+07   0.476370E+07  -0.581829E+00   0.471170E+07   0.471002E+07   0.370445E+03
   0.207035E-02   0.474268E+07   0.474129E+07   0.452174E+06   0.390587E+06   0.000000E+00   0.474245E+07   0.474245E+07   0.474306E+07  -0.579274E+00   0.469112E+07   0.468949E+07   0.324395E+03
   0.228831E-02   0.471927E+07   0.471781E+07   0.385023E+06   0.331790E+06   0.000000E+00   0.471902E+07   0.471902E+07   0.471954E+07  -0.576383E+00   0.466776E+07   0.466617E+07   0.286367E+03
   0.252922E-02   0.469272E+07   0.469117E+07   0.295728E+06   0.252253E+06   0.000000E+00   0.469247E+07   0.469247E+07   0.469286E+07  -0.573113E+00   0.464134E+07   0.463976E+07   0.257110E+03
   0.279549E-02   0.466275E+07   0.466106E+07   0.214604E+06   0.182666E+06   0.000000E+00   0.466247E+07   0.466247E+07   0.466275E+07  -0.569423E+00   0.461155E+07   0.460996E+07   0.234328E+03
   0.308979E-02   0.462902E+07   0.462714E+07   0.170824E+06   0.149200E+06   0.000000E+00   0.462871E+07   0.462871E+07   0.462894E+07  -0.565278E+00   0.457805E+07   0.457644E+07   0.214472E+03
   0.341507E-02   0.459120E+07   0.458909E+07   0.152232E+06   0.128344E+06   0.000000E+00   0.459085E+07   0.459085E+07   0.459105E+07  -0.560639E+00   0.454051E+07   0.453889E+07   0.195219E+03
   0.377460E-02   0.454895E+07   0.454658E+07   0.122568E+06   0.104102E+06   0.000000E+00   0.454855E+07   0.454855E+07   0.454872E+07  -0.555461E+00   0.449860E+07   0.449698E+07   0.176340E+03
   0.417198E-02   0.450190E+07   0.449924E+07   0.861319E+05   0.843410E+05   0.000000E+00   0.450146E+07   0.450146E+07   0.450158E+07  -0.549700E+00   0.445196E+07   0.445035E+07   0.158517E+03
   0.461119E-02   0.444971E+07   0.444669E+07   0.734953E+05   0.682427E+05   0.000000E+00   0.444921E+07   0.444921E+07   0.444931E+07  -0.543310E+00   0.440023E+07   0.439863E+07   0.142532E+03
   0.509664E-02   0.439200E+07   0.438853E+07   0.641167E+05   0.551392E+05   0.000000E+00   0.439142E+07   0.439142E+07   0.439151E+07  -0.536247E+00   0.434303E+07   0.434144E+07   0.129043E+03
   0.563320E-02   0.432840E+07   0.432438E+07   0.470345E+05   0.444831E+05   0.000000E+00   0.432773E+07   0.432773E+07   0.432779E+07  -0.528463E+00   0.428001E+07   0.427840E+07   0.117164E+03
   0.622625E-02   0.425853E+07   0.425387E+07   0.447876E+05   0.358252E+05   0.000000E+00   0.425775E+07   0.425775E+07   0.425781E+07  -0.519915E+00   0.421078E+07   0.420918E+07   0.105777E+03
   0.688173E-02   0.418203E+07   0.417660E+07   0.319827E+05   0.287988E+05   0.000000E+00   0.418112E+07   0.418112E+07   0.418116E+07  -0.510554E+00   0.413497E+07   0.413337E+07   0.957467E+02
   0.760622E-02   0.409851E+07   0.409215E+07   0.261238E+05   0.231027E+05   0.000000E+00   0.409745E+07   0.409745E+07   0.409748E+07  -0.500333E+00   0.405221E+07   0.405060E+07   0.870385E+02
   0.840698E-02   0.400760E+07   0.400014E+07   0.205108E+05   0.184912E+05   0.000000E+00   0.400635E+07   0.400635E+07   0.400638E+07  -0.489208E+00   0.396211E+07   0.396049E+07   0.791634E+02
   0.929204E-02   0.390892E+07   0.390016E+07   0.163869E+05   0.147630E+05   0.000000E+00   0.390746E+07   0.390746E+07   0.390748E+07  -0.477130E+00   0.386430E+07   0.386267E+07   0.721404E+02
   0.102703E-01   0.380210E+07   0.379179E+07   0.137210E+05   0.117536E+05   0.000000E+00   0.380038E+07   0.380038E+07   0.380040E+07  -0.464053E+00   0.375840E+07   0.375675E+07   0.659835E+02
   0.113515E-01   0.368676E+07   0.367466E+07   0.954407E+04   0.932848E+04   0.000000E+00   0.368475E+07   0.368475E+07   0.368476E+07  -0.449932E+00   0.364404E+07   0.364238E+07   0.605147E+02
   0.125466E-01   0.356257E+07   0.354837E+07   0.800594E+04   0.737797E+04   0.000000E+00   0.356021E+07   0.356021E+07   0.356022E+07  -0.434724E+00   0.352089E+07   0.351919E+07   0.556982E+02
   0.138674E-01   0.342922E+07   0.341262E+07   0.590321E+04   0.581252E+04   0.000000E+00   0.342645E+07   0.342645E+07   0.342646E+07  -0.418392E+00   0.338862E+07   0.338689E+07   0.514371E+02
   0.153273E-01   0.328649E+07   0.326716E+07   0.455521E+04   0.455912E+04   0.000000E+00   0.328327E+07   0.328327E+07   0.328327E+07  -0.400907E+00   0.324703E+07   0.324526E+07   0.476536E+02
   0.169409E-01   0.313430E+07   0.311193E+07   0.391861E+04   0.355838E+04   0.000000E+00   0.313057E+07   0.313057E+07   0.313057E+07  -0.382261E+00   0.309604E+07   0.309421E+07   0.442621E+02
   0.187244E-01   0.297280E+07   0.294711E+07   0.321442E+04   0.276198E+04   0.000000E+00   0.296851E+07   0.296851E+07   0.296852E+07  -0.362473E+00   0.293579E+07   0.293392E+07   0.411728E+02
   0.206957E-01   0.280248E+07   0.277328E+07   0.225733E+04   0.213069E+04   0.000000E+00   0.279761E+07   0.279761E+07   0.279762E+07  -0.341605E+00   0.276680E+07   0.276487E+07   0.382915E+02
   0.228745E-01   0.262434E+07   0.259156E+07   0.179159E+04   0.163267E+04   0.000000E+00   0.261888E+07   0.261888E+07   0.261888E+07  -0.319780E+00   0.259006E+07   0.258809E+07   0.355174E+02
   0.252826E-01   0.244006E+07   0.240383E+07   0.140748E+04   0.124209E+04   0.000000E+00   0.243402E+07   0.243402E+07   0.243402E+07  -0.297207E+00   0.240726E+07   0.240525E+07   0.327458E+02
   0.279443E-01   0.225213E+07   0.221289E+07   0.105310E+04   0.938012E+03   0.000000E+00   0.224559E+07   0.224559E+07   0.224559E+07  -0.274199E+00   0.222093E+07   0.221890E+07   0.298822E+02
   0.308862E-01   0.206406E+07   0.202259E+07   0.796003E+03   0.703381E+03   0.000000E+00   0.205715E+07   0.205715E+07   0.205715E+07  -0.251190E+00   0.203458E+07   0.203257E+07   0.268512E+02
   0.341378E-01   0.188029E+07   0.183778E+07   0.513015E+03   0.524274E+03   0.000000E+00   0.187320E+07   0.187320E+07   0.187320E+07  -0.228729E+00   0.185268E+07   0.185072E+07   0.236017E+02
   0.377317E-01   0.170594E+07   0.166401E+07   0.452803E+03   0.389229E+03   0.000000E+00   0.169895E+07   0.169895E+07   0.169895E+07  -0.207451E+00   0.168034E+07   0.167850E+07   0.201335E+02
   0.417040E-01   0.154616E+07   0.150671E+07   0.332633E+03   0.288727E+03   0.000000E+00   0.153958E+07   0.153958E+07   0.153958E+07  -0.187992E+00   0.152272E+07   0.152105E+07   0.165169E+02
   0.458744E-01   0.141079E+07   0.137553E+07   0.235708E+03   0.217749E+03   0.000000E+00   0.140492E+07   0.140492E+07   0.140492E+07  -0.171548E+00   0.138952E+07   0.138806E+07   0.130733E+02
   0.500448E-01   0.130423E+07   0.127407E+07   0.183164E+03   0.169208E+03   0.000000E+00   0.129921E+07   0.129921E+07   0.129921E+07  -0.158640E+00   0.128495E+07   0.128372E+07   0.101031E+02
   0.542152E-01   0.121832E+07   0.119344E+07   0.145861E+03   0.134747E+03   0.000000E+00   0.121418E+07   0.121418E+07   0.121418E+07  -0.148258E+00   0.120083E+07   0.119982E+07   0.767814E+01
   0.583856E-01   0.114667E+07   0.112660E+07   0.118434E+03   0.109409E+03   0.000000E+00   0.114332E+07   0.114332E+07   0.114332E+07  -0.139606E+00   0.113073E+07   0.112991E+07   0.582367E+01
   0.625560E-01   0.108381E+07   0.106760E+07   0.975581E+02   0.901239E+02   0.000000E+00   0.108111E+07   0.108111E+07   0.108111E+07  -0.132009E+00   0.106919E+07   0.106850E+07   0.451328E+01
   0.667264E-01   0.102515E+07   0.101158E+07   0.811287E+02   0.749463E+02   0.000000E+00   0.102289E+07   0.102289E+07   0.102289E+07  -0.124901E+00   0.101160E+07   0.101101E+07   0.367717E+01
   0.708968E-01   0.967778E+06   0.955567E+06   0.678500E+02   0.626795E+02   0.000000E+00   0.965743E+06   0.965743E+06   0.965743E+06  -0.117922E+00   0.955083E+06   0.954529E+06   0.321729E+01
   0.750672E-01   0.910452E+06   0.898503E+06   0.569301E+02   0.525918E+02   0.000000E+00   0.908461E+06   0.908461E+06   0.908461E+06  -0.110928E+00   0.898438E+06   0.897887E+06   0.302235E+01
   0.792376E-01   0.853413E+06   0.840920E+06   0.478807E+02   0.442322E+02   0.000000E+00   0.851331E+06   0.851331E+06   0.851331E+06  -0.103952E+00   0.841948E+06   0.841374E+06   0.298262E+01
   0.834080E-01   0.797816E+06   0.784351E+06   0.403807E+02   0.373038E+02   0.000000E+00   0.795571E+06   0.795571E+06   0.795571E+06  -0.971436E-01   0.786815E+06   0.786207E+06   0.300215E+01
   0.875784E-01   0.745087E+06   0.730601E+06   0.341899E+02   0.315848E+02   0.000000E+00   0.742673E+06   0.742673E+06   0.742673E+06  -0.906844E-01   0.734511E+06   0.733871E+06   0.300741E+01
   0.927733E-01   0.685491E+06   0.670136E+06   0.280162E+02   0.258816E+02   0.000000E+00   0.682932E+06   0.682932E+06   0.682932E+06  -0.833897E-01   0.675438E+06   0.674779E+06   0.292575E+01
   0.979682E-01   0.634673E+06   0.619249E+06   0.232533E+02   0.214817E+02   0.000000E+00   0.632103E+06   0.632103E+06   0.632103E+06  -0.771831E-01   0.625172E+06   0.624526E+06   0.271788E+01
   0.103163E+00   0.593674E+06   0.579073E+06   0.196148E+02   0.181204E+02   0.000000E+00   0.591240E+06   0.591240E+06   0.591240E+06  -0.721936E-01   0.584758E+06   0.584156E+06   0.240146E+01
   0.108358E+00   0.561704E+06   0.548649E+06   0.168260E+02   0.155440E+02   0.000000E+00   0.559528E+06   0.559528E+06   0.559528E+06  -0.683214E-01   0.553387E+06   0.552854E+06   0.202537E+01
   0.113553E+00   0.536416E+06   0.525284E+06   0.146385E+02   0.135232E+02   0.000000E+00   0.534561E+06   0.534561E+06   0.534561E+06  -0.652728E-01   0.528685E+06   0.528230E+06   0.164864E+01
   0.118748E+00   0.514964E+06   0.505730E+06   0.128570E+02   0.118773E+02   0.000000E+00   0.513425E+06   0.513425E+06   0.513425E+06  -0.626919E-01   0.507772E+06   0.507390E+06   0.132299E+01
   0.123943E+00   0.494860E+06   0.487158E+06   0.113460E+02   0.104814E+02   0.000000E+00   0.493577E+06   0.493577E+06   0.493577E+06  -0.602684E-01   0.488136E+06   0.487810E+06   0.108118E+01
   0.129137E+00   0.474322E+06   0.467578E+06   0.100201E+02   0.925657E+01   0.000000E+00   0.473198E+06   0.473198E+06   0.473198E+06  -0.577800E-01   0.467978E+06   0.467685E+06   0.932624E+00
   0.134332E+00   0.452451E+06   0.446055E+06   0.883325E+01   0.816012E+01   0.000000E+00   0.451385E+06   0.451385E+06   0.451385E+06  -0.551166E-01   0.446406E+06   0.446124E+06   0.865741E+00
   0.139527E+00   0.429326E+06   0.422780E+06   0.776766E+01   0.717575E+01   0.000000E+00   0.428235E+06   0.428235E+06   0.428235E+06  -0.522898E-01   0.423515E+06   0.423226E+06   0.855006E+00
   0.144722E+00   0.405774E+06   0.398792E+06   0.682150E+01   0.630171E+01   0.000000E+00   0.404610E+06   0.404610E+06   0.404610E+06  -0.494051E-01   0.400156E+06   0.399850E+06   0.869736E+00
   0.149917E+00   0.382963E+06   0.375504E+06   0.599711E+01   0.554015E+01   0.000000E+00   0.381720E+06   0.381720E+06   0.381720E+06  -0.466101E-01   0.377523E+06   0.377202E+06   0.882136E+00
   0.155112E+00   0.362065E+06   0.354296E+06   0.529453E+01   0.489113E+01   0.000000E+00   0.360770E+06   0.360770E+06   0.360770E+06  -0.440520E-01   0.356808E+06   0.356479E+06   0.872984E+00
   0.160307E+00   0.343970E+06   0.336188E+06   0.470823E+01   0.434950E+01   0.000000E+00   0.342673E+06   0.342673E+06   0.342673E+06  -0.418422E-01   0.338912E+06   0.338587E+06   0.834133E+00
   0.165502E+00   0.329009E+06   0.321542E+06   0.422512E+01   0.390320E+01   0.000000E+00   0.327764E+06   0.327764E+06   0.327764E+06  -0.400218E-01   0.324166E+06   0.323858E+06   0.767856E+00
   0.170696E+00   0.316867E+06   0.309980E+06   0.382596E+01   0.353445E+01   0.000000E+00   0.315719E+06   0.315719E+06   0.315719E+06  -0.385510E-01   0.312251E+06   0.311968E+06   0.683874E+00
   0.175891E+00   0.306791E+06   0.300629E+06   0.348978E+01   0.322387E+01   0.000000E+00   0.305764E+06   0.305764E+06   0.305764E+06  -0.373354E-01   0.302402E+06   0.302148E+06   0.595300E+00
   0.181086E+00   0.297888E+06   0.292452E+06   0.319795E+01   0.295427E+01   0.000000E+00   0.296982E+06   0.296982E+06   0.296982E+06  -0.362631E-01   0.293713E+06   0.293487E+06   0.514678E+00
   0.186281E+00   0.289314E+06   0.284482E+06   0.293590E+01   0.271218E+01   0.000000E+00   0.288508E+06   0.288508E+06   0.288508E+06  -0.352284E-01   0.285330E+06   0.285126E+06   0.450985E+00
   0.191476E+00   0.280409E+06   0.275979E+06   0.269367E+01   0.248841E+01   0.000000E+00   0.279671E+06   0.279671E+06   0.279671E+06  -0.341493E-01   0.276588E+06   0.276398E+06   0.408110E+00
   0.196671E+00   0.270847E+06   0.266598E+06   0.246622E+01   0.227830E+01   0.000000E+00   0.270139E+06   0.270139E+06   0.270139E+06  -0.329854E-01   0.267162E+06   0.266978E+06   0.384877E+00
   0.201866E+00   0.260689E+06   0.256434E+06   0.225286E+01   0.208119E+01   0.000000E+00   0.259980E+06   0.259980E+06   0.259980E+06  -0.317449E-01   0.257116E+06   0.256931E+06   0.376275E+00
   0.207060E+00   0.250273E+06   0.245896E+06   0.205525E+01   0.189864E+01   0.000000E+00   0.249543E+06   0.249543E+06   0.249543E+06  -0.304706E-01   0.246796E+06   0.246608E+06   0.375349E+00
   0.212255E+00   0.240051E+06   0.235525E+06   0.187553E+01   0.173262E+01   0.000000E+00   0.239297E+06   0.239297E+06   0.239297E+06  -0.292195E-01   0.236665E+06   0.236471E+06   0.375183E+00
   0.217450E+00   0.230470E+06   0.225844E+06   0.171528E+01   0.158459E+01   0.000000E+00   0.229699E+06   0.229699E+06   0.229699E+06  -0.280475E-01   0.227174E+06   0.226979E+06   0.370489E+00
   0.222645E+00   0.221872E+06   0.217247E+06   0.157492E+01   0.145492E+01   0.000000E+00   0.221101E+06   0.221101E+06   0.221101E+06  -0.269977E-01   0.218672E+06   0.218478E+06   0.358496E+00
   0.227840E+00   0.214409E+06   0.209905E+06   0.145329E+01   0.134256E+01   0.000000E+00   0.213659E+06   0.213659E+06   0.213659E+06  -0.260889E-01   0.211311E+06   0.211123E+06   0.339062E+00
   0.233035E+00   0.208017E+06   0.203737E+06   0.134791E+01   0.124520E+01   0.000000E+00   0.207304E+06   0.207304E+06   0.207304E+06  -0.253129E-01   0.205025E+06   0.204847E+06   0.314161E+00
   0.238230E+00   0.202473E+06   0.198482E+06   0.125559E+01   0.115992E+01   0.000000E+00   0.201808E+06   0.201808E+06   0.201808E+06  -0.246419E-01   0.199589E+06   0.199423E+06   0.286987E+00
   0.243425E+00   0.197476E+06   0.193786E+06   0.117311E+01   0.108372E+01   0.000000E+00   0.196862E+06   0.196862E+06   0.196862E+06  -0.240378E-01   0.194695E+06   0.194541E+06   0.260930E+00
   0.248619E+00   0.192700E+06   0.189277E+06   0.109758E+01   0.101395E+01   0.000000E+00   0.192129E+06   0.192129E+06   0.192129E+06  -0.234600E-01   0.190014E+06   0.189870E+06   0.238705E+00
   0.253814E+00   0.187863E+06   0.184641E+06   0.102679E+01   0.948549E+00   0.000000E+00   0.187326E+06   0.187326E+06   0.187326E+06  -0.228735E-01   0.185263E+06   0.185126E+06   0.221820E+00
   0.259009E+00   0.182812E+06   0.179711E+06   0.959539E+00   0.886422E+00   0.000000E+00   0.182295E+06   0.182295E+06   0.182295E+06  -0.222593E-01   0.180288E+06   0.180155E+06   0.210445E+00
   0.264204E+00   0.177553E+06   0.174499E+06   0.895608E+00   0.827363E+00   0.000000E+00   0.177044E+06   0.177044E+06   0.177044E+06  -0.216180E-01   0.175095E+06   0.174964E+06   0.203614E+00
   0.269399E+00   0.172197E+06   0.169139E+06   0.835327E+00   0.771677E+00   0.000000E+00   0.171687E+06   0.171687E+06   0.171687E+06  -0.209639E-01   0.169797E+06   0.169666E+06   0.199643E+00
   0.274594E+00   0.166891E+06   0.163808E+06   0.779147E+00   0.719778E+00   0.000000E+00   0.166377E+06   0.166377E+06   0.166377E+06  -0.203156E-01   0.164547E+06   0.164416E+06   0.196642E+00
   0.279789E+00   0.161790E+06   0.158691E+06   0.727455E+00   0.672026E+00   0.000000E+00   0.161274E+06   0.161274E+06   0.161274E+06  -0.196924E-01   0.159500E+06   0.159369E+06   0.192987E+00
   0.284984E+00   0.157037E+06   0.153951E+06   0.680513E+00   0.628661E+00   0.000000E+00   0.156522E+06   0.156522E+06   0.156522E+06  -0.191122E-01   0.154801E+06   0.154671E+06   0.187650E+00
   0.290178E+00   0.152724E+06   0.149693E+06   0.638317E+00   0.589680E+00   0.000000E+00   0.152218E+06   0.152218E+06   0.152218E+06  -0.185867E-01   0.150545E+06   0.150418E+06   0.180313E+00
   0.295373E+00   0.148860E+06   0.145923E+06   0.600488E+00   0.554733E+00   0.000000E+00   0.148370E+06   0.148370E+06   0.148370E+06  -0.181168E-01   0.146739E+06   0.146616E+06   0.171295E+00
   0.300568E+00   0.145372E+06   0.142557E+06   0.566360E+00   0.523205E+00   0.000000E+00   0.144902E+06   0.144902E+06   0.144902E+06  -0.176934E-01   0.143309E+06   0.143191E+06   0.161348E+00
   0.305763E+00   0.142148E+06   0.139467E+06   0.535193E+00   0.494413E+00   0.000000E+00   0.141701E+06   0.141701E+06   0.141701E+06  -0.173025E-01   0.140142E+06   0.140030E+06   0.151396E+00
   0.310958E+00   0.139078E+06   0.136524E+06   0.506330E+00   0.467749E+00   0.000000E+00   0.138652E+06   0.138652E+06   0.138652E+06  -0.169302E-01   0.137127E+06   0.137019E+06   0.142291E+00
   0.316153E+00   0.136063E+06   0.133616E+06   0.479240E+00   0.442723E+00   0.000000E+00   0.135655E+06   0.135655E+06   0.135655E+06  -0.165642E-01   0.134162E+06   0.134059E+06   0.134610E+00
   0.321348E+00   0.133029E+06   0.130661E+06   0.453542E+00   0.418982E+00   0.000000E+00   0.132634E+06   0.132634E+06   0.132634E+06  -0.161953E-01   0.131174E+06   0.131074E+06   0.128564E+00
   0.326543E+00   0.129943E+06   0.127627E+06   0.429036E+00   0.396344E+00   0.000000E+00   0.129557E+06   0.129557E+06   0.129557E+06  -0.158196E-01   0.128131E+06   0.128033E+06   0.124019E+00
   0.331737E+00   0.126825E+06   0.124537E+06   0.405713E+00   0.374799E+00   0.000000E+00   0.126444E+06   0.126444E+06   0.126444E+06  -0.154395E-01   0.125052E+06   0.124955E+06   0.120584E+00
   0.336932E+00   0.123730E+06   0.121457E+06   0.383676E+00   0.354441E+00   0.000000E+00   0.123351E+06   0.123351E+06   0.123351E+06  -0.150618E-01   0.121994E+06   0.121897E+06   0.117745E+00
   0.342127E+00   0.120719E+06   0.118460E+06   0.363035E+00   0.335373E+00   0.000000E+00   0.120342E+06   0.120342E+06   0.120342E+06  -0.146944E-01   0.119018E+06   0.118923E+06   0.115001E+00
   0.347322E+00   0.117843E+06   0.115604E+06   0.343847E+00   0.317647E+00   0.000000E+00   0.117470E+06   0.117470E+06   0.117470E+06  -0.143437E-01   0.116177E+06   0.116083E+06   0.111970E+00
   0.352517E+00   0.115136E+06   0.112930E+06   0.326110E+00   0.301262E+00   0.000000E+00   0.114768E+06   0.114768E+06   0.114768E+06  -0.140138E-01   0.113506E+06   0.113413E+06   0.108460E+00
   0.357712E+00   0.112613E+06   0.110453E+06   0.309766E+00   0.286163E+00   0.000000E+00   0.112253E+06   0.112253E+06   0.112253E+06  -0.137067E-01   0.111018E+06   0.110927E+06   0.104471E+00
   0.362907E+00   0.110265E+06   0.108164E+06   0.294694E+00   0.272239E+00   0.000000E+00   0.109915E+06   0.109915E+06   0.109915E+06  -0.134212E-01   0.108706E+06   0.108617E+06   0.100157E+00
   0.368102E+00   0.108061E+06   0.106025E+06   0.280720E+00   0.259330E+00   0.000000E+00   0.107722E+06   0.107722E+06   0.107722E+06  -0.131534E-01   0.106536E+06   0.106451E+06   0.957617E-01
   0.373296E+00   0.105957E+06   0.103986E+06   0.267658E+00   0.247263E+00   0.000000E+00   0.105628E+06   0.105628E+06   0.105628E+06  -0.128978E-01   0.104466E+06   0.104383E+06   0.915386E-01
   0.378491E+00   0.103913E+06   0.102001E+06   0.255348E+00   0.235891E+00   0.000000E+00   0.103594E+06   0.103594E+06   0.103594E+06  -0.126494E-01   0.102454E+06   0.102373E+06   0.876947E-01
   0.383686E+00   0.101899E+06   0.100038E+06   0.243670E+00   0.225103E+00   0.000000E+00   0.101589E+06   0.101589E+06   0.101589E+06  -0.124045E-01   0.100471E+06   0.100392E+06   0.843468E-01
   0.388881E+00   0.998971E+05   0.980771E+05   0.232546E+00   0.214826E+00   0.000000E+00   0.995938E+05   0.995938E+05   0.995938E+05  -0.121609E-01   0.984977E+05   0.984207E+05   0.815082E-01
   0.394076E+00   0.979032E+05   0.961142E+05   0.221933E+00   0.205022E+00   0.000000E+00   0.976051E+05   0.976051E+05   0.976051E+05  -0.119181E-01   0.965309E+05   0.964552E+05   0.791021E-01
   0.399271E+00   0.959272E+05   0.941623E+05   0.211827E+00   0.195686E+00   0.000000E+00   0.956331E+05   0.956331E+05   0.956331E+05  -0.116773E-01   0.945807E+05   0.945061E+05   0.769957E-01
   0.404466E+00   0.939901E+05   0.922461E+05   0.202246E+00   0.186836E+00   0.000000E+00   0.936994E+05   0.936994E+05   0.936994E+05  -0.114412E-01   0.926684E+05   0.925947E+05   0.750393E-01
   0.409661E+00   0.921128E+05   0.903900E+05   0.193207E+00   0.178485E+00   0.000000E+00   0.918257E+05   0.918257E+05   0.918257E+05  -0.112124E-01   0.908154E+05   0.907426E+05   0.731009E-01
   0.414855E+00   0.903090E+05   0.886104E+05   0.184705E+00   0.170631E+00   0.000000E+00   0.900259E+05   0.900259E+05   0.900259E+05  -0.109926E-01   0.890354E+05   0.889638E+05   0.710909E-01
   0.420050E+00   0.885853E+05   0.869152E+05   0.176725E+00   0.163259E+00   0.000000E+00   0.883070E+05   0.883070E+05   0.883070E+05  -0.107828E-01   0.873355E+05   0.872651E+05   0.689748E-01
   0.425245E+00   0.869437E+05   0.853062E+05   0.169239E+00   0.156343E+00   0.000000E+00   0.866708E+05   0.866708E+05   0.866708E+05  -0.105830E-01   0.857173E+05   0.856483E+05   0.667704E-01
   0.430440E+00   0.853790E+05   0.837770E+05   0.162208E+00   0.149848E+00   0.000000E+00   0.851120E+05   0.851120E+05   0.851120E+05  -0.103926E-01   0.841756E+05   0.841081E+05   0.645332E-01
   0.435635E+00   0.838775E+05   0.823122E+05   0.155580E+00   0.143725E+00   0.000000E+00   0.836166E+05   0.836166E+05   0.836166E+05  -0.102100E-01   0.826966E+05   0.826306E+05   0.623345E-01
   0.440830E+00   0.824224E+05   0.808927E+05   0.149302E+00   0.137926E+00   0.000000E+00   0.821674E+05   0.821674E+05   0.821674E+05  -0.100331E-01   0.812633E+05   0.811988E+05   0.602414E-01
   0.446025E+00   0.810003E+05   0.795036E+05   0.143330E+00   0.132409E+00   0.000000E+00   0.807509E+05   0.807509E+05   0.807509E+05  -0.986012E-02   0.798623E+05   0.797991E+05   0.583030E-01
   0.451219E+00   0.796037E+05   0.781364E+05   0.137635E+00   0.127148E+00   0.000000E+00   0.793592E+05   0.793592E+05   0.793592E+05  -0.969018E-02   0.784859E+05   0.784239E+05   0.565408E-01
   0.456414E+00   0.782284E+05   0.767866E+05   0.132196E+00   0.122123E+00   0.000000E+00   0.779881E+05   0.779881E+05   0.779881E+05  -0.952277E-02   0.771299E+05   0.770690E+05   0.549483E-01
   0.461609E+00   0.768730E+05   0.754534E+05   0.126997E+00   0.117320E+00   0.000000E+00   0.766364E+05   0.766364E+05   0.766364E+05  -0.935772E-02   0.757931E+05   0.757331E+05   0.534953E-01
   0.466804E+00   0.755405E+05   0.741410E+05   0.122032E+00   0.112734E+00   0.000000E+00   0.753072E+05   0.753072E+05   0.753072E+05  -0.919542E-02   0.744786E+05   0.744195E+05   0.521396E-01
   0.471999E+00   0.742381E+05   0.728579E+05   0.117302E+00   0.108364E+00   0.000000E+00   0.740081E+05   0.740081E+05   0.740081E+05  -0.903679E-02   0.731938E+05   0.731355E+05   0.508384E-01
   0.477194E+00   0.729734E+05   0.716124E+05   0.112805E+00   0.104210E+00   0.000000E+00   0.727466E+05   0.727466E+05   0.727466E+05  -0.888275E-02   0.719461E+05   0.718887E+05   0.495568E-01
   0.482389E+00   0.717500E+05   0.704092E+05   0.108537E+00   0.100267E+00   0.000000E+00   0.715265E+05   0.715265E+05   0.715265E+05  -0.873377E-02   0.707395E+05   0.706830E+05   0.482734E-01
   0.487584E+00   0.705677E+05   0.692484E+05   0.104486E+00   0.965247E-01   0.000000E+00   0.703479E+05   0.703479E+05   0.703479E+05  -0.858985E-02   0.695738E+05   0.695182E+05   0.469821E-01
   0.492778E+00   0.694252E+05   0.681283E+05   0.100639E+00   0.929706E-01   0.000000E+00   0.692091E+05   0.692091E+05   0.692091E+05  -0.845080E-02   0.684476E+05   0.683929E+05   0.456906E-01
   0.497973E+00   0.683202E+05   0.670462E+05   0.969821E-01   0.895924E-01   0.000000E+00   0.681078E+05   0.681078E+05   0.681078E+05  -0.831633E-02   0.673584E+05   0.673047E+05   0.444159E-01
   0.503168E+00   0.672486E+05   0.659975E+05   0.935008E-01   0.863763E-01   0.000000E+00   0.670401E+05   0.670401E+05   0.670401E+05  -0.818595E-02   0.663024E+05   0.662496E+05   0.431783E-01
   0.508363E+00   0.662044E+05   0.649756E+05   0.901781E-01   0.833067E-01   0.000000E+00   0.659996E+05   0.659996E+05   0.659996E+05  -0.805891E-02   0.652734E+05   0.652216E+05   0.419948E-01
   0.513558E+00   0.651821E+05   0.639741E+05   0.869989E-01   0.803698E-01   0.000000E+00   0.649808E+05   0.649808E+05   0.649808E+05  -0.793450E-02   0.642658E+05   0.642148E+05   0.408762E-01
   0.518753E+00   0.641788E+05   0.629903E+05   0.839529E-01   0.775559E-01   0.000000E+00   0.639807E+05   0.639807E+05   0.639807E+05  -0.781239E-02   0.632767E+05   0.632265E+05   0.398256E-01
   0.523948E+00   0.631943E+05   0.620238E+05   0.810340E-01   0.748594E-01   0.000000E+00   0.629992E+05   0.629992E+05   0.629992E+05  -0.769255E-02   0.623060E+05   0.622566E+05   0.388388E-01
   0.529143E+00   0.622290E+05   0.610753E+05   0.782368E-01   0.722753E-01   0.000000E+00   0.620367E+05   0.620367E+05   0.620367E+05  -0.757502E-02   0.613541E+05   0.613054E+05   0.379055E-01
   0.534337E+00   0.612830E+05   0.601454E+05   0.755563E-01   0.697991E-01   0.000000E+00   0.610934E+05   0.610934E+05   0.610934E+05  -0.745983E-02   0.604212E+05   0.603731E+05   0.370128E-01
   0.539532E+00   0.603575E+05   0.592355E+05   0.729888E-01   0.674272E-01   0.000000E+00   0.601705E+05   0.601705E+05   0.601705E+05  -0.734715E-02   0.595085E+05   0.594611E+05   0.361479E-01
   0.544727E+00   0.594549E+05   0.583484E+05   0.705322E-01   0.651579E-01   0.000000E+00   0.592705E+05   0.592705E+05   0.592705E+05  -0.723725E-02   0.586184E+05   0.585716E+05   0.353014E-01
   0.549922E+00   0.585768E+05   0.574859E+05   0.681837E-01   0.629882E-01   0.000000E+00   0.583950E+05   0.583950E+05   0.583950E+05  -0.713034E-02   0.577525E+05   0.577064E+05   0.344681E-01
   0.555117E+00   0.577226E+05   0.566475E+05   0.659376E-01   0.609134E-01   0.000000E+00   0.575434E+05   0.575434E+05   0.575434E+05  -0.702636E-02   0.569102E+05   0.568649E+05   0.336465E-01
   0.560312E+00   0.568904E+05   0.558313E+05   0.637877E-01   0.589273E-01   0.000000E+00   0.567139E+05   0.567139E+05   0.567139E+05  -0.692507E-02   0.560899E+05   0.560452E+05   0.328389E-01
   0.565507E+00   0.560790E+05   0.550358E+05   0.617282E-01   0.570246E-01   0.000000E+00   0.559051E+05   0.559051E+05   0.559051E+05  -0.682632E-02   0.552900E+05   0.552460E+05   0.320499E-01
   0.615622E+00   0.490840E+05   0.481714E+05   0.455901E-01   0.421162E-01   0.000000E+00   0.489319E+05   0.489319E+05   0.489319E+05  -0.597485E-02   0.483935E+05   0.483549E+05   0.257680E-01
   0.751923E+00   0.357258E+05   0.350624E+05   0.222432E-01   0.205483E-01   0.000000E+00   0.356153E+05   0.356153E+05   0.356153E+05  -0.434881E-02   0.352234E+05   0.351953E+05   0.153522E-01
   0.918401E+00   0.258735E+05   0.253932E+05   0.107982E-01   0.997541E-02   0.000000E+00   0.257934E+05   0.257934E+05   0.257934E+05  -0.314952E-02   0.255096E+05   0.254893E+05   0.911253E-02
   0.112174E+01   0.186545E+05   0.183083E+05   0.521871E-02   0.482106E-02   0.000000E+00   0.185968E+05   0.185968E+05   0.185968E+05  -0.227077E-02   0.183922E+05   0.183775E+05   0.538974E-02
   0.137009E+01   0.133949E+05   0.131464E+05   0.251190E-02   0.232050E-02   0.000000E+00   0.133535E+05   0.133535E+05   0.133535E+05  -0.163054E-02   0.132066E+05   0.131960E+05   0.317870E-02
   0.167343E+01   0.958265E+04   0.940483E+04   0.120456E-02   0.111278E-02   0.000000E+00   0.955301E+04   0.955301E+04   0.955301E+04  -0.116647E-02   0.944790E+04   0.944029E+04   0.187102E-02
   0.204394E+01   0.683207E+04   0.670529E+04   0.575676E-03   0.531812E-03   0.000000E+00   0.681094E+04   0.681094E+04   0.681094E+04  -0.831653E-03   0.673600E+04   0.673054E+04   0.110036E-02
   0.249647E+01   0.485589E+04   0.476577E+04   0.274268E-03   0.253370E-03   0.000000E+00   0.484087E+04   0.484087E+04   0.484087E+04  -0.591096E-03   0.478760E+04   0.478368E+04   0.647520E-03
   0.304920E+01   0.344148E+04   0.337759E+04   0.130296E-03   0.120369E-03   0.000000E+00   0.343083E+04   0.343083E+04   0.343083E+04  -0.418923E-03   0.339308E+04   0.339025E+04   0.382008E-03
   0.372430E+01   0.243266E+04   0.238748E+04   0.617376E-04   0.570336E-04   0.000000E+00   0.242513E+04   0.242513E+04   0.242513E+04  -0.296121E-03   0.239845E+04   0.239640E+04   0.226526E-03
   0.454887E+01   0.171541E+04   0.168353E+04   0.291820E-04   0.269586E-04   0.000000E+00   0.171009E+04   0.171009E+04   0.171009E+04  -0.208812E-03   0.169128E+04   0.168979E+04   0.135483E-03
   0.555600E+01   0.120694E+04   0.118448E+04   0.137629E-04   0.127143E-04   0.000000E+00   0.120320E+04   0.120320E+04   0.120320E+04  -0.146917E-03   0.118996E+04   0.118886E+04   0.820906E-04
   0.678612E+01   0.847430E+03   0.831633E+03   0.647744E-05   0.598396E-05   0.000000E+00   0.844797E+03   0.844797E+03   0.844797E+03  -0.103154E-03   0.835508E+03   0.834673E+03   0.506626E-04
   0.828858E+01   0.593871E+03   0.582771E+03   0.304273E-05   0.281094E-05   0.000000E+00   0.592021E+03   0.592021E+03   0.592021E+03  -0.722889E-04   0.585514E+03   0.584869E+03   0.320415E-04
   0.101237E+02   0.415438E+03   0.407642E+03   0.142674E-05   0.131807E-05   0.000000E+00   0.414139E+03   0.414139E+03   0.414139E+03  -0.505686E-04   0.409590E+03   0.409076E+03   0.208924E-04
   0.123651E+02   0.290135E+03   0.284658E+03   0.667879E-06   0.617016E-06   0.000000E+00   0.289222E+03   0.289222E+03   0.289222E+03  -0.353156E-04   0.286048E+03   0.285624E+03   0.141136E-04
   0.151028E+02   0.202312E+03   0.198458E+03   0.312151E-06   0.288386E-06   0.000000E+00   0.201669E+03   0.201669E+03   0.201669E+03  -0.246249E-04   0.199459E+03   0.199096E+03   0.990339E-05
   0.184466E+02   0.140866E+03   0.138147E+03   0.145674E-06   0.134587E-06   0.000000E+00   0.140413E+03   0.140413E+03   0.140413E+03  -0.171452E-04   0.138877E+03   0.138554E+03   0.721503E-05
   0.225307E+02   0.979488E+02   0.960209E+02   0.678854E-07   0.627222E-07   0.000000E+00   0.976274E+02   0.976274E+02   0.976274E+02  -0.119208E-04   0.965627E+02   0.962651E+02   0.543968E-05
   0.275191E+02   0.680181E+02   0.666409E+02   0.315913E-07   0.291907E-07   0.000000E+00   0.677886E+02   0.677886E+02   0.677886E+02  -0.827735E-05   0.670525E+02   0.667703E+02   0.422187E-05
   0.336118E+02   0.471746E+02   0.461796E+02   0.146811E-07   0.135670E-07   0.000000E+00   0.470088E+02   0.470088E+02   0.470088E+02  -0.574002E-05   0.465017E+02   0.462280E+02   0.335281E-05
   0.410536E+02   0.326788E+02   0.319485E+02   0.681301E-08   0.629705E-08   0.000000E+00   0.325571E+02   0.325571E+02   0.325571E+02  -0.397539E-05   0.322094E+02   0.319393E+02   0.270862E-05
   0.501430E+02   0.226102E+02   0.220626E+02   0.315698E-08   0.291861E-08   0.000000E+00   0.225189E+02   0.225189E+02   0.225189E+02  -0.274968E-05   0.222820E+02   0.220123E+02   0.221470E-05
   0.612448E+02   0.156249E+02   0.152030E+02   0.146046E-08   0.135069E-08   0.000000E+00   0.155546E+02   0.155546E+02   0.155546E+02  -0.189930E-05   0.153946E+02   0.151231E+02   0.182516E-05
   0.748045E+02   0.107840E+02   0.104483E+02   0.674341E-09   0.623996E-09   0.000000E+00   0.107280E+02   0.107280E+02   0.107280E+02  -0.130995E-05   0.106215E+02   0.103470E+02   0.151097E-05
   0.913665E+02   0.743268E+01   0.715579E+01   0.310639E-09   0.287681E-09   0.000000E+00   0.738653E+01   0.738653E+01   0.738653E+01  -0.901935E-06   0.731704E+01   0.703896E+01   0.125307E-05
   0.111595E+03   0.511481E+01   0.487808E+01   0.142672E-09   0.132287E-09   0.000000E+00   0.507536E+01   0.507536E+01   0.507536E+01  -0.619729E-06   0.503153E+01   0.475006E+01   0.103846E-05
