#          k/h    CDM            baryon         photon         nu             mass_nu        total          no_nu          total_de       Weyl           v_CDM          v_b            v_b-v_c     
   0.102819E-04   0.173961E+08   0.173961E+08   0.231841E+08   0.231837E+08   0.000000E+00   0.173961E+08   0.173961E+08   0.174038E+08  -0.501586E+00   0.106257E+08   0.106257E+08   0.629350E+01
   0.113644E-04   0.173961E+08   0.173961E+08   0.231817E+08   0.231813E+08   0.000000E+00   0.173961E+08   0.173961E+08   0.174038E+08  -0.501586E+00   0.106257E+08   0.106257E+08   0.695585E+01
   0.125608E-04   0.173961E+08   0.173961E+08   0.231788E+08   0.231783E+08   0.000000E+00   0.173961E+08   0.173961E+08   0.174038E+08  -0.501586E+00   0.106257E+08   0.106257E+08   0.768787E+01
   0.138832E-04   0.173961E+08   0.173961E+08   0.231752E+08   0.231746E+08   0.000000E+00   0.173961E+08   0.173961E+08   0.174038E+08  -0.501586E+00   0.106257E+08   0.106257E+08   0.849686E+01
   0.153447E-04   0.173961E+08   0.173961E+08   0.231709E+08   0.231701E+08   0.000000E+00   0.173961E+08   0.173961E+08   0.174038E+08  -0.501585E+00   0.106257E+08   0.106257E+08   0.939088E+01
   0.169602E-04   0.173961E+08   0.173961E+08   0.231656E+08   0.231646E+08   0.000000E+00   0.173961E+08   0.173961E+08   0.174038E+08  -0.501585E+00   0.106257E+08   0.106257E+08   0.103789E+02
   0.187457E-04   0.173960E+08   0.173960E+08   0.231591E+08   0.231579E+08   0.000000E+00   0.173960E+08   0.173960E+08   0.174038E+08  -0.501584E+00   0.106257E+08   0.106257E+08   0.114706E+02
   0.207192E-04   0.173960E+08   0.173960E+08   0.231512E+08   0.231498E+08   0.000000E+00   0.173960E+08   0.173960E+08   0.174038E+08  -0.501584E+00   0.106257E+08   0.106257E+08   0.126770E+02
   0.229004E-04   0.173960E+08   0.173960E+08   0.231415E+08   0.231398E+08   0.000000E+00   0.173960E+08   0.173960E+08   0.174037E+08  -0.501583E+00   0.106257E+08   0.106257E+08   0.140099E+02
   0.253113E-04   0.173960E+08   0.173960E+08   0.231297E+08   0.231276E+08   0.000000E+00   0.173960E+08   0.173960E+08   0.174037E+08  -0.501582E+00   0.106257E+08   0.106257E+08   0.154826E+02
   0.279760E-04   0.173959E+08   0.173959E+08   0.231153E+08   0.231128E+08   0.000000E+00   0.173959E+08   0.173959E+08   0.174037E+08  -0.501581E+00   0.106256E+08   0.106256E+08   0.171095E+02
   0.309213E-04   0.173959E+08   0.173959E+08   0.230977E+08   0.230946E+08   0.000000E+00   0.173959E+08   0.173959E+08   0.174036E+08  -0.501580E+00   0.106256E+08   0.106256E+08   0.189067E+02
   0.341766E-04   0.173959E+08   0.173959E+08   0.230762E+08   0.230725E+08   0.000000E+00   0.173959E+08   0.173959E+08   0.174036E+08  -0.501578E+00   0.106256E+08   0.106256E+08   0.208916E+02
   0.377746E-04   0.173958E+08   0.173958E+08   0.230500E+08   0.230454E+08   0.000000E+00   0.173958E+08   0.173958E+08   0.174035E+08  -0.501576E+00   0.106256E+08   0.106256E+08   0.230836E+02
   0.417514E-04   0.173957E+08   0.173957E+08   0.230180E+08   0.230124E+08   0.000000E+00   0.173957E+08   0.173957E+08   0.174034E+08  -0.501573E+00   0.106255E+08   0.106255E+08   0.255038E+02
   0.461468E-04   0.173957E+08   0.173956E+08   0.229790E+08   0.229722E+08   0.000000E+00   0.173957E+08   0.173957E+08   0.174033E+08  -0.501570E+00   0.106255E+08   0.106255E+08   0.281752E+02
   0.510050E-04   0.173956E+08   0.173955E+08   0.229314E+08   0.229231E+08   0.000000E+00   0.173956E+08   0.173956E+08   0.174032E+08  -0.501567E+00   0.106254E+08   0.106254E+08   0.311232E+02
   0.563747E-04   0.173954E+08   0.173954E+08   0.228735E+08   0.228633E+08   0.000000E+00   0.173954E+08   0.173954E+08   0.174031E+08  -0.501562E+00   0.106253E+08   0.106253E+08   0.343751E+02
   0.623096E-04   0.173953E+08   0.173953E+08   0.228028E+08   0.227904E+08   0.000000E+00   0.173953E+08   0.173953E+08   0.174029E+08  -0.501557E+00   0.106252E+08   0.106252E+08   0.379609E+02
   0.688694E-04   0.173951E+08   0.173951E+08   0.227167E+08   0.227016E+08   0.000000E+00   0.173951E+08   0.173951E+08   0.174027E+08  -0.501550E+00   0.106251E+08   0.106251E+08   0.419125E+02
   0.761198E-04   0.173949E+08   0.173948E+08   0.226120E+08   0.225936E+08   0.000000E+00   0.173949E+08   0.173949E+08   0.174024E+08  -0.501542E+00   0.106250E+08   0.106250E+08   0.462646E+02
   0.841334E-04   0.173946E+08   0.173946E+08   0.224847E+08   0.224624E+08   0.000000E+00   0.173946E+08   0.173946E+08   0.174021E+08  -0.501532E+00   0.106248E+08   0.106248E+08   0.510540E+02
   0.929907E-04   0.173943E+08   0.173942E+08   0.223301E+08   0.223029E+08   0.000000E+00   0.173943E+08   0.173943E+08   0.174017E+08  -0.501519E+00   0.106246E+08   0.106246E+08   0.563193E+02
   0.102781E-03   0.173939E+08   0.173938E+08   0.221425E+08   0.221096E+08   0.000000E+00   0.173938E+08   0.173938E+08   0.174012E+08  -0.501504E+00   0.106243E+08   0.106243E+08   0.621011E+02
   0.113601E-03   0.173934E+08   0.173933E+08   0.219154E+08   0.218755E+08   0.000000E+00   0.173933E+08   0.173933E+08   0.174007E+08  -0.501486E+00   0.106240E+08   0.106240E+08   0.684407E+02
   0.125560E-03   0.173927E+08   0.173927E+08   0.216409E+08   0.215926E+08   0.000000E+00   0.173927E+08   0.173927E+08   0.174000E+08  -0.501464E+00   0.106237E+08   0.106236E+08   0.753794E+02
   0.138779E-03   0.173920E+08   0.173919E+08   0.213099E+08   0.212516E+08   0.000000E+00   0.173920E+08   0.173920E+08   0.173991E+08  -0.501437E+00   0.106232E+08   0.106232E+08   0.829574E+02
   0.153389E-03   0.173911E+08   0.173910E+08   0.209119E+08   0.208418E+08   0.000000E+00   0.173911E+08   0.173911E+08   0.173980E+08  -0.501404E+00   0.106226E+08   0.106226E+08   0.912110E+02
   0.169538E-03   0.173900E+08   0.173898E+08   0.204352E+08   0.203512E+08   0.000000E+00   0.173900E+08   0.173900E+08   0.173968E+08  -0.501364E+00   0.106220E+08   0.106219E+08   0.100171E+03
   0.187386E-03   0.173886E+08   0.173885E+08   0.198666E+08   0.197662E+08   0.000000E+00   0.173886E+08   0.173886E+08   0.173952E+08  -0.501316E+00   0.106211E+08   0.106211E+08   0.109857E+03
   0.207114E-03   0.173870E+08   0.173868E+08   0.191921E+08   0.190729E+08   0.000000E+00   0.173870E+08   0.173870E+08   0.173934E+08  -0.501257E+00   0.106201E+08   0.106200E+08   0.120277E+03
   0.228918E-03   0.173850E+08   0.173848E+08   0.183972E+08   0.182565E+08   0.000000E+00   0.173850E+08   0.173850E+08   0.173911E+08  -0.501186E+00   0.106189E+08   0.106188E+08   0.131414E+03
   0.253018E-03   0.173826E+08   0.173823E+08   0.174682E+08   0.173034E+08   0.000000E+00   0.173825E+08   0.173825E+08   0.173884E+08  -0.501100E+00   0.106174E+08   0.106173E+08   0.143228E+03
   0.279655E-03   0.173797E+08   0.173793E+08   0.163934E+08   0.162022E+08   0.000000E+00   0.173796E+08   0.173796E+08   0.173851E+08  -0.500997E+00   0.106156E+08   0.106154E+08   0.155637E+03
   0.309096E-03   0.173761E+08   0.173756E+08   0.151654E+08   0.149463E+08   0.000000E+00   0.173760E+08   0.173760E+08   0.173811E+08  -0.500873E+00   0.106134E+08   0.106132E+08   0.168513E+03
   0.341636E-03   0.173718E+08   0.173713E+08   0.137841E+08   0.135366E+08   0.000000E+00   0.173717E+08   0.173717E+08   0.173763E+08  -0.500724E+00   0.106107E+08   0.106105E+08   0.181667E+03
   0.377603E-03   0.173666E+08   0.173660E+08   0.122604E+08   0.119860E+08   0.000000E+00   0.173665E+08   0.173665E+08   0.173706E+08  -0.500546E+00   0.106075E+08   0.106073E+08   0.194843E+03
   0.417356E-03   0.173604E+08   0.173596E+08   0.106200E+08   0.103229E+08   0.000000E+00   0.173602E+08   0.173602E+08   0.173638E+08  -0.500334E+00   0.106036E+08   0.106034E+08   0.207700E+03
   0.461294E-03   0.173529E+08   0.173519E+08   0.890791E+07   0.859538E+07   0.000000E+00   0.173527E+08   0.173527E+08   0.173557E+08  -0.500083E+00   0.105990E+08   0.105987E+08   0.219818E+03
   0.509857E-03   0.173439E+08   0.173428E+08   0.718974E+07   0.687328E+07   0.000000E+00   0.173437E+08   0.173437E+08   0.173461E+08  -0.499788E+00   0.105934E+08   0.105930E+08   0.230697E+03
   0.563534E-03   0.173332E+08   0.173319E+08   0.555069E+07   0.524564E+07   0.000000E+00   0.173330E+08   0.173330E+08   0.173348E+08  -0.499442E+00   0.105868E+08   0.105863E+08   0.239780E+03
   0.622861E-03   0.173205E+08   0.173189E+08   0.408723E+07   0.381183E+07   0.000000E+00   0.173202E+08   0.173202E+08   0.173215E+08  -0.499039E+00   0.105789E+08   0.105784E+08   0.246494E+03
   0.688433E-03   0.173054E+08   0.173036E+08   0.289039E+07   0.266329E+07   0.000000E+00   0.173051E+08   0.173051E+08   0.173060E+08  -0.498570E+00   0.105695E+08   0.105690E+08   0.250305E+03
   0.760910E-03   0.172877E+08   0.172857E+08   0.202067E+07   0.185679E+07   0.000000E+00   0.172873E+08   0.172873E+08   0.172880E+08  -0.498029E+00   0.105585E+08   0.105579E+08   0.250798E+03
   0.841016E-03   0.172669E+08   0.172646E+08   0.148045E+07   0.138583E+07   0.000000E+00   0.172665E+08   0.172665E+08   0.172670E+08  -0.497405E+00   0.105456E+08   0.105449E+08   0.247753E+03
   0.929556E-03   0.172426E+08   0.172400E+08   0.119793E+07   0.116537E+07   0.000000E+00   0.172422E+08   0.172422E+08   0.172426E+08  -0.496687E+00   0.105306E+08   0.105299E+08   0.241195E+03
   0.102742E-02   0.172143E+08   0.172116E+08   0.104205E+07   0.105070E+07   0.000000E+00   0.172139E+08   0.172139E+08   0.172142E+08  -0.495860E+00   0.105132E+08   0.105124E+08   0.231393E+03
   0.113558E-02   0.171816E+08   0.171786E+08   0.880251E+06   0.901789E+06   0.000000E+00   0.171811E+08   0.171811E+08   0.171814E+08  -0.494907E+00   0.104930E+08   0.104922E+08   0.218802E+03
   0.125513E-02   0.171439E+08   0.171407E+08   0.658372E+06   0.669050E+06   0.000000E+00   0.171433E+08   0.171433E+08   0.171436E+08  -0.493811E+00   0.104698E+08   0.104690E+08   0.203964E+03
   0.138727E-02   0.171004E+08   0.170971E+08   0.436464E+06   0.428214E+06   0.000000E+00   0.170998E+08   0.170998E+08   0.171000E+08  -0.492552E+00   0.104432E+08   0.104423E+08   0.187463E+03
   0.153331E-02   0.170505E+08   0.170471E+08   0.313112E+06   0.293968E+06   0.000000E+00   0.170500E+08   0.170500E+08   0.170501E+08  -0.491109E+00   0.104126E+08   0.104118E+08   0.169972E+03
   0.169474E-02   0.169934E+08   0.169900E+08   0.284844E+06   0.777208E+04   0.000000E+00   0.169929E+08   0.169929E+08   0.169929E+08  -0.489459E+00   0.103777E+08   0.103769E+08   0.152336E+03
   0.187315E-02   0.169283E+08   0.169249E+08   0.237541E+06   0.635127E+04   0.000000E+00   0.169278E+08   0.169278E+08   0.169278E+08  -0.487580E+00   0.103379E+08   0.103371E+08   0.135508E+03
   0.207035E-02   0.168542E+08   0.168508E+08   0.140932E+06   0.518630E+04   0.000000E+00   0.168537E+08   0.168537E+08   0.168537E+08  -0.485444E+00   0.102926E+08   0.102918E+08   0.120278E+03
   0.228831E-02   0.167702E+08   0.167668E+08   0.100495E+06   0.423080E+04   0.000000E+00   0.167697E+08   0.167697E+08   0.167697E+08  -0.483022E+00   0.102412E+08   0.102404E+08   0.107081E+03
   0.252922E-02   0.166752E+08   0.166717E+08   0.100997E+06   0.344767E+04   0.000000E+00   0.166746E+08   0.166746E+08   0.166746E+08  -0.480283E+00   0.101831E+08   0.101824E+08   0.960262E+02
   0.279549E-02   0.165681E+08   0.165644E+08   0.617869E+05   0.280696E+04   0.000000E+00   0.165675E+08   0.165675E+08   0.165675E+08  -0.477196E+00   0.101177E+08   0.101169E+08   0.868387E+02
   0.308979E-02   0.164477E+08   0.164438E+08   0.541503E+05   0.228283E+04   0.000000E+00   0.164470E+08   0.164470E+08   0.164471E+08  -0.473726E+00   0.100441E+08   0.100433E+08   0.788645E+02
   0.341507E-02   0.163128E+08   0.163087E+08   0.364117E+05   0.185459E+04   0.000000E+00   0.163122E+08   0.163122E+08   0.163122E+08  -0.469840E+00   0.996171E+07   0.996092E+07   0.714791E+02
   0.377460E-02   0.161623E+08   0.161579E+08   0.277166E+05   0.150494E+04   0.000000E+00   0.161616E+08   0.161616E+08   0.161616E+08  -0.465502E+00   0.986972E+07   0.986894E+07   0.643760E+02
   0.417198E-02   0.159948E+08   0.159901E+08   0.149505E+05   0.121971E+04   0.000000E+00   0.159940E+08   0.159940E+08   0.159940E+08  -0.460674E+00   0.976737E+07   0.976660E+07   0.577085E+02
   0.461119E-02   0.158089E+08   0.158040E+08   0.173938E+05   0.987176E+03   0.000000E+00   0.158081E+08   0.158081E+08   0.158081E+08  -0.455321E+00   0.965386E+07   0.965308E+07   0.517916E+02
   0.509664E-02   0.156035E+08   0.155981E+08   0.139447E+05   0.797805E+03   0.000000E+00   0.156026E+08   0.156026E+08   0.156026E+08  -0.449402E+00   0.952836E+07   0.952759E+07   0.466800E+02
   0.563320E-02   0.153772E+08   0.153712E+08   0.833787E+04   0.643735E+03   0.000000E+00   0.153762E+08   0.153762E+08   0.153762E+08  -0.442879E+00   0.939007E+07   0.938930E+07   0.420940E+02
   0.622625E-02   0.151286E+08   0.151220E+08   0.642219E+04   0.518517E+03   0.000000E+00   0.151275E+08   0.151275E+08   0.151275E+08  -0.435715E+00   0.923817E+07   0.923741E+07   0.378386E+02
   0.688173E-02   0.148563E+08   0.148490E+08   0.464927E+04   0.416863E+03   0.000000E+00   0.148551E+08   0.148551E+08   0.148551E+08  -0.427870E+00   0.907184E+07   0.907108E+07   0.340208E+02
   0.760622E-02   0.145591E+08   0.145509E+08   0.344669E+04   0.334437E+03   0.000000E+00   0.145578E+08   0.145578E+08   0.145578E+08  -0.419305E+00   0.889025E+07   0.888950E+07   0.306690E+02
   0.840698E-02   0.142356E+08   0.142262E+08   0.229623E+04   0.267693E+03   0.000000E+00   0.142341E+08   0.142341E+08   0.142341E+08  -0.409982E+00   0.869256E+07   0.869181E+07   0.276386E+02
   0.929204E-02   0.138844E+08   0.138737E+08   0.275136E+04   0.213725E+03   0.000000E+00   0.138826E+08   0.138826E+08   0.138826E+08  -0.399860E+00   0.847796E+07   0.847721E+07   0.249270E+02
   0.102703E-01   0.135042E+08   0.134920E+08   0.159625E+04   0.170156E+03   0.000000E+00   0.135022E+08   0.135022E+08   0.135022E+08  -0.388901E+00   0.824561E+07   0.824486E+07   0.225251E+02
   0.113515E-01   0.130936E+08   0.130796E+08   0.147729E+04   0.135045E+03   0.000000E+00   0.130913E+08   0.130913E+08   0.130913E+08  -0.377067E+00   0.799470E+07   0.799396E+07   0.203774E+02
   0.125466E-01   0.126515E+08   0.126353E+08   0.580812E+03   0.106803E+03   0.000000E+00   0.126488E+08   0.126488E+08   0.126488E+08  -0.364322E+00   0.772448E+07   0.772373E+07   0.184737E+02
   0.138674E-01   0.121767E+08   0.121581E+08   0.422786E+03   0.841346E+02   0.000000E+00   0.121736E+08   0.121736E+08   0.121736E+08  -0.350634E+00   0.743427E+07   0.743352E+07   0.167781E+02
   0.153273E-01   0.116684E+08   0.116471E+08   0.392822E+03   0.659849E+02   0.000000E+00   0.116649E+08   0.116649E+08   0.116649E+08  -0.335981E+00   0.712360E+07   0.712285E+07   0.152674E+02
   0.169409E-01   0.111264E+08   0.111020E+08   0.370550E+03   0.514938E+02   0.000000E+00   0.111223E+08   0.111223E+08   0.111223E+08  -0.320355E+00   0.679230E+07   0.679154E+07   0.139147E+02
   0.187244E-01   0.105512E+08   0.105234E+08   0.856407E+02   0.399622E+02   0.000000E+00   0.105466E+08   0.105466E+08   0.105466E+08  -0.303772E+00   0.644069E+07   0.643993E+07   0.126924E+02
   0.206957E-01   0.994461E+07   0.991330E+07   0.907938E+02   0.308218E+02   0.000000E+00   0.993939E+07   0.993939E+07   0.993939E+07  -0.286283E+00   0.606990E+07   0.606912E+07   0.115732E+02
   0.228745E-01   0.931020E+07   0.927529E+07   0.154109E+03   0.236118E+02   0.000000E+00   0.930438E+07   0.930438E+07   0.930438E+07  -0.267993E+00   0.568211E+07   0.568133E+07   0.105300E+02
   0.252826E-01   0.865399E+07   0.861562E+07   0.121322E+03   0.179584E+02   0.000000E+00   0.864760E+07   0.864760E+07   0.864760E+07  -0.249075E+00   0.528103E+07   0.528025E+07   0.953372E+01
   0.279443E-01   0.798505E+07   0.794367E+07   0.127126E+03   0.135580E+02   0.000000E+00   0.797815E+07   0.797815E+07   0.797815E+07  -0.229793E+00   0.487221E+07   0.487144E+07   0.855908E+01
   0.308862E-01   0.731592E+07   0.727233E+07   0.419104E+02   0.101637E+02   0.000000E+00   0.730865E+07   0.730865E+07   0.730865E+07  -0.210510E+00   0.446336E+07   0.446260E+07   0.758557E+01
   0.341378E-01   0.666255E+07   0.661801E+07   0.529846E+02   0.757375E+01   0.000000E+00   0.665512E+07   0.665512E+07   0.665512E+07  -0.191686E+00   0.406426E+07   0.406353E+07   0.659849E+01
   0.377317E-01   0.604333E+07   0.599949E+07   0.334386E+02   0.562199E+01   0.000000E+00   0.603602E+07   0.603602E+07   0.603602E+07  -0.173855E+00   0.368618E+07   0.368550E+07   0.559542E+01
   0.417040E-01   0.547670E+07   0.543552E+07   0.285269E+02   0.417035E+01   0.000000E+00   0.546983E+07   0.546983E+07   0.546983E+07  -0.157547E+00   0.334041E+07   0.333979E+07   0.458992E+01
   0.458744E-01   0.499752E+07   0.496074E+07   0.490031E+01   0.314577E+01   0.000000E+00   0.499139E+07   0.499139E+07   0.499139E+07  -0.143766E+00   0.304822E+07   0.304768E+07   0.365940E+01
   0.500448E-01   0.462106E+07   0.458961E+07   0.380877E+01   0.244539E+01   0.000000E+00   0.461582E+07   0.461582E+07   0.461582E+07  -0.132949E+00   0.281886E+07   0.281839E+07   0.287115E+01
   0.542152E-01   0.431805E+07   0.429210E+07   0.303390E+01   0.194821E+01   0.000000E+00   0.431373E+07   0.431373E+07   0.431373E+07  -0.124248E+00   0.263436E+07   0.263397E+07   0.223216E+01
   0.583856E-01   0.406550E+07   0.404453E+07   0.246406E+01   0.158255E+01   0.000000E+00   0.406200E+07   0.406200E+07   0.406200E+07  -0.116997E+00   0.248063E+07   0.248030E+07   0.174187E+01
   0.625560E-01   0.384380E+07   0.382683E+07   0.203017E+01   0.130405E+01   0.000000E+00   0.384097E+07   0.384097E+07   0.384097E+07  -0.110631E+00   0.234564E+07   0.234536E+07   0.138957E+01
   0.667264E-01   0.363650E+07   0.362226E+07   0.168848E+01   0.108466E+01   0.000000E+00   0.363413E+07   0.363413E+07   0.363413E+07  -0.104673E+00   0.221932E+07   0.221908E+07   0.115565E+01
   0.708968E-01   0.343323E+07   0.342040E+07   0.141215E+01   0.907160E+00   0.000000E+00   0.343109E+07   0.343109E+07   0.343109E+07  -0.988251E-01   0.209533E+07   0.209510E+07   0.101508E+01
   0.750672E-01   0.322967E+07   0.321711E+07   0.118479E+01   0.761064E+00   0.000000E+00   0.322758E+07   0.322758E+07   0.322758E+07  -0.929634E-01   0.197105E+07   0.197082E+07   0.940527E+00
   0.792376E-01   0.302679E+07   0.301367E+07   0.996298E+00   0.639922E+00   0.000000E+00   0.302461E+07   0.302461E+07   0.302461E+07  -0.871173E-01   0.184710E+07   0.184687E+07   0.905626E+00
   0.834080E-01   0.282886E+07   0.281474E+07   0.840057E+00   0.539497E+00   0.000000E+00   0.282651E+07   0.282651E+07   0.282651E+07  -0.814114E-01   0.172612E+07   0.172589E+07   0.887564E+00
   0.875784E-01   0.264110E+07   0.262593E+07   0.711103E+00   0.456616E+00   0.000000E+00   0.263857E+07   0.263857E+07   0.263857E+07  -0.759983E-01   0.161136E+07   0.161111E+07   0.868907E+00
   0.927733E-01   0.242900E+07   0.241295E+07   0.582553E+00   0.374014E+00   0.000000E+00   0.242632E+07   0.242632E+07   0.242632E+07  -0.698849E-01   0.148174E+07   0.148149E+07   0.828612E+00
   0.979682E-01   0.224842E+07   0.223232E+07   0.483451E+00   0.310361E+00   0.000000E+00   0.224573E+07   0.224573E+07   0.224573E+07  -0.646835E-01   0.137146E+07   0.137122E+07   0.762486E+00
   0.103163E+00   0.210310E+07   0.208787E+07   0.407809E+00   0.261804E+00   0.000000E+00   0.210056E+07   0.210056E+07   0.210056E+07  -0.605020E-01   0.128280E+07   0.128258E+07   0.674299E+00
   0.108358E+00   0.199016E+07   0.197655E+07   0.349881E+00   0.224637E+00   0.000000E+00   0.198789E+07   0.198789E+07   0.198789E+07  -0.572569E-01   0.121400E+07   0.121379E+07   0.574924E+00
   0.113553E+00   0.190112E+07   0.188951E+07   0.304470E+00   0.195510E+00   0.000000E+00   0.189919E+07   0.189919E+07   0.189919E+07  -0.547020E-01   0.115982E+07   0.115965E+07   0.477495E+00
   0.118748E+00   0.182570E+07   0.181606E+07   0.267484E+00   0.171788E+00   0.000000E+00   0.182410E+07   0.182410E+07   0.182410E+07  -0.525391E-01   0.111396E+07   0.111381E+07   0.393468E+00
   0.123943E+00   0.175492E+07   0.174686E+07   0.236095E+00   0.151647E+00   0.000000E+00   0.175358E+07   0.175358E+07   0.175358E+07  -0.505081E-01   0.107089E+07   0.107076E+07   0.330017E+00
   0.129137E+00   0.168235E+07   0.167529E+07   0.208526E+00   0.133948E+00   0.000000E+00   0.168118E+07   0.168118E+07   0.168118E+07  -0.484227E-01   0.102668E+07   0.102656E+07   0.289000E+00
   0.134332E+00   0.160480E+07   0.159809E+07   0.183823E+00   0.118078E+00   0.000000E+00   0.160368E+07   0.160368E+07   0.160368E+07  -0.461906E-01   0.979352E+06   0.979236E+06   0.267507E+00
   0.139527E+00   0.152258E+07   0.151571E+07   0.161628E+00   0.103813E+00   0.000000E+00   0.152143E+07   0.152143E+07   0.152143E+07  -0.438216E-01   0.929125E+06   0.929008E+06   0.259502E+00
   0.144722E+00   0.143872E+07   0.143141E+07   0.141914E+00   0.911404E-01   0.000000E+00   0.143750E+07   0.143750E+07   0.143750E+07  -0.414040E-01   0.877869E+06   0.877748E+06   0.257834E+00
   0.149917E+00   0.135747E+07   0.134967E+07   0.124738E+00   0.800994E-01   0.000000E+00   0.135617E+07   0.135617E+07   0.135617E+07  -0.390617E-01   0.828207E+06   0.828082E+06   0.256064E+00
   0.155112E+00   0.128310E+07   0.127498E+07   0.110106E+00   0.706965E-01   0.000000E+00   0.128174E+07   0.128174E+07   0.128174E+07  -0.369179E-01   0.782754E+06   0.782629E+06   0.249760E+00
   0.160307E+00   0.121880E+07   0.121068E+07   0.979046E-01   0.628589E-01   0.000000E+00   0.121745E+07   0.121745E+07   0.121745E+07  -0.350660E-01   0.743490E+06   0.743367E+06   0.237054E+00
   0.165502E+00   0.116578E+07   0.115799E+07   0.878600E-01   0.564103E-01   0.000000E+00   0.116448E+07   0.116448E+07   0.116448E+07  -0.335404E-01   0.711142E+06   0.711026E+06   0.218466E+00
   0.170696E+00   0.112288E+07   0.111570E+07   0.795679E-01   0.510897E-01   0.000000E+00   0.112169E+07   0.112169E+07   0.112169E+07  -0.323078E-01   0.685007E+06   0.684899E+06   0.196197E+00
   0.175891E+00   0.108739E+07   0.108096E+07   0.725878E-01   0.466124E-01   0.000000E+00   0.108632E+07   0.108632E+07   0.108632E+07  -0.312891E-01   0.663407E+06   0.663309E+06   0.173215E+00
   0.181086E+00   0.105606E+07   0.105038E+07   0.665287E-01   0.427259E-01   0.000000E+00   0.105512E+07   0.105512E+07   0.105512E+07  -0.303904E-01   0.644352E+06   0.644263E+06   0.152350E+00
   0.186281E+00   0.102585E+07   0.102080E+07   0.610852E-01   0.392332E-01   0.000000E+00   0.102501E+07   0.102501E+07   0.102501E+07  -0.295232E-01   0.625966E+06   0.625884E+06   0.135612E+00
   0.191476E+00   0.994386E+06   0.989749E+06   0.560490E-01   0.360001E-01   0.000000E+00   0.993613E+06   0.993613E+06   0.993613E+06  -0.286189E-01   0.606790E+06   0.606714E+06   0.123841E+00
   0.196671E+00   0.960491E+06   0.956042E+06   0.513162E-01   0.329602E-01   0.000000E+00   0.959750E+06   0.959750E+06   0.959750E+06  -0.276435E-01   0.586110E+06   0.586036E+06   0.116724E+00
   0.201866E+00   0.924398E+06   0.919942E+06   0.468734E-01   0.301053E-01   0.000000E+00   0.923655E+06   0.923655E+06   0.923655E+06  -0.266039E-01   0.564068E+06   0.563994E+06   0.113083E+00
   0.207060E+00   0.887341E+06   0.882760E+06   0.427570E-01   0.274596E-01   0.000000E+00   0.886577E+06   0.886577E+06   0.886577E+06  -0.255359E-01   0.541426E+06   0.541351E+06   0.111308E+00
   0.212255E+00   0.850963E+06   0.846230E+06   0.390134E-01   0.250534E-01   0.000000E+00   0.850174E+06   0.850174E+06   0.850174E+06  -0.244874E-01   0.519195E+06   0.519120E+06   0.109804E+00
   0.217450E+00   0.816881E+06   0.812046E+06   0.356764E-01   0.229090E-01   0.000000E+00   0.816075E+06   0.816075E+06   0.816075E+06  -0.235053E-01   0.498372E+06   0.498296E+06   0.107359E+00
   0.222645E+00   0.786334E+06   0.781504E+06   0.327549E-01   0.210322E-01   0.000000E+00   0.785529E+06   0.785529E+06   0.785529E+06  -0.226255E-01   0.479718E+06   0.479643E+06   0.103340E+00
   0.227840E+00   0.759870E+06   0.755167E+06   0.302253E-01   0.194079E-01   0.000000E+00   0.759086E+06   0.759086E+06   0.759086E+06  -0.218638E-01   0.463569E+06   0.463497E+06   0.977146E-01
   0.233035E+00   0.737252E+06   0.732784E+06   0.280349E-01   0.180020E-01   0.000000E+00   0.736508E+06   0.736508E+06   0.736508E+06  -0.212135E-01   0.449780E+06   0.449712E+06   0.909350E-01
   0.238230E+00   0.717678E+06   0.713510E+06   0.261170E-01   0.167713E-01   0.000000E+00   0.716984E+06   0.716984E+06   0.716984E+06  -0.206512E-01   0.437857E+06   0.437792E+06   0.837268E-01
   0.243425E+00   0.700052E+06   0.696196E+06   0.244037E-01   0.156720E-01   0.000000E+00   0.699409E+06   0.699409E+06   0.699409E+06  -0.201450E-01   0.427124E+06   0.427063E+06   0.768586E-01
   0.248619E+00   0.683194E+06   0.679616E+06   0.228343E-01   0.146648E-01   0.000000E+00   0.682597E+06   0.682597E+06   0.682597E+06  -0.196607E-01   0.416857E+06   0.416800E+06   0.709408E-01
   0.253814E+00   0.666092E+06   0.662723E+06   0.213625E-01   0.137200E-01   0.000000E+00   0.665531E+06   0.665531E+06   0.665531E+06  -0.191692E-01   0.406434E+06   0.406380E+06   0.663047E-01
   0.259009E+00   0.648200E+06   0.644955E+06   0.199635E-01   0.128216E-01   0.000000E+00   0.647659E+06   0.647659E+06   0.647659E+06  -0.186544E-01   0.395520E+06   0.395467E+06   0.629776E-01
   0.264204E+00   0.629535E+06   0.626340E+06   0.186329E-01   0.119668E-01   0.000000E+00   0.629002E+06   0.629002E+06   0.629002E+06  -0.181171E-01   0.384126E+06   0.384075E+06   0.607315E-01
   0.269399E+00   0.610502E+06   0.607304E+06   0.173778E-01   0.111604E-01   0.000000E+00   0.609969E+06   0.609969E+06   0.609969E+06  -0.175688E-01   0.372503E+06   0.372452E+06   0.591770E-01
   0.274594E+00   0.591642E+06   0.588419E+06   0.162080E-01   0.104087E-01   0.000000E+00   0.591105E+06   0.591105E+06   0.591105E+06  -0.170255E-01   0.360983E+06   0.360932E+06   0.578775E-01
   0.279789E+00   0.573513E+06   0.570274E+06   0.151318E-01   0.971719E-02   0.000000E+00   0.572973E+06   0.572973E+06   0.572973E+06  -0.165033E-01   0.349911E+06   0.349860E+06   0.564597E-01
   0.284984E+00   0.556630E+06   0.553405E+06   0.141548E-01   0.908956E-02   0.000000E+00   0.556092E+06   0.556092E+06   0.556092E+06  -0.160170E-01   0.339602E+06   0.339551E+06   0.546887E-01
   0.290178E+00   0.541329E+06   0.538163E+06   0.132770E-01   0.852578E-02   0.000000E+00   0.540802E+06   0.540802E+06   0.540802E+06  -0.155766E-01   0.330264E+06   0.330215E+06   0.524936E-01
   0.295373E+00   0.527640E+06   0.524572E+06   0.124903E-01   0.802072E-02   0.000000E+00   0.527129E+06   0.527129E+06   0.527129E+06  -0.151828E-01   0.321914E+06   0.321866E+06   0.499475E-01
   0.300568E+00   0.515299E+06   0.512359E+06   0.117809E-01   0.756532E-02   0.000000E+00   0.514809E+06   0.514809E+06   0.514809E+06  -0.148280E-01   0.314390E+06   0.314344E+06   0.472204E-01
   0.305763E+00   0.503904E+06   0.501102E+06   0.111331E-01   0.714953E-02   0.000000E+00   0.503437E+06   0.503437E+06   0.503437E+06  -0.145004E-01   0.307445E+06   0.307401E+06   0.445221E-01
   0.310958E+00   0.493049E+06   0.490380E+06   0.105331E-01   0.676443E-02   0.000000E+00   0.492604E+06   0.492604E+06   0.492604E+06  -0.141884E-01   0.300830E+06   0.300787E+06   0.420441E-01
   0.316153E+00   0.482382E+06   0.479824E+06   0.996991E-02   0.640285E-02   0.000000E+00   0.481955E+06   0.481955E+06   0.481955E+06  -0.138817E-01   0.294326E+06   0.294286E+06   0.399158E-01
   0.321348E+00   0.471635E+06   0.469159E+06   0.943540E-02   0.605963E-02   0.000000E+00   0.471222E+06   0.471222E+06   0.471222E+06  -0.135725E-01   0.287772E+06   0.287732E+06   0.381822E-01
   0.326543E+00   0.460694E+06   0.458272E+06   0.892553E-02   0.573216E-02   0.000000E+00   0.460290E+06   0.460290E+06   0.460290E+06  -0.132577E-01   0.281096E+06   0.281057E+06   0.368089E-01
   0.331737E+00   0.449629E+06   0.447236E+06   0.844015E-02   0.542036E-02   0.000000E+00   0.449230E+06   0.449230E+06   0.449230E+06  -0.129391E-01   0.274341E+06   0.274303E+06   0.357046E-01
   0.336932E+00   0.438637E+06   0.436261E+06   0.798147E-02   0.512570E-02   0.000000E+00   0.438241E+06   0.438241E+06   0.438241E+06  -0.126226E-01   0.267630E+06   0.267593E+06   0.347510E-01
   0.342127E+00   0.427945E+06   0.425584E+06   0.755184E-02   0.484970E-02   0.000000E+00   0.427551E+06   0.427551E+06   0.427551E+06  -0.123147E-01   0.261102E+06   0.261065E+06   0.338329E-01
   0.347322E+00   0.417736E+06   0.415396E+06   0.715252E-02   0.459319E-02   0.000000E+00   0.417346E+06   0.417346E+06   0.417346E+06  -0.120207E-01   0.254870E+06   0.254833E+06   0.328629E-01
   0.352517E+00   0.408132E+06   0.405827E+06   0.678349E-02   0.435617E-02   0.000000E+00   0.407748E+06   0.407748E+06   0.407748E+06  -0.117443E-01   0.249009E+06   0.248972E+06   0.317964E-01
   0.357712E+00   0.399187E+06   0.396931E+06   0.644352E-02   0.413786E-02   0.000000E+00   0.398811E+06   0.398811E+06   0.398811E+06  -0.114869E-01   0.243551E+06   0.243516E+06   0.306337E-01
   0.362907E+00   0.390871E+06   0.388675E+06   0.613007E-02   0.393660E-02   0.000000E+00   0.390505E+06   0.390505E+06   0.390505E+06  -0.112477E-01   0.238479E+06   0.238444E+06   0.294102E-01
   0.368102E+00   0.383068E+06   0.380940E+06   0.583951E-02   0.375006E-02   0.000000E+00   0.382713E+06   0.382713E+06   0.382713E+06  -0.110232E-01   0.233720E+06   0.233686E+06   0.281805E-01
   0.373296E+00   0.375620E+06   0.373560E+06   0.556792E-02   0.357569E-02   0.000000E+00   0.375277E+06   0.375277E+06   0.375277E+06  -0.108090E-01   0.229179E+06   0.229146E+06   0.270019E-01
   0.378491E+00   0.368382E+06   0.366384E+06   0.531193E-02   0.341133E-02   0.000000E+00   0.368049E+06   0.368049E+06   0.368049E+06  -0.106009E-01   0.224765E+06   0.224733E+06   0.259207E-01
   0.383686E+00   0.361248E+06   0.359303E+06   0.506905E-02   0.325538E-02   0.000000E+00   0.360924E+06   0.360924E+06   0.360924E+06  -0.103956E-01   0.220413E+06   0.220382E+06   0.249626E-01
   0.388881E+00   0.354154E+06   0.352251E+06   0.483764E-02   0.310677E-02   0.000000E+00   0.353837E+06   0.353837E+06   0.353837E+06  -0.101915E-01   0.216085E+06   0.216055E+06   0.241296E-01
   0.394076E+00   0.347083E+06   0.345212E+06   0.461684E-02   0.296495E-02   0.000000E+00   0.346771E+06   0.346771E+06   0.346771E+06  -0.998799E-02   0.211770E+06   0.211741E+06   0.234032E-01
   0.399271E+00   0.340073E+06   0.338227E+06   0.440655E-02   0.282989E-02   0.000000E+00   0.339765E+06   0.339765E+06   0.339765E+06  -0.978620E-02   0.207492E+06   0.207463E+06   0.227522E-01
   0.404466E+00   0.333199E+06   0.331376E+06   0.420719E-02   0.270183E-02   0.000000E+00   0.332895E+06   0.332895E+06   0.332895E+06  -0.958832E-02   0.203297E+06   0.203268E+06   0.221424E-01
   0.409661E+00   0.326538E+06   0.324737E+06   0.401909E-02   0.258102E-02   0.000000E+00   0.326238E+06   0.326238E+06   0.326238E+06  -0.939658E-02   0.199231E+06   0.199203E+06   0.215433E-01
   0.414855E+00   0.320140E+06   0.318364E+06   0.384221E-02   0.246741E-02   0.000000E+00   0.319844E+06   0.319844E+06   0.319844E+06  -0.921241E-02   0.195326E+06   0.195298E+06   0.209343E-01
   0.420050E+00   0.314028E+06   0.312282E+06   0.367620E-02   0.236080E-02   0.000000E+00   0.313737E+06   0.313737E+06   0.313737E+06  -0.903651E-02   0.191597E+06   0.191569E+06   0.203072E-01
   0.425245E+00   0.308209E+06   0.306498E+06   0.352048E-02   0.226080E-02   0.000000E+00   0.307924E+06   0.307924E+06   0.307924E+06  -0.886908E-02   0.188047E+06   0.188020E+06   0.196661E-01
   0.430440E+00   0.302665E+06   0.300990E+06   0.337424E-02   0.216690E-02   0.000000E+00   0.302386E+06   0.302386E+06   0.302386E+06  -0.870957E-02   0.184665E+06   0.184638E+06   0.190236E-01
   0.435635E+00   0.297346E+06   0.295710E+06   0.323641E-02   0.207839E-02   0.000000E+00   0.297073E+06   0.297073E+06   0.297073E+06  -0.855655E-02   0.181420E+06   0.181394E+06   0.183957E-01
   0.440830E+00   0.292191E+06   0.290592E+06   0.310583E-02   0.199455E-02   0.000000E+00   0.291924E+06   0.291924E+06   0.291924E+06  -0.840825E-02   0.178276E+06   0.178251E+06   0.177972E-01
   0.446025E+00   0.287152E+06   0.285588E+06   0.298163E-02   0.191479E-02   0.000000E+00   0.286892E+06   0.286892E+06   0.286892E+06  -0.826329E-02   0.175202E+06   0.175178E+06   0.172390E-01
   0.451219E+00   0.282203E+06   0.280669E+06   0.286317E-02   0.183872E-02   0.000000E+00   0.281947E+06   0.281947E+06   0.281947E+06  -0.812088E-02   0.172183E+06   0.172159E+06   0.167257E-01
   0.456414E+00   0.277327E+06   0.275820E+06   0.275001E-02   0.176606E-02   0.000000E+00   0.277076E+06   0.277076E+06   0.277076E+06  -0.798058E-02   0.169208E+06   0.169184E+06   0.162555E-01
   0.461609E+00   0.272521E+06   0.271037E+06   0.264185E-02   0.169659E-02   0.000000E+00   0.272274E+06   0.272274E+06   0.272274E+06  -0.784225E-02   0.166275E+06   0.166252E+06   0.158211E-01
   0.466804E+00   0.267795E+06   0.266332E+06   0.253856E-02   0.163025E-02   0.000000E+00   0.267551E+06   0.267551E+06   0.267551E+06  -0.770624E-02   0.163392E+06   0.163368E+06   0.154126E-01
   0.471999E+00   0.263176E+06   0.261733E+06   0.244014E-02   0.156704E-02   0.000000E+00   0.262936E+06   0.262936E+06   0.262936E+06  -0.757330E-02   0.160573E+06   0.160550E+06   0.150200E-01
   0.477194E+00   0.258691E+06   0.257268E+06   0.234659E-02   0.150696E-02   0.000000E+00   0.258454E+06   0.258454E+06   0.258454E+06  -0.744421E-02   0.157836E+06   0.157813E+06   0.146354E-01
   0.482389E+00   0.254353E+06   0.252951E+06   0.225780E-02   0.144994E-02   0.000000E+00   0.254119E+06   0.254119E+06   0.254119E+06  -0.731935E-02   0.155189E+06   0.155166E+06   0.142538E-01
   0.487584E+00   0.250162E+06   0.248782E+06   0.217353E-02   0.139582E-02   0.000000E+00   0.249932E+06   0.249932E+06   0.249932E+06  -0.719874E-02   0.152631E+06   0.152610E+06   0.138736E-01
   0.492778E+00   0.246112E+06   0.244756E+06   0.209350E-02   0.134443E-02   0.000000E+00   0.245886E+06   0.245886E+06   0.245886E+06  -0.708221E-02   0.150161E+06   0.150139E+06   0.134965E-01
   0.497973E+00   0.242195E+06   0.240864E+06   0.201744E-02   0.129558E-02   0.000000E+00   0.241973E+06   0.241973E+06   0.241973E+06  -0.696952E-02   0.147771E+06   0.147750E+06   0.131263E-01
   0.503168E+00   0.238398E+06   0.237090E+06   0.194502E-02   0.124908E-02   0.000000E+00   0.238180E+06   0.238180E+06   0.238180E+06  -0.686026E-02   0.145455E+06   0.145434E+06   0.127675E-01
   0.508363E+00   0.234697E+06   0.233413E+06   0.187591E-02   0.120470E-02   0.000000E+00   0.234483E+06   0.234483E+06   0.234483E+06  -0.675379E-02   0.143197E+06   0.143177E+06   0.124239E-01
   0.513558E+00   0.231074E+06   0.229811E+06   0.180978E-02   0.116223E-02   0.000000E+00   0.230864E+06   0.230864E+06   0.230864E+06  -0.664953E-02   0.140987E+06   0.140967E+06   0.120977E-01
   0.518753E+00   0.227518E+06   0.226275E+06   0.174642E-02   0.112154E-02   0.000000E+00   0.227311E+06   0.227311E+06   0.227311E+06  -0.654719E-02   0.138817E+06   0.138797E+06   0.117894E-01
   0.523948E+00   0.224028E+06   0.222804E+06   0.168570E-02   0.108255E-02   0.000000E+00   0.223824E+06   0.223824E+06   0.223824E+06  -0.644676E-02   0.136687E+06   0.136668E+06   0.114980E-01
   0.529143E+00   0.220605E+06   0.219399E+06   0.162751E-02   0.104518E-02   0.000000E+00   0.220404E+06   0.220404E+06   0.220404E+06  -0.634826E-02   0.134599E+06   0.134580E+06   0.112211E-01
   0.534337E+00   0.217251E+06   0.216061E+06   0.157174E-02   0.100936E-02   0.000000E+00   0.217053E+06   0.217053E+06   0.217053E+06  -0.625173E-02   0.132552E+06   0.132533E+06   0.109555E-01
   0.539532E+00   0.213969E+06   0.212796E+06   0.151833E-02   0.975059E-03   0.000000E+00   0.213774E+06   0.213774E+06   0.213774E+06  -0.615729E-02   0.130550E+06   0.130531E+06   0.106982E-01
   0.544727E+00   0.210769E+06   0.209612E+06   0.146722E-02   0.942239E-03   0.000000E+00   0.210576E+06   0.210576E+06   0.210576E+06  -0.606519E-02   0.128597E+06   0.128579E+06   0.104471E-01
   0.549922E+00   0.207656E+06   0.206515E+06   0.141837E-02   0.910863E-03   0.000000E+00   0.207466E+06   0.207466E+06   0.207466E+06  -0.597560E-02   0.126698E+06   0.126680E+06   0.102009E-01
   0.555117E+00   0.204627E+06   0.203504E+06   0.137164E-02   0.880858E-03   0.000000E+00   0.204440E+06   0.204440E+06   0.204440E+06  -0.588845E-02   0.124850E+06   0.124832E+06   0.995917E-02
   0.560312E+00   0.201678E+06   0.200570E+06   0.132692E-02   0.852138E-03   0.000000E+00   0.201493E+06   0.201493E+06   0.201493E+06  -0.580357E-02   0.123050E+06   0.123033E+06   0.972240E-02
   0.565507E+00   0.198801E+06   0.197711E+06   0.128408E-02   0.824626E-03   0.000000E+00   0.198620E+06   0.198620E+06   0.198620E+06  -0.572081E-02   0.121296E+06   0.121278E+06   0.949156E-02
   0.615622E+00   0.174004E+06   0.173050E+06   0.948372E-03   0.609037E-03   0.000000E+00   0.173845E+06   0.173845E+06   0.173845E+06  -0.500723E-02   0.106166E+06   0.106151E+06   0.764218E-02
   0.751923E+00   0.126649E+06   0.125956E+06   0.462704E-03   0.297144E-03   0.000000E+00   0.126534E+06   0.126534E+06   0.126534E+06  -0.364453E-02   0.772732E+05   0.772621E+05   0.457389E-02
   0.918401E+00   0.917225E+05   0.912202E+05   0.224623E-03   0.144250E-03   0.000000E+00   0.916388E+05   0.916388E+05   0.916388E+05  -0.263946E-02   0.559631E+05   0.559550E+05   0.273252E-02
   0.112174E+01   0.661310E+05   0.657689E+05   0.108557E-03   0.697138E-04   0.000000E+00   0.660707E+05   0.660707E+05   0.660707E+05  -0.190302E-02   0.403489E+05   0.403429E+05   0.163154E-02
   0.137009E+01   0.474856E+05   0.472255E+05   0.522504E-04   0.335540E-04   0.000000E+00   0.474423E+05   0.474423E+05   0.474423E+05  -0.136647E-02   0.289727E+05   0.289683E+05   0.975618E-03
   0.167343E+01   0.339709E+05   0.337847E+05   0.250555E-04   0.160898E-04   0.000000E+00   0.339399E+05   0.339399E+05   0.339399E+05  -0.977564E-03   0.207268E+05   0.207237E+05   0.585893E-03
   0.204394E+01   0.242200E+05   0.240871E+05   0.119738E-04   0.768896E-05   0.000000E+00   0.241978E+05   0.241978E+05   0.241978E+05  -0.696966E-03   0.147775E+05   0.147751E+05   0.354634E-03
   0.249647E+01   0.172143E+05   0.171198E+05   0.570421E-05   0.366283E-05   0.000000E+00   0.171986E+05   0.171986E+05   0.171986E+05  -0.495367E-03   0.105030E+05   0.105013E+05   0.217354E-03
   0.304920E+01   0.122002E+05   0.121330E+05   0.270960E-05   0.173982E-05   0.000000E+00   0.121890E+05   0.121890E+05   0.121890E+05  -0.351077E-03   0.744373E+04   0.744239E+04   0.135643E-03
   0.372430E+01   0.862386E+04   0.857622E+04   0.128367E-05   0.824165E-06   0.000000E+00   0.861592E+04   0.861592E+04   0.861592E+04  -0.248163E-03   0.526170E+04   0.526065E+04   0.867268E-04
   0.454887E+01   0.608116E+04   0.604740E+04   0.606613E-06   0.389423E-06   0.000000E+00   0.607554E+04   0.607554E+04   0.607554E+04  -0.174993E-03   0.371031E+04   0.370947E+04   0.571576E-04
   0.555600E+01   0.427861E+04   0.425468E+04   0.285989E-06   0.183561E-06   0.000000E+00   0.427462E+04   0.427462E+04   0.427462E+04  -0.123121E-03   0.261050E+04   0.260980E+04   0.390170E-04
   0.678612E+01   0.300413E+04   0.298714E+04   0.134526E-06   0.863220E-07   0.000000E+00   0.300130E+04   0.300130E+04   0.300130E+04  -0.864460E-04   0.183290E+04   0.183229E+04   0.276534E-04
   0.828858E+01   0.210525E+04   0.209315E+04   0.631417E-07   0.405000E-07   0.000000E+00   0.210323E+04   0.210323E+04   0.210323E+04  -0.605791E-04   0.128445E+04   0.128391E+04   0.203378E-04
   0.101237E+02   0.147270E+04   0.146402E+04   0.295715E-07   0.189562E-07   0.000000E+00   0.147125E+04   0.147125E+04   0.147125E+04  -0.423762E-04   0.898510E+03   0.898003E+03   0.154681E-04
   0.123651E+02   0.102849E+04   0.102222E+04   0.138179E-07   0.884967E-08   0.000000E+00   0.102744E+04   0.102744E+04   0.102744E+04  -0.295932E-04   0.627480E+03   0.626996E+03   0.121020E-04
   0.151028E+02   0.717146E+03   0.712550E+03   0.644080E-08   0.411941E-08   0.000000E+00   0.716380E+03   0.716380E+03   0.716380E+03  -0.206338E-04   0.437518E+03   0.437045E+03   0.968223E-05
   0.184466E+02   0.499317E+03   0.495885E+03   0.299367E-08   0.191079E-08   0.000000E+00   0.498745E+03   0.498745E+03   0.498745E+03  -0.143653E-04   0.304611E+03   0.304142E+03   0.787646E-05
   0.225307E+02   0.347169E+03   0.344543E+03   0.138667E-08   0.882360E-09   0.000000E+00   0.346732E+03   0.346732E+03   0.346732E+03  -0.998686E-05   0.211779E+03   0.211307E+03   0.648369E-05
   0.275191E+02   0.241061E+03   0.238989E+03   0.639472E-09   0.405007E-09   0.000000E+00   0.240716E+03   0.240716E+03   0.240716E+03  -0.693330E-05   0.147037E+03   0.146559E+03   0.537989E-05
   0.336118E+02   0.167168E+03   0.165474E+03   0.293138E-09   0.184330E-09   0.000000E+00   0.166885E+03   0.166885E+03   0.166885E+03  -0.480677E-05   0.101950E+03   0.101463E+03   0.448644E-05
   0.410536E+02   0.115777E+03   0.114339E+03   0.133245E-09   0.828571E-10   0.000000E+00   0.115537E+03   0.115537E+03   0.115537E+03  -0.332780E-05   0.705937E+02   0.700959E+02   0.375172E-05
   0.501430E+02   0.800811E+02   0.788137E+02   0.598186E-10   0.365433E-10   0.000000E+00   0.798699E+02   0.798699E+02   0.798699E+02  -0.230048E-05   0.488129E+02   0.483039E+02   0.314047E-05
   0.612448E+02   0.553158E+02   0.541607E+02   0.263509E-10   0.156335E-10   0.000000E+00   0.551233E+02   0.551233E+02   0.551233E+02  -0.158771E-05   0.337014E+02   0.331812E+02   0.262750E-05
   0.748045E+02   0.381526E+02   0.370704E+02   0.112620E-10   0.634768E-11   0.000000E+00   0.379723E+02   0.379723E+02   0.379723E+02  -0.109371E-05   0.232283E+02   0.226978E+02   0.219404E-05
   0.913665E+02   0.262702E+02   0.252347E+02   0.457169E-11   0.233113E-11   0.000000E+00   0.260976E+02   0.260976E+02   0.260976E+02  -0.751686E-06   0.159773E+02   0.154382E+02   0.182554E-05
   0.111595E+03   0.180518E+02   0.170473E+02   0.168334E-11   0.669899E-12   0.000000E+00   0.178844E+02   0.178844E+02   0.178844E+02  -0.515121E-06   0.109621E+02   0.104173E+02   0.151040E-05
