#          k/h    CDM            baryon         photon         nu             mass_nu        total          no_nu          total_de       Weyl           v_CDM          v_b            v_b-v_c     
   0.102819E-04   0.572378E+07   0.572378E+07   0.763064E+07   0.763060E+07   0.000000E+00   0.572378E+07   0.572378E+07   0.573298E+07  -0.596994E+00   0.562808E+07   0.562808E+07   0.104133E+02
   0.113644E-04   0.572378E+07   0.572378E+07   0.763040E+07   0.763035E+07   0.000000E+00   0.572378E+07   0.572378E+07   0.573298E+07  -0.596994E+00   0.562808E+07   0.562808E+07   0.115094E+02
   0.125608E-04   0.572377E+07   0.572377E+07   0.763011E+07   0.763005E+07   0.000000E+00   0.572377E+07   0.572377E+07   0.573298E+07  -0.596994E+00   0.562807E+07   0.562807E+07   0.127209E+02
   0.138832E-04   0.572377E+07   0.572377E+07   0.762976E+07   0.762969E+07   0.000000E+00   0.572377E+07   0.572377E+07   0.573298E+07  -0.596993E+00   0.562807E+07   0.562807E+07   0.140598E+02
   0.153447E-04   0.572377E+07   0.572377E+07   0.762933E+07   0.762924E+07   0.000000E+00   0.572377E+07   0.572377E+07   0.573297E+07  -0.596993E+00   0.562807E+07   0.562807E+07   0.155395E+02
   0.169602E-04   0.572377E+07   0.572377E+07   0.762880E+07   0.762869E+07   0.000000E+00   0.572377E+07   0.572377E+07   0.573297E+07  -0.596993E+00   0.562807E+07   0.562807E+07   0.171750E+02
   0.187457E-04   0.572376E+07   0.572376E+07   0.762815E+07   0.762802E+07   0.000000E+00   0.572376E+07   0.572376E+07   0.573297E+07  -0.596992E+00   0.562806E+07   0.562806E+07   0.189823E+02
   0.207192E-04   0.572376E+07   0.572376E+07   0.762736E+07   0.762720E+07   0.000000E+00   0.572376E+07   0.572376E+07   0.573296E+07  -0.596992E+00   0.562806E+07   0.562806E+07   0.209798E+02
   0.229004E-04   0.572375E+07   0.572375E+07   0.762640E+07   0.762620E+07   0.000000E+00   0.572375E+07   0.572375E+07   0.573295E+07  -0.596991E+00   0.562805E+07   0.562805E+07   0.231871E+02
   0.253113E-04   0.572375E+07   0.572375E+07   0.762522E+07   0.762498E+07   0.000000E+00   0.572375E+07   0.572375E+07   0.573295E+07  -0.596990E+00   0.562805E+07   0.562805E+07   0.256264E+02
   0.279760E-04   0.572374E+07   0.572374E+07   0.762379E+07   0.762349E+07   0.000000E+00   0.572374E+07   0.572374E+07   0.573294E+07  -0.596989E+00   0.562804E+07   0.562804E+07   0.283218E+02
   0.309213E-04   0.572373E+07   0.572373E+07   0.762203E+07   0.762167E+07   0.000000E+00   0.572373E+07   0.572373E+07   0.573293E+07  -0.596988E+00   0.562803E+07   0.562803E+07   0.313001E+02
   0.341766E-04   0.572372E+07   0.572372E+07   0.761989E+07   0.761944E+07   0.000000E+00   0.572372E+07   0.572372E+07   0.573291E+07  -0.596986E+00   0.562802E+07   0.562802E+07   0.345909E+02
   0.377746E-04   0.572371E+07   0.572370E+07   0.761727E+07   0.761673E+07   0.000000E+00   0.572371E+07   0.572371E+07   0.573289E+07  -0.596984E+00   0.562801E+07   0.562800E+07   0.382265E+02
   0.417514E-04   0.572369E+07   0.572369E+07   0.761408E+07   0.761341E+07   0.000000E+00   0.572369E+07   0.572369E+07   0.573287E+07  -0.596982E+00   0.562799E+07   0.562799E+07   0.422427E+02
   0.461468E-04   0.572367E+07   0.572366E+07   0.761017E+07   0.760936E+07   0.000000E+00   0.572367E+07   0.572367E+07   0.573285E+07  -0.596979E+00   0.562797E+07   0.562796E+07   0.466789E+02
   0.510050E-04   0.572364E+07   0.572364E+07   0.760541E+07   0.760442E+07   0.000000E+00   0.572364E+07   0.572364E+07   0.573282E+07  -0.596976E+00   0.562794E+07   0.562794E+07   0.515784E+02
   0.563747E-04   0.572361E+07   0.572361E+07   0.759959E+07   0.759838E+07   0.000000E+00   0.572361E+07   0.572361E+07   0.573278E+07  -0.596972E+00   0.562791E+07   0.562791E+07   0.569884E+02
   0.623096E-04   0.572357E+07   0.572357E+07   0.759248E+07   0.759101E+07   0.000000E+00   0.572357E+07   0.572357E+07   0.573273E+07  -0.596966E+00   0.562788E+07   0.562787E+07   0.629611E+02
   0.688694E-04   0.572353E+07   0.572352E+07   0.758382E+07   0.758202E+07   0.000000E+00   0.572352E+07   0.572352E+07   0.573267E+07  -0.596960E+00   0.562783E+07   0.562782E+07   0.695531E+02
   0.761198E-04   0.572347E+07   0.572346E+07   0.757324E+07   0.757104E+07   0.000000E+00   0.572347E+07   0.572347E+07   0.573260E+07  -0.596952E+00   0.562778E+07   0.562776E+07   0.768264E+02
   0.841334E-04   0.572340E+07   0.572339E+07   0.756034E+07   0.755766E+07   0.000000E+00   0.572340E+07   0.572340E+07   0.573252E+07  -0.596943E+00   0.562771E+07   0.562769E+07   0.848483E+02
   0.929907E-04   0.572332E+07   0.572330E+07   0.754461E+07   0.754134E+07   0.000000E+00   0.572331E+07   0.572331E+07   0.573241E+07  -0.596932E+00   0.562763E+07   0.562760E+07   0.936916E+02
   0.102781E-03   0.572321E+07   0.572319E+07   0.752543E+07   0.752144E+07   0.000000E+00   0.572321E+07   0.572321E+07   0.573228E+07  -0.596918E+00   0.562753E+07   0.562750E+07   0.103435E+03
   0.113601E-03   0.572308E+07   0.572306E+07   0.750207E+07   0.749721E+07   0.000000E+00   0.572308E+07   0.572308E+07   0.573213E+07  -0.596901E+00   0.562740E+07   0.562737E+07   0.114162E+03
   0.125560E-03   0.572293E+07   0.572290E+07   0.747362E+07   0.746770E+07   0.000000E+00   0.572293E+07   0.572293E+07   0.573194E+07  -0.596880E+00   0.562725E+07   0.562721E+07   0.125962E+03
   0.138779E-03   0.572274E+07   0.572271E+07   0.743902E+07   0.743181E+07   0.000000E+00   0.572274E+07   0.572274E+07   0.573171E+07  -0.596854E+00   0.562707E+07   0.562702E+07   0.138928E+03
   0.153389E-03   0.572251E+07   0.572247E+07   0.739694E+07   0.738817E+07   0.000000E+00   0.572250E+07   0.572250E+07   0.573142E+07  -0.596823E+00   0.562685E+07   0.562678E+07   0.153157E+03
   0.169538E-03   0.572223E+07   0.572218E+07   0.734585E+07   0.733520E+07   0.000000E+00   0.572222E+07   0.572222E+07   0.573108E+07  -0.596785E+00   0.562657E+07   0.562650E+07   0.168746E+03
   0.187386E-03   0.572189E+07   0.572183E+07   0.728390E+07   0.727096E+07   0.000000E+00   0.572188E+07   0.572188E+07   0.573066E+07  -0.596739E+00   0.562624E+07   0.562615E+07   0.185793E+03
   0.207114E-03   0.572147E+07   0.572140E+07   0.720890E+07   0.719322E+07   0.000000E+00   0.572146E+07   0.572146E+07   0.573014E+07  -0.596683E+00   0.562583E+07   0.562572E+07   0.204387E+03
   0.228918E-03   0.572096E+07   0.572087E+07   0.711829E+07   0.709930E+07   0.000000E+00   0.572094E+07   0.572094E+07   0.572952E+07  -0.596614E+00   0.562534E+07   0.562520E+07   0.224608E+03
   0.253018E-03   0.572034E+07   0.572023E+07   0.700908E+07   0.698615E+07   0.000000E+00   0.572032E+07   0.572032E+07   0.572876E+07  -0.596531E+00   0.562473E+07   0.562457E+07   0.246516E+03
   0.279655E-03   0.571958E+07   0.571945E+07   0.687785E+07   0.685023E+07   0.000000E+00   0.571956E+07   0.571956E+07   0.572784E+07  -0.596430E+00   0.562399E+07   0.562380E+07   0.270142E+03
   0.309096E-03   0.571866E+07   0.571850E+07   0.672076E+07   0.668759E+07   0.000000E+00   0.571863E+07   0.571863E+07   0.572672E+07  -0.596307E+00   0.562310E+07   0.562286E+07   0.295475E+03
   0.341636E-03   0.571753E+07   0.571735E+07   0.653356E+07   0.649388E+07   0.000000E+00   0.571750E+07   0.571750E+07   0.572537E+07  -0.596158E+00   0.562200E+07   0.562171E+07   0.322440E+03
   0.377603E-03   0.571617E+07   0.571594E+07   0.631173E+07   0.626447E+07   0.000000E+00   0.571613E+07   0.571613E+07   0.572372E+07  -0.595978E+00   0.562067E+07   0.562033E+07   0.350882E+03
   0.417356E-03   0.571451E+07   0.571424E+07   0.605068E+07   0.599472E+07   0.000000E+00   0.571447E+07   0.571447E+07   0.572174E+07  -0.595760E+00   0.561906E+07   0.561864E+07   0.380534E+03
   0.461294E-03   0.571251E+07   0.571218E+07   0.574606E+07   0.568026E+07   0.000000E+00   0.571245E+07   0.571245E+07   0.571935E+07  -0.595497E+00   0.561710E+07   0.561660E+07   0.410986E+03
   0.509857E-03   0.571008E+07   0.570968E+07   0.539436E+07   0.531762E+07   0.000000E+00   0.571001E+07   0.571001E+07   0.571648E+07  -0.595181E+00   0.561472E+07   0.561413E+07   0.441650E+03
   0.563534E-03   0.570714E+07   0.570667E+07   0.499355E+07   0.490499E+07   0.000000E+00   0.570706E+07   0.570706E+07   0.571304E+07  -0.594802E+00   0.561184E+07   0.561114E+07   0.471722E+03
   0.622861E-03   0.570359E+07   0.570304E+07   0.454414E+07   0.444321E+07   0.000000E+00   0.570350E+07   0.570350E+07   0.570893E+07  -0.594350E+00   0.560837E+07   0.560755E+07   0.500150E+03
   0.688433E-03   0.569933E+07   0.569868E+07   0.405038E+07   0.393709E+07   0.000000E+00   0.569922E+07   0.569922E+07   0.570405E+07  -0.593813E+00   0.560418E+07   0.560323E+07   0.525615E+03
   0.760910E-03   0.569422E+07   0.569347E+07   0.352156E+07   0.339675E+07   0.000000E+00   0.569410E+07   0.569410E+07   0.569828E+07  -0.593177E+00   0.559915E+07   0.559806E+07   0.546541E+03
   0.841016E-03   0.568812E+07   0.568724E+07   0.297320E+07   0.283877E+07   0.000000E+00   0.568797E+07   0.568797E+07   0.569149E+07  -0.592429E+00   0.559312E+07   0.559189E+07   0.561157E+03
   0.929556E-03   0.568085E+07   0.567986E+07   0.242759E+07   0.228664E+07   0.000000E+00   0.568069E+07   0.568069E+07   0.568354E+07  -0.591555E+00   0.558594E+07   0.558456E+07   0.567622E+03
   0.102742E-02   0.567225E+07   0.567112E+07   0.191288E+07   0.176977E+07   0.000000E+00   0.567206E+07   0.567206E+07   0.567430E+07  -0.590540E+00   0.557742E+07   0.557590E+07   0.564257E+03
   0.113558E-02   0.566211E+07   0.566086E+07   0.146005E+07   0.132007E+07   0.000000E+00   0.566190E+07   0.566190E+07   0.566359E+07  -0.589368E+00   0.556734E+07   0.556571E+07   0.549866E+03
   0.125513E-02   0.565022E+07   0.564886E+07   0.109689E+07   0.965594E+06   0.000000E+00   0.564999E+07   0.564999E+07   0.565125E+07  -0.588024E+00   0.555552E+07   0.555380E+07   0.524154E+03
   0.138727E-02   0.563637E+07   0.563491E+07   0.839390E+06   0.721536E+06   0.000000E+00   0.563612E+07   0.563612E+07   0.563708E+07  -0.586491E+00   0.554173E+07   0.553996E+07   0.488126E+03
   0.153331E-02   0.562032E+07   0.561878E+07   0.682889E+06   0.581341E+06   0.000000E+00   0.562006E+07   0.562006E+07   0.562084E+07  -0.584748E+00   0.552574E+07   0.552396E+07   0.444336E+03
   0.169474E-02   0.560182E+07   0.560023E+07   0.598045E+06   0.513152E+06   0.000000E+00   0.560156E+07   0.560156E+07   0.560224E+07  -0.582770E+00   0.550734E+07   0.550558E+07   0.396741E+03
   0.187315E-02   0.558062E+07   0.557899E+07   0.538239E+06   0.468393E+06   0.000000E+00   0.558035E+07   0.558035E+07   0.558096E+07  -0.580527E+00   0.548627E+07   0.548456E+07   0.349994E+03
   0.207035E-02   0.555642E+07   0.555476E+07   0.461491E+06   0.404905E+06   0.000000E+00   0.555615E+07   0.555615E+07   0.555667E+07  -0.577982E+00   0.546228E+07   0.546061E+07   0.308207E+03
   0.228831E-02   0.552892E+07   0.552720E+07   0.357793E+06   0.314211E+06   0.000000E+00   0.552863E+07   0.552863E+07   0.552904E+07  -0.575096E+00   0.543507E+07   0.543343E+07   0.273620E+03
   0.252922E-02   0.549776E+07   0.549595E+07   0.257288E+06   0.227381E+06   0.000000E+00   0.549745E+07   0.549745E+07   0.549775E+07  -0.571831E+00   0.540430E+07   0.540267E+07   0.246011E+03
   0.279549E-02   0.546258E+07   0.546063E+07   0.197833E+06   0.179972E+06   0.000000E+00   0.546226E+07   0.546226E+07   0.546249E+07  -0.568150E+00   0.536959E+07   0.536796E+07   0.223415E+03
   0.308979E-02   0.542302E+07   0.542087E+07   0.174897E+06   0.156086E+06   0.000000E+00   0.542266E+07   0.542266E+07   0.542286E+07  -0.564016E+00   0.533056E+07   0.532892E+07   0.203656E+03
   0.341507E-02   0.537867E+07   0.537630E+07   0.146278E+06   0.126733E+06   0.000000E+00   0.537827E+07   0.537827E+07   0.537844E+07  -0.559389E+00   0.528685E+07   0.528519E+07   0.185275E+03
   0.377460E-02   0.532913E+07   0.532650E+07   0.105062E+06   0.102793E+06   0.000000E+00   0.532869E+07   0.532869E+07   0.532882E+07  -0.554222E+00   0.523805E+07   0.523639E+07   0.167423E+03
   0.417198E-02   0.527399E+07   0.527106E+07   0.872209E+05   0.832774E+05   0.000000E+00   0.527350E+07   0.527350E+07   0.527360E+07  -0.548474E+00   0.518374E+07   0.518210E+07   0.150173E+03
   0.461119E-02   0.521281E+07   0.520953E+07   0.791857E+05   0.673804E+05   0.000000E+00   0.521226E+07   0.521226E+07   0.521235E+07  -0.542099E+00   0.512349E+07   0.512187E+07   0.134883E+03
   0.509664E-02   0.514517E+07   0.514144E+07   0.578005E+05   0.544418E+05   0.000000E+00   0.514455E+07   0.514455E+07   0.514462E+07  -0.535052E+00   0.505690E+07   0.505527E+07   0.122098E+03
   0.563320E-02   0.507063E+07   0.506636E+07   0.524468E+05   0.439196E+05   0.000000E+00   0.506992E+07   0.506992E+07   0.506998E+07  -0.527286E+00   0.498351E+07   0.498188E+07   0.110533E+03
   0.622625E-02   0.498875E+07   0.498384E+07   0.392972E+05   0.353711E+05   0.000000E+00   0.498793E+07   0.498793E+07   0.498798E+07  -0.518756E+00   0.490290E+07   0.490127E+07   0.997573E+02
   0.688173E-02   0.489910E+07   0.489341E+07   0.312246E+05   0.284334E+05   0.000000E+00   0.489815E+07   0.489815E+07   0.489819E+07  -0.509416E+00   0.481463E+07   0.481300E+07   0.900991E+02
   0.760622E-02   0.480123E+07   0.479461E+07   0.235794E+05   0.228094E+05   0.000000E+00   0.480012E+07   0.480012E+07   0.480015E+07  -0.499219E+00   0.471826E+07   0.471663E+07   0.817257E+02
   0.840698E-02   0.469469E+07   0.468697E+07   0.209996E+05   0.182563E+05   0.000000E+00   0.469340E+07   0.469340E+07   0.469343E+07  -0.488118E+00   0.461335E+07   0.461172E+07   0.741195E+02
   0.929204E-02   0.457905E+07   0.457002E+07   0.157848E+05   0.145754E+05   0.000000E+00   0.457754E+07   0.457754E+07   0.457756E+07  -0.476067E+00   0.449946E+07   0.449782E+07   0.673604E+02
   0.102703E-01   0.445386E+07   0.444329E+07   0.118212E+05   0.116042E+05   0.000000E+00   0.445210E+07   0.445210E+07   0.445211E+07  -0.463020E+00   0.437615E+07   0.437450E+07   0.614118E+02
   0.113515E-01   0.431869E+07   0.430632E+07   0.979205E+04   0.920987E+04   0.000000E+00   0.431663E+07   0.431663E+07   0.431664E+07  -0.448930E+00   0.424300E+07   0.424133E+07   0.561024E+02
   0.125466E-01   0.417314E+07   0.415867E+07   0.729519E+04   0.728415E+04   0.000000E+00   0.417073E+07   0.417073E+07   0.417074E+07  -0.433756E+00   0.409959E+07   0.409791E+07   0.514307E+02
   0.138674E-01   0.401685E+07   0.399997E+07   0.585962E+04   0.573860E+04   0.000000E+00   0.401404E+07   0.401404E+07   0.401405E+07  -0.417460E+00   0.394559E+07   0.394387E+07   0.472825E+02
   0.153273E-01   0.384957E+07   0.382995E+07   0.475348E+04   0.450114E+04   0.000000E+00   0.384630E+07   0.384630E+07   0.384630E+07  -0.400014E+00   0.378072E+07   0.377897E+07   0.435972E+02
   0.169409E-01   0.367119E+07   0.364853E+07   0.406896E+04   0.351313E+04   0.000000E+00   0.366741E+07   0.366741E+07   0.366742E+07  -0.381410E+00   0.360490E+07   0.360311E+07   0.402958E+02
   0.187244E-01   0.348190E+07   0.345591E+07   0.303689E+04   0.272686E+04   0.000000E+00   0.347757E+07   0.347757E+07   0.347757E+07  -0.361666E+00   0.341831E+07   0.341648E+07   0.372966E+02
   0.206957E-01   0.328228E+07   0.325277E+07   0.236763E+04   0.210360E+04   0.000000E+00   0.327736E+07   0.327736E+07   0.327736E+07  -0.340844E+00   0.322153E+07   0.321966E+07   0.345130E+02
   0.228745E-01   0.307349E+07   0.304039E+07   0.161290E+04   0.161192E+04   0.000000E+00   0.306797E+07   0.306797E+07   0.306798E+07  -0.319068E+00   0.301574E+07   0.301383E+07   0.318602E+02
   0.252826E-01   0.285750E+07   0.282096E+07   0.130324E+04   0.122631E+04   0.000000E+00   0.285141E+07   0.285141E+07   0.285141E+07  -0.296545E+00   0.280289E+07   0.280096E+07   0.292433E+02
   0.279443E-01   0.263727E+07   0.259771E+07   0.106329E+04   0.926099E+03   0.000000E+00   0.263067E+07   0.263067E+07   0.263067E+07  -0.273589E+00   0.258594E+07   0.258399E+07   0.265804E+02
   0.308862E-01   0.241688E+07   0.237509E+07   0.790506E+03   0.694451E+03   0.000000E+00   0.240992E+07   0.240992E+07   0.240992E+07  -0.250630E+00   0.236896E+07   0.236703E+07   0.238055E+02
   0.341378E-01   0.220156E+07   0.215875E+07   0.516990E+03   0.517620E+03   0.000000E+00   0.219443E+07   0.219443E+07   0.219443E+07  -0.228219E+00   0.215715E+07   0.215528E+07   0.208729E+02
   0.377317E-01   0.199732E+07   0.195510E+07   0.397840E+03   0.384290E+03   0.000000E+00   0.199029E+07   0.199029E+07   0.199029E+07  -0.206989E+00   0.195649E+07   0.195473E+07   0.177808E+02
   0.417040E-01   0.181021E+07   0.177051E+07   0.305541E+03   0.285063E+03   0.000000E+00   0.180360E+07   0.180360E+07   0.180360E+07  -0.187573E+00   0.177296E+07   0.177137E+07   0.145865E+02
   0.458744E-01   0.165175E+07   0.161626E+07   0.229698E+03   0.214985E+03   0.000000E+00   0.164584E+07   0.164584E+07   0.164584E+07  -0.171166E+00   0.161787E+07   0.161648E+07   0.115651E+02
   0.500448E-01   0.152706E+07   0.149670E+07   0.178492E+03   0.167059E+03   0.000000E+00   0.152200E+07   0.152200E+07   0.152200E+07  -0.158287E+00   0.149612E+07   0.149495E+07   0.896983E+01
   0.542152E-01   0.142656E+07   0.140152E+07   0.142139E+03   0.133034E+03   0.000000E+00   0.142239E+07   0.142239E+07   0.142239E+07  -0.147927E+00   0.139818E+07   0.139721E+07   0.685436E+01
   0.583856E-01   0.134275E+07   0.132255E+07   0.115411E+03   0.108018E+03   0.000000E+00   0.133938E+07   0.133938E+07   0.133938E+07  -0.139295E+00   0.131657E+07   0.131577E+07   0.523536E+01
   0.625560E-01   0.126922E+07   0.125290E+07   0.950674E+02   0.889774E+02   0.000000E+00   0.126650E+07   0.126650E+07   0.126650E+07  -0.131715E+00   0.124492E+07   0.124425E+07   0.408698E+01
   0.667264E-01   0.120058E+07   0.118690E+07   0.790571E+02   0.739926E+02   0.000000E+00   0.119830E+07   0.119830E+07   0.119830E+07  -0.124622E+00   0.117787E+07   0.117728E+07   0.334741E+01
   0.708968E-01   0.113340E+07   0.112110E+07   0.661174E+02   0.618819E+02   0.000000E+00   0.113135E+07   0.113135E+07   0.113135E+07  -0.117660E+00   0.111206E+07   0.111152E+07   0.293172E+01
   0.750672E-01   0.106625E+07   0.105422E+07   0.554765E+02   0.519227E+02   0.000000E+00   0.106425E+07   0.106425E+07   0.106425E+07  -0.110681E+00   0.104610E+07   0.104556E+07   0.274432E+01
   0.792376E-01   0.999416E+06   0.986833E+06   0.466585E+02   0.436696E+02   0.000000E+00   0.997319E+06   0.997319E+06   0.997319E+06  -0.103721E+00   0.980327E+06   0.979769E+06   0.269139E+01
   0.834080E-01   0.934258E+06   0.920697E+06   0.393502E+02   0.368295E+02   0.000000E+00   0.931998E+06   0.931998E+06   0.931998E+06  -0.969272E-01   0.916130E+06   0.915542E+06   0.269107E+01
   0.875784E-01   0.872460E+06   0.857872E+06   0.333176E+02   0.311835E+02   0.000000E+00   0.870028E+06   0.870028E+06   0.870028E+06  -0.904824E-01   0.855226E+06   0.854612E+06   0.268067E+01
   0.927733E-01   0.802619E+06   0.787161E+06   0.273016E+02   0.255529E+02   0.000000E+00   0.800043E+06   0.800043E+06   0.800043E+06  -0.832040E-01   0.786442E+06   0.785812E+06   0.259539E+01
   0.979682E-01   0.743085E+06   0.727559E+06   0.226604E+02   0.212090E+02   0.000000E+00   0.740497E+06   0.740497E+06   0.740497E+06  -0.770112E-01   0.727914E+06   0.727298E+06   0.240556E+01
   0.103163E+00   0.695077E+06   0.680382E+06   0.191146E+02   0.178903E+02   0.000000E+00   0.692628E+06   0.692628E+06   0.692628E+06  -0.720328E-01   0.680858E+06   0.680284E+06   0.212593E+01
   0.108358E+00   0.657667E+06   0.644529E+06   0.163968E+02   0.153466E+02   0.000000E+00   0.655478E+06   0.655478E+06   0.655478E+06  -0.681692E-01   0.644333E+06   0.643824E+06   0.179763E+01
   0.113553E+00   0.628096E+06   0.616892E+06   0.142651E+02   0.133513E+02   0.000000E+00   0.626228E+06   0.626228E+06   0.626229E+06  -0.651274E-01   0.615573E+06   0.615136E+06   0.147037E+01
   0.118748E+00   0.603017E+06   0.593723E+06   0.125289E+02   0.117263E+02   0.000000E+00   0.601468E+06   0.601468E+06   0.601468E+06  -0.625523E-01   0.591226E+06   0.590857E+06   0.118761E+01
   0.123943E+00   0.579509E+06   0.571755E+06   0.110563E+02   0.103481E+02   0.000000E+00   0.578217E+06   0.578217E+06   0.578217E+06  -0.601341E-01   0.568364E+06   0.568047E+06   0.976865E+00
   0.129137E+00   0.555474E+06   0.548684E+06   0.976430E+01   0.913880E+01   0.000000E+00   0.554343E+06   0.554343E+06   0.554343E+06  -0.576513E-01   0.544894E+06   0.544608E+06   0.845870E+00
   0.134332E+00   0.529863E+06   0.523422E+06   0.860772E+01   0.805631E+01   0.000000E+00   0.528790E+06   0.528790E+06   0.528790E+06  -0.549938E-01   0.519777E+06   0.519501E+06   0.784630E+00
   0.139527E+00   0.502769E+06   0.496176E+06   0.756937E+01   0.708449E+01   0.000000E+00   0.501670E+06   0.501670E+06   0.501670E+06  -0.521733E-01   0.493123E+06   0.492841E+06   0.771395E+00
   0.144722E+00   0.475166E+06   0.468135E+06   0.664741E+01   0.622159E+01   0.000000E+00   0.473994E+06   0.473994E+06   0.473994E+06  -0.492950E-01   0.465923E+06   0.465628E+06   0.780095E+00
   0.149917E+00   0.448430E+06   0.440920E+06   0.584409E+01   0.546975E+01   0.000000E+00   0.447178E+06   0.447178E+06   0.447178E+06  -0.465063E-01   0.439569E+06   0.439260E+06   0.787147E+00
   0.155112E+00   0.423940E+06   0.416119E+06   0.515948E+01   0.482900E+01   0.000000E+00   0.422636E+06   0.422636E+06   0.422636E+06  -0.439539E-01   0.415449E+06   0.415133E+06   0.776253E+00
   0.160307E+00   0.402741E+06   0.394908E+06   0.458814E+01   0.429426E+01   0.000000E+00   0.401436E+06   0.401436E+06   0.401436E+06  -0.417490E-01   0.394610E+06   0.394300E+06   0.740515E+00
   0.165502E+00   0.385223E+06   0.377707E+06   0.411735E+01   0.385363E+01   0.000000E+00   0.383970E+06   0.383970E+06   0.383970E+06  -0.399327E-01   0.377442E+06   0.377146E+06   0.681857E+00
   0.170696E+00   0.371015E+06   0.364083E+06   0.372836E+01   0.348955E+01   0.000000E+00   0.369859E+06   0.369859E+06   0.369859E+06  -0.384651E-01   0.363569E+06   0.363297E+06   0.608491E+00
   0.175891E+00   0.359231E+06   0.353029E+06   0.340073E+01   0.318290E+01   0.000000E+00   0.358197E+06   0.358197E+06   0.358197E+06  -0.372523E-01   0.352102E+06   0.351857E+06   0.531489E+00
   0.181086E+00   0.348821E+06   0.343350E+06   0.311633E+01   0.291671E+01   0.000000E+00   0.347909E+06   0.347909E+06   0.347909E+06  -0.361823E-01   0.341986E+06   0.341767E+06   0.461441E+00
   0.186281E+00   0.338793E+06   0.333929E+06   0.286096E+01   0.267769E+01   0.000000E+00   0.337982E+06   0.337982E+06   0.337982E+06  -0.351499E-01   0.332225E+06   0.332027E+06   0.405911E+00
   0.191476E+00   0.328372E+06   0.323913E+06   0.262490E+01   0.245676E+01   0.000000E+00   0.327629E+06   0.327629E+06   0.327629E+06  -0.340732E-01   0.322047E+06   0.321863E+06   0.368155E+00
   0.196671E+00   0.317176E+06   0.312898E+06   0.240327E+01   0.224932E+01   0.000000E+00   0.316463E+06   0.316463E+06   0.316463E+06  -0.329120E-01   0.311072E+06   0.310893E+06   0.347143E+00
   0.201866E+00   0.305276E+06   0.300991E+06   0.219536E+01   0.205473E+01   0.000000E+00   0.304562E+06   0.304562E+06   0.304562E+06  -0.316742E-01   0.299374E+06   0.299195E+06   0.338612E+00
   0.207060E+00   0.293070E+06   0.288664E+06   0.200279E+01   0.187450E+01   0.000000E+00   0.292336E+06   0.292336E+06   0.292336E+06  -0.304027E-01   0.287358E+06   0.287176E+06   0.336660E+00
   0.212255E+00   0.281092E+06   0.276535E+06   0.182767E+01   0.171060E+01   0.000000E+00   0.280332E+06   0.280332E+06   0.280332E+06  -0.291544E-01   0.275561E+06   0.275375E+06   0.335424E+00
   0.217450E+00   0.269865E+06   0.265207E+06   0.167152E+01   0.156445E+01   0.000000E+00   0.269089E+06   0.269089E+06   0.269089E+06  -0.279850E-01   0.264510E+06   0.264322E+06   0.330426E+00
   0.222645E+00   0.259792E+06   0.255137E+06   0.153474E+01   0.143643E+01   0.000000E+00   0.259016E+06   0.259016E+06   0.259016E+06  -0.269375E-01   0.254610E+06   0.254424E+06   0.319322E+00
   0.227840E+00   0.251053E+06   0.246519E+06   0.141621E+01   0.132550E+01   0.000000E+00   0.250297E+06   0.250297E+06   0.250297E+06  -0.260308E-01   0.246039E+06   0.245859E+06   0.301992E+00
   0.233035E+00   0.243570E+06   0.239262E+06   0.131352E+01   0.122938E+01   0.000000E+00   0.242852E+06   0.242852E+06   0.242852E+06  -0.252565E-01   0.238721E+06   0.238550E+06   0.280107E+00
   0.238230E+00   0.237084E+06   0.233066E+06   0.122355E+01   0.114518E+01   0.000000E+00   0.236415E+06   0.236415E+06   0.236415E+06  -0.245870E-01   0.232391E+06   0.232231E+06   0.256366E+00
   0.243425E+00   0.231239E+06   0.227524E+06   0.114318E+01   0.106995E+01   0.000000E+00   0.230620E+06   0.230620E+06   0.230620E+06  -0.239843E-01   0.226694E+06   0.226545E+06   0.233633E+00
   0.248619E+00   0.225650E+06   0.222205E+06   0.106957E+01   0.100106E+01   0.000000E+00   0.225076E+06   0.225076E+06   0.225076E+06  -0.234078E-01   0.221244E+06   0.221104E+06   0.214199E+00
   0.253814E+00   0.219989E+06   0.216746E+06   0.100058E+01   0.936488E+00   0.000000E+00   0.219449E+06   0.219449E+06   0.219449E+06  -0.228225E-01   0.215711E+06   0.215579E+06   0.199329E+00
   0.259009E+00   0.214076E+06   0.210954E+06   0.935048E+00   0.875151E+00   0.000000E+00   0.213556E+06   0.213556E+06   0.213556E+06  -0.222097E-01   0.209919E+06   0.209791E+06   0.189160E+00
   0.264204E+00   0.207917E+06   0.204842E+06   0.872749E+00   0.816843E+00   0.000000E+00   0.207404E+06   0.207404E+06   0.207404E+06  -0.215699E-01   0.203872E+06   0.203746E+06   0.182868E+00
   0.269399E+00   0.201641E+06   0.198563E+06   0.814009E+00   0.761866E+00   0.000000E+00   0.201128E+06   0.201128E+06   0.201128E+06  -0.209172E-01   0.197704E+06   0.197577E+06   0.179024E+00
   0.274594E+00   0.195425E+06   0.192322E+06   0.759264E+00   0.710629E+00   0.000000E+00   0.194908E+06   0.194908E+06   0.194908E+06  -0.202703E-01   0.191590E+06   0.191464E+06   0.176026E+00
   0.279789E+00   0.189449E+06   0.186329E+06   0.708893E+00   0.663484E+00   0.000000E+00   0.188929E+06   0.188929E+06   0.188929E+06  -0.196485E-01   0.185714E+06   0.185588E+06   0.172498E+00
   0.284984E+00   0.183881E+06   0.180775E+06   0.663149E+00   0.620671E+00   0.000000E+00   0.183363E+06   0.183363E+06   0.183363E+06  -0.190696E-01   0.180243E+06   0.180118E+06   0.167570E+00
   0.290178E+00   0.178830E+06   0.175779E+06   0.622030E+00   0.582186E+00   0.000000E+00   0.178321E+06   0.178321E+06   0.178321E+06  -0.185453E-01   0.175287E+06   0.175165E+06   0.160975E+00
   0.295373E+00   0.174306E+06   0.171349E+06   0.585166E+00   0.547683E+00   0.000000E+00   0.173813E+06   0.173813E+06   0.173813E+06  -0.180764E-01   0.170855E+06   0.170737E+06   0.152981E+00
   0.300568E+00   0.170223E+06   0.167390E+06   0.551908E+00   0.516555E+00   0.000000E+00   0.169751E+06   0.169751E+06   0.169751E+06  -0.176540E-01   0.166862E+06   0.166748E+06   0.144224E+00
   0.305763E+00   0.166451E+06   0.163752E+06   0.521536E+00   0.488128E+00   0.000000E+00   0.166001E+06   0.166001E+06   0.166001E+06  -0.172640E-01   0.163175E+06   0.163067E+06   0.135486E+00
   0.310958E+00   0.162857E+06   0.160287E+06   0.493408E+00   0.461802E+00   0.000000E+00   0.162429E+06   0.162429E+06   0.162429E+06  -0.168925E-01   0.159664E+06   0.159560E+06   0.127485E+00
   0.316153E+00   0.159328E+06   0.156865E+06   0.467010E+00   0.437095E+00   0.000000E+00   0.158918E+06   0.158918E+06   0.158918E+06  -0.165273E-01   0.156212E+06   0.156112E+06   0.120706E+00
   0.321348E+00   0.155776E+06   0.153392E+06   0.441967E+00   0.413656E+00   0.000000E+00   0.155379E+06   0.155379E+06   0.155379E+06  -0.161593E-01   0.152733E+06   0.152636E+06   0.115327E+00
   0.326543E+00   0.152163E+06   0.149831E+06   0.418086E+00   0.391305E+00   0.000000E+00   0.151774E+06   0.151774E+06   0.151774E+06  -0.157844E-01   0.149190E+06   0.149095E+06   0.111231E+00
   0.331737E+00   0.148511E+06   0.146207E+06   0.395359E+00   0.370034E+00   0.000000E+00   0.148127E+06   0.148127E+06   0.148127E+06  -0.154051E-01   0.145605E+06   0.145511E+06   0.108086E+00
   0.336932E+00   0.144885E+06   0.142597E+06   0.373885E+00   0.349936E+00   0.000000E+00   0.144503E+06   0.144503E+06   0.144503E+06  -0.150283E-01   0.142043E+06   0.141950E+06   0.105456E+00
   0.342127E+00   0.141358E+06   0.139084E+06   0.353771E+00   0.331110E+00   0.000000E+00   0.140979E+06   0.140979E+06   0.140979E+06  -0.146617E-01   0.138579E+06   0.138487E+06   0.102916E+00
   0.347322E+00   0.137989E+06   0.135735E+06   0.335073E+00   0.313610E+00   0.000000E+00   0.137614E+06   0.137614E+06   0.137614E+06  -0.143117E-01   0.135271E+06   0.135180E+06   0.100145E+00
   0.352517E+00   0.134819E+06   0.132598E+06   0.317789E+00   0.297433E+00   0.000000E+00   0.134449E+06   0.134449E+06   0.134449E+06  -0.139826E-01   0.132160E+06   0.132071E+06   0.969773E-01
   0.357712E+00   0.131864E+06   0.129691E+06   0.301862E+00   0.282526E+00   0.000000E+00   0.131502E+06   0.131502E+06   0.131502E+06  -0.136761E-01   0.129264E+06   0.129176E+06   0.934140E-01
   0.362907E+00   0.129116E+06   0.127001E+06   0.287174E+00   0.268779E+00   0.000000E+00   0.128763E+06   0.128763E+06   0.128763E+06  -0.133913E-01   0.126572E+06   0.126486E+06   0.895865E-01
   0.368102E+00   0.126536E+06   0.124486E+06   0.273556E+00   0.256034E+00   0.000000E+00   0.126194E+06   0.126194E+06   0.126194E+06  -0.131241E-01   0.124046E+06   0.123963E+06   0.856987E-01
   0.373296E+00   0.124073E+06   0.122088E+06   0.260828E+00   0.244120E+00   0.000000E+00   0.123742E+06   0.123742E+06   0.123742E+06  -0.128691E-01   0.121635E+06   0.121555E+06   0.819657E-01
   0.378491E+00   0.121679E+06   0.119755E+06   0.248831E+00   0.232892E+00   0.000000E+00   0.121359E+06   0.121359E+06   0.121359E+06  -0.126212E-01   0.119293E+06   0.119215E+06   0.785616E-01
   0.383686E+00   0.119321E+06   0.117448E+06   0.237451E+00   0.222241E+00   0.000000E+00   0.119009E+06   0.119009E+06   0.119009E+06  -0.123769E-01   0.116983E+06   0.116907E+06   0.755845E-01
   0.388881E+00   0.116978E+06   0.115146E+06   0.226611E+00   0.212095E+00   0.000000E+00   0.116672E+06   0.116672E+06   0.116672E+06  -0.121338E-01   0.114686E+06   0.114612E+06   0.730448E-01
   0.394076E+00   0.114643E+06   0.112842E+06   0.216269E+00   0.202416E+00   0.000000E+00   0.114343E+06   0.114343E+06   0.114343E+06  -0.118916E-01   0.112396E+06   0.112323E+06   0.708770E-01
   0.399271E+00   0.112329E+06   0.110552E+06   0.206421E+00   0.193199E+00   0.000000E+00   0.112032E+06   0.112032E+06   0.112032E+06  -0.116513E-01   0.110125E+06   0.110053E+06   0.689681E-01
   0.404466E+00   0.110060E+06   0.108304E+06   0.197085E+00   0.184461E+00   0.000000E+00   0.109767E+06   0.109767E+06   0.109767E+06  -0.114157E-01   0.107899E+06   0.107827E+06   0.671911E-01
   0.409661E+00   0.107861E+06   0.106127E+06   0.188276E+00   0.176216E+00   0.000000E+00   0.107572E+06   0.107572E+06   0.107572E+06  -0.111874E-01   0.105741E+06   0.105671E+06   0.654344E-01
   0.414855E+00   0.105749E+06   0.104039E+06   0.179992E+00   0.168462E+00   0.000000E+00   0.105464E+06   0.105464E+06   0.105464E+06  -0.109682E-01   0.103668E+06   0.103599E+06   0.636219E-01
   0.420050E+00   0.103730E+06   0.102049E+06   0.172215E+00   0.161184E+00   0.000000E+00   0.103450E+06   0.103450E+06   0.103450E+06  -0.107587E-01   0.101689E+06   0.101621E+06   0.617241E-01
   0.425245E+00   0.101808E+06   0.100160E+06   0.164920E+00   0.154356E+00   0.000000E+00   0.101533E+06   0.101533E+06   0.101533E+06  -0.105594E-01   0.998050E+05   0.997385E+05   0.597563E-01
   0.430440E+00   0.999760E+05   0.983634E+05   0.158068E+00   0.147943E+00   0.000000E+00   0.997072E+05   0.997072E+05   0.997072E+05  -0.103695E-01   0.980099E+05   0.979449E+05   0.577653E-01
   0.435635E+00   0.982180E+05   0.966423E+05   0.151610E+00   0.141898E+00   0.000000E+00   0.979554E+05   0.979554E+05   0.979554E+05  -0.101873E-01   0.962879E+05   0.962243E+05   0.558111E-01
   0.440830E+00   0.965144E+05   0.949745E+05   0.145492E+00   0.136172E+00   0.000000E+00   0.962577E+05   0.962577E+05   0.962577E+05  -0.100107E-01   0.946191E+05   0.945568E+05   0.539503E-01
   0.446025E+00   0.948493E+05   0.933427E+05   0.139672E+00   0.130726E+00   0.000000E+00   0.945982E+05   0.945982E+05   0.945982E+05  -0.983815E-02   0.929878E+05   0.929268E+05   0.522240E-01
   0.451219E+00   0.932140E+05   0.917369E+05   0.134123E+00   0.125531E+00   0.000000E+00   0.929678E+05   0.929678E+05   0.929678E+05  -0.966860E-02   0.913852E+05   0.913253E+05   0.506504E-01
   0.456414E+00   0.916036E+05   0.901522E+05   0.128822E+00   0.120570E+00   0.000000E+00   0.913617E+05   0.913617E+05   0.913617E+05  -0.950156E-02   0.898064E+05   0.897476E+05   0.492235E-01
   0.461609E+00   0.900163E+05   0.885873E+05   0.123756E+00   0.115829E+00   0.000000E+00   0.897782E+05   0.897782E+05   0.897782E+05  -0.933687E-02   0.882498E+05   0.881919E+05   0.479177E-01
   0.466804E+00   0.884559E+05   0.870471E+05   0.118918E+00   0.111301E+00   0.000000E+00   0.882211E+05   0.882211E+05   0.882211E+05  -0.917494E-02   0.867193E+05   0.866622E+05   0.466970E-01
   0.471999E+00   0.869308E+05   0.855413E+05   0.114308E+00   0.106986E+00   0.000000E+00   0.866992E+05   0.866992E+05   0.866992E+05  -0.901666E-02   0.852233E+05   0.851670E+05   0.455249E-01
   0.477194E+00   0.854497E+05   0.840796E+05   0.109927E+00   0.102885E+00   0.000000E+00   0.852213E+05   0.852213E+05   0.852213E+05  -0.886296E-02   0.837706E+05   0.837152E+05   0.443721E-01
   0.482389E+00   0.840170E+05   0.826673E+05   0.105768E+00   0.989926E-01   0.000000E+00   0.837920E+05   0.837920E+05   0.837920E+05  -0.871432E-02   0.823657E+05   0.823111E+05   0.432202E-01
   0.487584E+00   0.826326E+05   0.813045E+05   0.101820E+00   0.952977E-01   0.000000E+00   0.824113E+05   0.824113E+05   0.824113E+05  -0.857072E-02   0.810084E+05   0.809547E+05   0.420641E-01
   0.492778E+00   0.812948E+05   0.799892E+05   0.980708E-01   0.917888E-01   0.000000E+00   0.810772E+05   0.810772E+05   0.810772E+05  -0.843197E-02   0.796970E+05   0.796443E+05   0.409101E-01
   0.497973E+00   0.800009E+05   0.787185E+05   0.945073E-01   0.884535E-01   0.000000E+00   0.797871E+05   0.797871E+05   0.797871E+05  -0.829781E-02   0.784289E+05   0.783771E+05   0.397727E-01
   0.503168E+00   0.787462E+05   0.774868E+05   0.911147E-01   0.852783E-01   0.000000E+00   0.785363E+05   0.785363E+05   0.785363E+05  -0.816772E-02   0.771993E+05   0.771484E+05   0.386688E-01
   0.508363E+00   0.775236E+05   0.762865E+05   0.878768E-01   0.822478E-01   0.000000E+00   0.773174E+05   0.773174E+05   0.773174E+05  -0.804096E-02   0.760012E+05   0.759511E+05   0.376128E-01
   0.513558E+00   0.763265E+05   0.751105E+05   0.847787E-01   0.793481E-01   0.000000E+00   0.761238E+05   0.761238E+05   0.761238E+05  -0.791683E-02   0.748279E+05   0.747787E+05   0.366136E-01
   0.518753E+00   0.751517E+05   0.739552E+05   0.818105E-01   0.765700E-01   0.000000E+00   0.749523E+05   0.749523E+05   0.749523E+05  -0.779499E-02   0.736763E+05   0.736279E+05   0.356738E-01
   0.523948E+00   0.739989E+05   0.728206E+05   0.789660E-01   0.739078E-01   0.000000E+00   0.738025E+05   0.738025E+05   0.738025E+05  -0.767541E-02   0.725461E+05   0.724984E+05   0.347897E-01
   0.529143E+00   0.728685E+05   0.717071E+05   0.762402E-01   0.713566E-01   0.000000E+00   0.726749E+05   0.726749E+05   0.726749E+05  -0.755815E-02   0.714378E+05   0.713907E+05   0.339526E-01
   0.534337E+00   0.717607E+05   0.706155E+05   0.736281E-01   0.689118E-01   0.000000E+00   0.715699E+05   0.715699E+05   0.715699E+05  -0.744322E-02   0.703515E+05   0.703051E+05   0.331513E-01
   0.539532E+00   0.706770E+05   0.695475E+05   0.711262E-01   0.665701E-01   0.000000E+00   0.704887E+05   0.704887E+05   0.704887E+05  -0.733078E-02   0.692888E+05   0.692431E+05   0.323750E-01
   0.544727E+00   0.696200E+05   0.685061E+05   0.687323E-01   0.643296E-01   0.000000E+00   0.694344E+05   0.694344E+05   0.694344E+05  -0.722113E-02   0.682524E+05   0.682073E+05   0.316158E-01
   0.549922E+00   0.685917E+05   0.674936E+05   0.664437E-01   0.621876E-01   0.000000E+00   0.684087E+05   0.684087E+05   0.684087E+05  -0.711446E-02   0.672442E+05   0.671997E+05   0.308691E-01
   0.555117E+00   0.675914E+05   0.665092E+05   0.642550E-01   0.601391E-01   0.000000E+00   0.674111E+05   0.674111E+05   0.674111E+05  -0.701071E-02   0.662635E+05   0.662197E+05   0.301337E-01
   0.560312E+00   0.666170E+05   0.655509E+05   0.621599E-01   0.581782E-01   0.000000E+00   0.664393E+05   0.664393E+05   0.664393E+05  -0.690965E-02   0.653083E+05   0.652652E+05   0.294115E-01
   0.565507E+00   0.656669E+05   0.646168E+05   0.601529E-01   0.562998E-01   0.000000E+00   0.654919E+05   0.654919E+05   0.654919E+05  -0.681111E-02   0.643770E+05   0.643345E+05   0.287062E-01
   0.615622E+00   0.574760E+05   0.565573E+05   0.444267E-01   0.415809E-01   0.000000E+00   0.573228E+05   0.573228E+05   0.573228E+05  -0.596154E-02   0.563470E+05   0.563098E+05   0.230826E-01
   0.751923E+00   0.418339E+05   0.411661E+05   0.216756E-01   0.202871E-01   0.000000E+00   0.417226E+05   0.417226E+05   0.417226E+05  -0.433913E-02   0.410124E+05   0.409853E+05   0.137579E-01
   0.918401E+00   0.302971E+05   0.298136E+05   0.105226E-01   0.984860E-02   0.000000E+00   0.302165E+05   0.302165E+05   0.302165E+05  -0.314250E-02   0.297022E+05   0.296825E+05   0.817055E-02
   0.112174E+01   0.218439E+05   0.214954E+05   0.508553E-02   0.475977E-02   0.000000E+00   0.217858E+05   0.217858E+05   0.217858E+05  -0.226571E-02   0.214150E+05   0.214008E+05   0.483634E-02
   0.137009E+01   0.156851E+05   0.154349E+05   0.244780E-02   0.229100E-02   0.000000E+00   0.156434E+05   0.156434E+05   0.156434E+05  -0.162690E-02   0.153771E+05   0.153669E+05   0.285557E-02
   0.167343E+01   0.112210E+05   0.110420E+05   0.117382E-02   0.109863E-02   0.000000E+00   0.111912E+05   0.111912E+05   0.111912E+05  -0.116388E-02   0.110007E+05   0.109933E+05   0.168363E-02
   0.204394E+01   0.800017E+04   0.787253E+04   0.560985E-03   0.525051E-03   0.000000E+00   0.797890E+04   0.797890E+04   0.797890E+04  -0.829800E-03   0.784307E+04   0.783776E+04   0.992586E-03
   0.249647E+01   0.568611E+04   0.559537E+04   0.267269E-03   0.250149E-03   0.000000E+00   0.567099E+04   0.567099E+04   0.567099E+04  -0.589779E-03   0.557445E+04   0.557062E+04   0.586185E-03
   0.304920E+01   0.402987E+04   0.396554E+04   0.126971E-03   0.118838E-03   0.000000E+00   0.401915E+04   0.401915E+04   0.401915E+04  -0.417989E-03   0.395074E+04   0.394797E+04   0.347607E-03
   0.372430E+01   0.284858E+04   0.280307E+04   0.601619E-04   0.563084E-04   0.000000E+00   0.284099E+04   0.284099E+04   0.284099E+04  -0.295461E-03   0.279264E+04   0.279061E+04   0.207641E-03
   0.454887E+01   0.200870E+04   0.197657E+04   0.284372E-04   0.266158E-04   0.000000E+00   0.200334E+04   0.200334E+04   0.200334E+04  -0.208346E-03   0.196925E+04   0.196775E+04   0.125459E-03
   0.555600E+01   0.141329E+04   0.139065E+04   0.134116E-04   0.125526E-04   0.000000E+00   0.140952E+04   0.140952E+04   0.140952E+04  -0.146589E-03   0.138553E+04   0.138441E+04   0.770714E-04
   0.678612E+01   0.992316E+03   0.976384E+03   0.631210E-05   0.590784E-05   0.000000E+00   0.989661E+03   0.989661E+03   0.989661E+03  -0.102924E-03   0.972823E+03   0.971963E+03   0.484244E-04
   0.828858E+01   0.695405E+03   0.684199E+03   0.296505E-05   0.277517E-05   0.000000E+00   0.693537E+03   0.693537E+03   0.693537E+03  -0.721274E-04   0.681742E+03   0.681063E+03   0.313109E-04
   0.101237E+02   0.486466E+03   0.478584E+03   0.139031E-05   0.130129E-05   0.000000E+00   0.485152E+03   0.485152E+03   0.485152E+03  -0.504555E-04   0.476904E+03   0.476350E+03   0.209467E-04
   0.123651E+02   0.339739E+03   0.334190E+03   0.650819E-06   0.609156E-06   0.000000E+00   0.338814E+03   0.338814E+03   0.338814E+03  -0.352364E-04   0.333058E+03   0.332587E+03   0.145478E-04
   0.151028E+02   0.236900E+03   0.232983E+03   0.304175E-06   0.284708E-06   0.000000E+00   0.236247E+03   0.236247E+03   0.236247E+03  -0.245695E-04   0.232238E+03   0.231823E+03   0.104944E-04
   0.184466E+02   0.164949E+03   0.162174E+03   0.141949E-06   0.132868E-06   0.000000E+00   0.164487E+03   0.164487E+03   0.164487E+03  -0.171065E-04   0.161699E+03   0.161321E+03   0.784362E-05
   0.225307E+02   0.114694E+03   0.112713E+03   0.661478E-07   0.619192E-07   0.000000E+00   0.114364E+03   0.114364E+03   0.114364E+03  -0.118937E-04   0.112430E+03   0.112074E+03   0.604501E-05
   0.275191E+02   0.796455E+02   0.782181E+02   0.307815E-07   0.288157E-07   0.000000E+00   0.794076E+02   0.794076E+02   0.794076E+02  -0.825834E-05   0.780697E+02   0.777258E+02   0.477566E-05
   0.336118E+02   0.552383E+02   0.541942E+02   0.143040E-07   0.133918E-07   0.000000E+00   0.550643E+02   0.550643E+02   0.550643E+02  -0.572665E-05   0.541412E+02   0.538031E+02   0.384451E-05
   0.410536E+02   0.382640E+02   0.374850E+02   0.663744E-08   0.621511E-08   0.000000E+00   0.381342E+02   0.381342E+02   0.381342E+02  -0.396593E-05   0.374998E+02   0.371628E+02   0.313702E-05
   0.501430E+02   0.264739E+02   0.258775E+02   0.307523E-08   0.288020E-08   0.000000E+00   0.263745E+02   0.263745E+02   0.263745E+02  -0.274293E-05   0.259408E+02   0.256018E+02   0.258320E-05
   0.612448E+02   0.182942E+02   0.178231E+02   0.142238E-08   0.133262E-08   0.000000E+00   0.182157E+02   0.182157E+02   0.182157E+02  -0.189442E-05   0.179213E+02   0.175785E+02   0.213918E-05
   0.748045E+02   0.126256E+02   0.122400E+02   0.656573E-09   0.615444E-09   0.000000E+00   0.125614E+02   0.125614E+02   0.125614E+02  -0.130637E-05   0.123637E+02   0.120159E+02   0.177652E-05
   0.913665E+02   0.870127E+01   0.837377E+01   0.302329E-09   0.283600E-09   0.000000E+00   0.864669E+01   0.864669E+01   0.864669E+01  -0.899250E-06   0.851600E+01   0.816306E+01   0.147605E-05
   0.111595E+03   0.598707E+01   0.569908E+01   0.138771E-09   0.130316E-09   0.000000E+00   0.593907E+01   0.593907E+01   0.593907E+01  -0.617659E-06   0.585480E+01   0.549725E+01   0.122425E-05
