#          k/h    CDM            baryon         photon         nu             mass_nu        total          no_nu          total_de       Weyl           v_CDM          v_b            v_b-v_c     
   0.102819E-04   0.134716E+07   0.134716E+07   0.179615E+07   0.179615E+07   0.000000E+00   0.134716E+07   0.134716E+07   0.135634E+07  -0.601036E+00   0.134470E+07   0.134470E+07   0.772520E-01
   0.113644E-04   0.134716E+07   0.134716E+07   0.179614E+07   0.179614E+07   0.000000E+00   0.134716E+07   0.134716E+07   0.135634E+07  -0.601036E+00   0.134470E+07   0.134470E+07   0.853848E-01
   0.125608E-04   0.134716E+07   0.134716E+07   0.179613E+07   0.179612E+07   0.000000E+00   0.134716E+07   0.134716E+07   0.135634E+07  -0.601036E+00   0.134470E+07   0.134470E+07   0.943738E-01
   0.138832E-04   0.134716E+07   0.134716E+07   0.179611E+07   0.179610E+07   0.000000E+00   0.134716E+07   0.134716E+07   0.135634E+07  -0.601036E+00   0.134470E+07   0.134470E+07   0.104309E+00
   0.153447E-04   0.134716E+07   0.134716E+07   0.179608E+07   0.179608E+07   0.000000E+00   0.134716E+07   0.134716E+07   0.135634E+07  -0.601036E+00   0.134470E+07   0.134470E+07   0.115290E+00
   0.169602E-04   0.134716E+07   0.134716E+07   0.179605E+07   0.179605E+07   0.000000E+00   0.134716E+07   0.134716E+07   0.135634E+07  -0.601035E+00   0.134470E+07   0.134470E+07   0.127428E+00
   0.187457E-04   0.134716E+07   0.134716E+07   0.179602E+07   0.179602E+07   0.000000E+00   0.134716E+07   0.134716E+07   0.135634E+07  -0.601035E+00   0.134470E+07   0.134470E+07   0.140843E+00
   0.207192E-04   0.134716E+07   0.134716E+07   0.179598E+07   0.179597E+07   0.000000E+00   0.134716E+07   0.134716E+07   0.135634E+07  -0.601035E+00   0.134470E+07   0.134470E+07   0.155670E+00
   0.229004E-04   0.134715E+07   0.134715E+07   0.179592E+07   0.179592E+07   0.000000E+00   0.134715E+07   0.134715E+07   0.135634E+07  -0.601034E+00   0.134470E+07   0.134470E+07   0.172058E+00
   0.253113E-04   0.134715E+07   0.134715E+07   0.179586E+07   0.179585E+07   0.000000E+00   0.134715E+07   0.134715E+07   0.135634E+07  -0.601034E+00   0.134470E+07   0.134470E+07   0.190171E+00
   0.279760E-04   0.134715E+07   0.134715E+07   0.179578E+07   0.179577E+07   0.000000E+00   0.134715E+07   0.134715E+07   0.135634E+07  -0.601033E+00   0.134470E+07   0.134470E+07   0.210191E+00
   0.309213E-04   0.134715E+07   0.134715E+07   0.179569E+07   0.179568E+07   0.000000E+00   0.134715E+07   0.134715E+07   0.135633E+07  -0.601032E+00   0.134470E+07   0.134470E+07   0.232319E+00
   0.341766E-04   0.134715E+07   0.134715E+07   0.179557E+07   0.179556E+07   0.000000E+00   0.134715E+07   0.134715E+07   0.135633E+07  -0.601031E+00   0.134470E+07   0.134470E+07   0.256776E+00
   0.377746E-04   0.134715E+07   0.134715E+07   0.179543E+07   0.179541E+07   0.000000E+00   0.134715E+07   0.134715E+07   0.135633E+07  -0.601030E+00   0.134469E+07   0.134469E+07   0.283807E+00
   0.417514E-04   0.134715E+07   0.134715E+07   0.179526E+07   0.179524E+07   0.000000E+00   0.134715E+07   0.134715E+07   0.135633E+07  -0.601028E+00   0.134469E+07   0.134469E+07   0.313683E+00
   0.461468E-04   0.134714E+07   0.134714E+07   0.179505E+07   0.179502E+07   0.000000E+00   0.134714E+07   0.134714E+07   0.135632E+07  -0.601026E+00   0.134469E+07   0.134469E+07   0.346704E+00
   0.510050E-04   0.134714E+07   0.134714E+07   0.179479E+07   0.179476E+07   0.000000E+00   0.134714E+07   0.134714E+07   0.135632E+07  -0.601024E+00   0.134468E+07   0.134468E+07   0.383200E+00
   0.563747E-04   0.134713E+07   0.134713E+07   0.179447E+07   0.179444E+07   0.000000E+00   0.134713E+07   0.134713E+07   0.135631E+07  -0.601021E+00   0.134468E+07   0.134468E+07   0.423537E+00
   0.623096E-04   0.134713E+07   0.134713E+07   0.179409E+07   0.179404E+07   0.000000E+00   0.134713E+07   0.134713E+07   0.135630E+07  -0.601017E+00   0.134467E+07   0.134467E+07   0.468119E+00
   0.688694E-04   0.134712E+07   0.134712E+07   0.179362E+07   0.179356E+07   0.000000E+00   0.134712E+07   0.134712E+07   0.135629E+07  -0.601013E+00   0.134467E+07   0.134467E+07   0.517393E+00
   0.761198E-04   0.134711E+07   0.134711E+07   0.179304E+07   0.179297E+07   0.000000E+00   0.134711E+07   0.134711E+07   0.135628E+07  -0.601007E+00   0.134466E+07   0.134466E+07   0.571850E+00
   0.841334E-04   0.134710E+07   0.134710E+07   0.179234E+07   0.179226E+07   0.000000E+00   0.134710E+07   0.134710E+07   0.135627E+07  -0.601001E+00   0.134465E+07   0.134465E+07   0.632036E+00
   0.929907E-04   0.134709E+07   0.134709E+07   0.179148E+07   0.179138E+07   0.000000E+00   0.134709E+07   0.134709E+07   0.135625E+07  -0.600993E+00   0.134464E+07   0.134464E+07   0.698553E+00
   0.102781E-03   0.134708E+07   0.134707E+07   0.179043E+07   0.179031E+07   0.000000E+00   0.134707E+07   0.134707E+07   0.135623E+07  -0.600983E+00   0.134462E+07   0.134462E+07   0.772064E+00
   0.113601E-03   0.134706E+07   0.134706E+07   0.178915E+07   0.178901E+07   0.000000E+00   0.134706E+07   0.134706E+07   0.135621E+07  -0.600971E+00   0.134460E+07   0.134460E+07   0.853305E+00
   0.125560E-03   0.134703E+07   0.134703E+07   0.178759E+07   0.178741E+07   0.000000E+00   0.134703E+07   0.134703E+07   0.135617E+07  -0.600957E+00   0.134458E+07   0.134458E+07   0.943083E+00
   0.138779E-03   0.134701E+07   0.134700E+07   0.178569E+07   0.178547E+07   0.000000E+00   0.134701E+07   0.134701E+07   0.135614E+07  -0.600939E+00   0.134456E+07   0.134455E+07   0.104229E+01
   0.153389E-03   0.134697E+07   0.134697E+07   0.178336E+07   0.178310E+07   0.000000E+00   0.134697E+07   0.134697E+07   0.135609E+07  -0.600918E+00   0.134452E+07   0.134452E+07   0.115192E+01
   0.169538E-03   0.134693E+07   0.134693E+07   0.178053E+07   0.178020E+07   0.000000E+00   0.134693E+07   0.134693E+07   0.135604E+07  -0.600891E+00   0.134448E+07   0.134448E+07   0.127306E+01
   0.187386E-03   0.134688E+07   0.134688E+07   0.177707E+07   0.177667E+07   0.000000E+00   0.134688E+07   0.134688E+07   0.135597E+07  -0.600859E+00   0.134443E+07   0.134443E+07   0.140690E+01
   0.207114E-03   0.134682E+07   0.134681E+07   0.177285E+07   0.177237E+07   0.000000E+00   0.134682E+07   0.134682E+07   0.135588E+07  -0.600820E+00   0.134437E+07   0.134437E+07   0.155477E+01
   0.228918E-03   0.134674E+07   0.134674E+07   0.176771E+07   0.176712E+07   0.000000E+00   0.134674E+07   0.134674E+07   0.135578E+07  -0.600772E+00   0.134430E+07   0.134430E+07   0.171813E+01
   0.253018E-03   0.134665E+07   0.134664E+07   0.176145E+07   0.176074E+07   0.000000E+00   0.134665E+07   0.134665E+07   0.135566E+07  -0.600713E+00   0.134421E+07   0.134421E+07   0.189856E+01
   0.279655E-03   0.134654E+07   0.134653E+07   0.175383E+07   0.175296E+07   0.000000E+00   0.134654E+07   0.134654E+07   0.135550E+07  -0.600642E+00   0.134410E+07   0.134410E+07   0.209784E+01
   0.309096E-03   0.134640E+07   0.134639E+07   0.174456E+07   0.174351E+07   0.000000E+00   0.134640E+07   0.134640E+07   0.135532E+07  -0.600555E+00   0.134396E+07   0.134396E+07   0.231788E+01
   0.341636E-03   0.134623E+07   0.134622E+07   0.173330E+07   0.173202E+07   0.000000E+00   0.134623E+07   0.134623E+07   0.135509E+07  -0.600449E+00   0.134380E+07   0.134380E+07   0.256081E+01
   0.377603E-03   0.134603E+07   0.134602E+07   0.171964E+07   0.171809E+07   0.000000E+00   0.134603E+07   0.134603E+07   0.135482E+07  -0.600319E+00   0.134360E+07   0.134360E+07   0.282894E+01
   0.417356E-03   0.134578E+07   0.134576E+07   0.170308E+07   0.170121E+07   0.000000E+00   0.134578E+07   0.134578E+07   0.135448E+07  -0.600162E+00   0.134336E+07   0.134335E+07   0.312479E+01
   0.461294E-03   0.134548E+07   0.134546E+07   0.168304E+07   0.168080E+07   0.000000E+00   0.134547E+07   0.134547E+07   0.135408E+07  -0.599970E+00   0.134306E+07   0.134306E+07   0.345110E+01
   0.509857E-03   0.134511E+07   0.134508E+07   0.165887E+07   0.165617E+07   0.000000E+00   0.134510E+07   0.134510E+07   0.135358E+07  -0.599737E+00   0.134269E+07   0.134269E+07   0.381086E+01
   0.563534E-03   0.134466E+07   0.134463E+07   0.162976E+07   0.162654E+07   0.000000E+00   0.134465E+07   0.134465E+07   0.135298E+07  -0.599454E+00   0.134225E+07   0.134225E+07   0.420726E+01
   0.622861E-03   0.134411E+07   0.134407E+07   0.159485E+07   0.159102E+07   0.000000E+00   0.134410E+07   0.134410E+07   0.135225E+07  -0.599110E+00   0.134171E+07   0.134171E+07   0.464377E+01
   0.688433E-03   0.134344E+07   0.134340E+07   0.155313E+07   0.154861E+07   0.000000E+00   0.134344E+07   0.134344E+07   0.135137E+07  -0.598694E+00   0.134106E+07   0.134105E+07   0.512405E+01
   0.760910E-03   0.134263E+07   0.134258E+07   0.150354E+07   0.149823E+07   0.000000E+00   0.134263E+07   0.134263E+07   0.135030E+07  -0.598191E+00   0.134026E+07   0.134026E+07   0.565200E+01
   0.841016E-03   0.134165E+07   0.134158E+07   0.144494E+07   0.143878E+07   0.000000E+00   0.134164E+07   0.134164E+07   0.134902E+07  -0.597584E+00   0.133930E+07   0.133929E+07   0.623170E+01
   0.929556E-03   0.134046E+07   0.134038E+07   0.137624E+07   0.136917E+07   0.000000E+00   0.134045E+07   0.134045E+07   0.134747E+07  -0.596853E+00   0.133812E+07   0.133811E+07   0.686738E+01
   0.102742E-02   0.133903E+07   0.133892E+07   0.129643E+07   0.128844E+07   0.000000E+00   0.133901E+07   0.133901E+07   0.134562E+07  -0.595976E+00   0.133670E+07   0.133669E+07   0.756335E+01
   0.113558E-02   0.133729E+07   0.133716E+07   0.120481E+07   0.119595E+07   0.000000E+00   0.133727E+07   0.133727E+07   0.134341E+07  -0.594929E+00   0.133498E+07   0.133497E+07   0.832395E+01
   0.125513E-02   0.133520E+07   0.133505E+07   0.110115E+07   0.109157E+07   0.000000E+00   0.133518E+07   0.133518E+07   0.134079E+07  -0.593682E+00   0.133291E+07   0.133289E+07   0.915345E+01
   0.138727E-02   0.133269E+07   0.133251E+07   0.985961E+06   0.975942E+06   0.000000E+00   0.133266E+07   0.133266E+07   0.133768E+07  -0.592207E+00   0.133041E+07   0.133039E+07   0.100559E+02
   0.153331E-02   0.132970E+07   0.132947E+07   0.860874E+06   0.850842E+06   0.000000E+00   0.132966E+07   0.132966E+07   0.133404E+07  -0.590471E+00   0.132742E+07   0.132740E+07   0.110353E+02
   0.169474E-02   0.132613E+07   0.132585E+07   0.728918E+06   0.719471E+06   0.000000E+00   0.132608E+07   0.132608E+07   0.132979E+07  -0.588444E+00   0.132385E+07   0.132382E+07   0.120951E+02
   0.187315E-02   0.132190E+07   0.132156E+07   0.594794E+06   0.586674E+06   0.000000E+00   0.132185E+07   0.132185E+07   0.132487E+07  -0.586096E+00   0.131960E+07   0.131956E+07   0.132385E+02
   0.207035E-02   0.131693E+07   0.131651E+07   0.464896E+06   0.458903E+06   0.000000E+00   0.131686E+07   0.131686E+07   0.131922E+07  -0.583398E+00   0.131457E+07   0.131453E+07   0.144688E+02
   0.228831E-02   0.131110E+07   0.131059E+07   0.346887E+06   0.343708E+06   0.000000E+00   0.131101E+07   0.131101E+07   0.131278E+07  -0.580328E+00   0.130866E+07   0.130862E+07   0.157889E+02
   0.252922E-02   0.130432E+07   0.130370E+07   0.248620E+06   0.248570E+06   0.000000E+00   0.130422E+07   0.130422E+07   0.130549E+07  -0.576867E+00   0.130177E+07   0.130172E+07   0.172027E+02
   0.279549E-02   0.129651E+07   0.129575E+07   0.176268E+06   0.178991E+06   0.000000E+00   0.129638E+07   0.129638E+07   0.129729E+07  -0.572998E+00   0.129380E+07   0.129374E+07   0.187148E+02
   0.308979E-02   0.128756E+07   0.128664E+07   0.131917E+06   0.136197E+06   0.000000E+00   0.128741E+07   0.128741E+07   0.128809E+07  -0.568703E+00   0.128466E+07   0.128458E+07   0.203316E+02
   0.341507E-02   0.127740E+07   0.127628E+07   0.111474E+06   0.115386E+06   0.000000E+00   0.127722E+07   0.127722E+07   0.127779E+07  -0.563956E+00   0.127428E+07   0.127418E+07   0.220612E+02
   0.377460E-02   0.126595E+07   0.126459E+07   0.104490E+06   0.106115E+06   0.000000E+00   0.126572E+07   0.126572E+07   0.126626E+07  -0.558715E+00   0.126259E+07   0.126247E+07   0.239133E+02
   0.417198E-02   0.125312E+07   0.125146E+07   0.975996E+05   0.962298E+05   0.000000E+00   0.125284E+07   0.125284E+07   0.125334E+07  -0.552920E+00   0.124953E+07   0.124939E+07   0.258981E+02
   0.461119E-02   0.123883E+07   0.123682E+07   0.816250E+05   0.786835E+05   0.000000E+00   0.123849E+07   0.123849E+07   0.123890E+07  -0.546503E+00   0.123503E+07   0.123487E+07   0.280247E+02
   0.509664E-02   0.122297E+07   0.122054E+07   0.583460E+05   0.567094E+05   0.000000E+00   0.122257E+07   0.122257E+07   0.122286E+07  -0.539398E+00   0.121902E+07   0.121882E+07   0.302996E+02
   0.563320E-02   0.120546E+07   0.120252E+07   0.393046E+05   0.405345E+05   0.000000E+00   0.120497E+07   0.120497E+07   0.120518E+07  -0.531555E+00   0.120136E+07   0.120112E+07   0.327266E+02
   0.622625E-02   0.118619E+07   0.118263E+07   0.330314E+05   0.350418E+05   0.000000E+00   0.118560E+07   0.118560E+07   0.118577E+07  -0.522944E+00   0.118195E+07   0.118167E+07   0.353083E+02
   0.688173E-02   0.116506E+07   0.116076E+07   0.327566E+05   0.293211E+05   0.000000E+00   0.116435E+07   0.116435E+07   0.116451E+07  -0.513530E+00   0.116068E+07   0.116034E+07   0.380460E+02
   0.760622E-02   0.114198E+07   0.113680E+07   0.258553E+05   0.235302E+05   0.000000E+00   0.114112E+07   0.114112E+07   0.114124E+07  -0.503253E+00   0.113746E+07   0.113706E+07   0.409378E+02
   0.840698E-02   0.111685E+07   0.111062E+07   0.163740E+05   0.188397E+05   0.000000E+00   0.111581E+07   0.111581E+07   0.111590E+07  -0.492061E+00   0.111218E+07   0.111171E+07   0.439740E+02
   0.929204E-02   0.108956E+07   0.108209E+07   0.152251E+05   0.150445E+05   0.000000E+00   0.108831E+07   0.108831E+07   0.108839E+07  -0.479911E+00   0.108474E+07   0.108418E+07   0.471362E+02
   0.102703E-01   0.106001E+07   0.105108E+07   0.133216E+05   0.119797E+05   0.000000E+00   0.105853E+07   0.105853E+07   0.105859E+07  -0.466760E+00   0.105503E+07   0.105436E+07   0.503973E+02
   0.113515E-01   0.102812E+07   0.101748E+07   0.820138E+04   0.950952E+04   0.000000E+00   0.102635E+07   0.102635E+07   0.102639E+07  -0.452557E+00   0.102295E+07   0.102216E+07   0.537155E+02
   0.125466E-01   0.993789E+06   0.981155E+06   0.851360E+04   0.752179E+04   0.000000E+00   0.991684E+06   0.991684E+06   0.991725E+06  -0.437260E+00   0.988399E+06   0.987477E+06   0.570302E+02
   0.138674E-01   0.956934E+06   0.942015E+06   0.524105E+04   0.592630E+04   0.000000E+00   0.954447E+06   0.954447E+06   0.954476E+06  -0.420833E+00   0.951294E+06   0.950218E+06   0.602594E+02
   0.153273E-01   0.917496E+06   0.899987E+06   0.524238E+04   0.464848E+04   0.000000E+00   0.914578E+06   0.914578E+06   0.914604E+06  -0.403247E+00   0.911575E+06   0.910325E+06   0.632931E+02
   0.169409E-01   0.875456E+06   0.855056E+06   0.317745E+04   0.362818E+04   0.000000E+00   0.872056E+06   0.872056E+06   0.872073E+06  -0.384493E+00   0.869218E+06   0.867778E+06   0.659898E+02
   0.187244E-01   0.830850E+06   0.807294E+06   0.297435E+04   0.281608E+04   0.000000E+00   0.826924E+06   0.826924E+06   0.826938E+06  -0.364590E+00   0.824267E+06   0.822623E+06   0.681724E+02
   0.206957E-01   0.783808E+06   0.756904E+06   0.237786E+04   0.217231E+04   0.000000E+00   0.779324E+06   0.779324E+06   0.779336E+06  -0.343600E+00   0.776861E+06   0.775006E+06   0.696277E+02
   0.228745E-01   0.734595E+06   0.704274E+06   0.159622E+04   0.166443E+04   0.000000E+00   0.729541E+06   0.729541E+06   0.729550E+06  -0.321648E+00   0.727282E+06   0.725217E+06   0.701110E+02
   0.252826E-01   0.683652E+06   0.650038E+06   0.115233E+04   0.126613E+04   0.000000E+00   0.678049E+06   0.678049E+06   0.678055E+06  -0.298944E+00   0.675999E+06   0.673741E+06   0.693578E+02
   0.279443E-01   0.631649E+06   0.595130E+06   0.946870E+03   0.956056E+03   0.000000E+00   0.625563E+06   0.625563E+06   0.625568E+06  -0.275802E+00   0.623722E+06   0.621307E+06   0.671090E+02
   0.308862E-01   0.579520E+06   0.540824E+06   0.914208E+03   0.716824E+03   0.000000E+00   0.573071E+06   0.573071E+06   0.573075E+06  -0.252658E+00   0.571430E+06   0.568918E+06   0.631508E+02
   0.341378E-01   0.528456E+06   0.488701E+06   0.476872E+03   0.534241E+03   0.000000E+00   0.521830E+06   0.521830E+06   0.521833E+06  -0.230066E+00   0.520372E+06   0.517850E+06   0.573742E+02
   0.377317E-01   0.479840E+06   0.440532E+06   0.409660E+03   0.396605E+03   0.000000E+00   0.473288E+06   0.473288E+06   0.473290E+06  -0.208664E+00   0.471986E+06   0.469564E+06   0.498493E+02
   0.417040E-01   0.435072E+06   0.398006E+06   0.258618E+03   0.294203E+03   0.000000E+00   0.428894E+06   0.428894E+06   0.428896E+06  -0.189091E+00   0.427713E+06   0.425516E+06   0.409056E+02
   0.458744E-01   0.396917E+06   0.363697E+06   0.221932E+03   0.221904E+03   0.000000E+00   0.391380E+06   0.391380E+06   0.391381E+06  -0.172551E+00   0.390278E+06   0.388408E+06   0.316626E+02
   0.500448E-01   0.366680E+06   0.338191E+06   0.172490E+03   0.172468E+03   0.000000E+00   0.361932E+06   0.361932E+06   0.361932E+06  -0.159568E+00   0.360875E+06   0.359373E+06   0.233029E+02
   0.542152E-01   0.342171E+06   0.318609E+06   0.137391E+03   0.137374E+03   0.000000E+00   0.338244E+06   0.338244E+06   0.338245E+06  -0.149124E+00   0.337213E+06   0.336072E+06   0.163543E+02
   0.583856E-01   0.321683E+06   0.302626E+06   0.111581E+03   0.111566E+03   0.000000E+00   0.318506E+06   0.318506E+06   0.318507E+06  -0.140422E+00   0.317495E+06   0.316662E+06   0.110844E+02
   0.625560E-01   0.303746E+06   0.288317E+06   0.919290E+02   0.919172E+02   0.000000E+00   0.301175E+06   0.301175E+06   0.301175E+06  -0.132781E+00   0.300189E+06   0.299583E+06   0.751945E+01
   0.667264E-01   0.287112E+06   0.274178E+06   0.764553E+02   0.764456E+02   0.000000E+00   0.284957E+06   0.284957E+06   0.284957E+06  -0.125631E+00   0.284006E+06   0.283535E+06   0.549136E+01
   0.708968E-01   0.270972E+06   0.259355E+06   0.639429E+02   0.639347E+02   0.000000E+00   0.269036E+06   0.269036E+06   0.269037E+06  -0.118612E+00   0.268136E+06   0.267707E+06   0.469809E+01
   0.750672E-01   0.254968E+06   0.243632E+06   0.536487E+02   0.536418E+02   0.000000E+00   0.253079E+06   0.253079E+06   0.253079E+06  -0.111576E+00   0.252241E+06   0.251781E+06   0.476650E+01
   0.792376E-01   0.239133E+06   0.227319E+06   0.451153E+02   0.451096E+02   0.000000E+00   0.237164E+06   0.237164E+06   0.237164E+06  -0.104560E+00   0.236397E+06   0.235855E+06   0.531332E+01
   0.834080E-01   0.223747E+06   0.211047E+06   0.380421E+02   0.380372E+02   0.000000E+00   0.221631E+06   0.221631E+06   0.221631E+06  -0.977116E-01   0.220936E+06   0.220292E+06   0.599687E+01
   0.875784E-01   0.209168E+06   0.195525E+06   0.322040E+02   0.321999E+02   0.000000E+00   0.206894E+06   0.206894E+06   0.206895E+06  -0.912148E-01   0.206269E+06   0.205530E+06   0.655385E+01
   0.927733E-01   0.192660E+06   0.178210E+06   0.263837E+02   0.263804E+02   0.000000E+00   0.190252E+06   0.190252E+06   0.190252E+06  -0.838775E-01   0.189699E+06   0.188883E+06   0.682764E+01
   0.979682E-01   0.178512E+06   0.163991E+06   0.218961E+02   0.218933E+02   0.000000E+00   0.176092E+06   0.176092E+06   0.176092E+06  -0.776346E-01   0.175591E+06   0.174766E+06   0.653884E+01
   0.103163E+00   0.167002E+06   0.153241E+06   0.184701E+02   0.184678E+02   0.000000E+00   0.164708E+06   0.164708E+06   0.164709E+06  -0.726159E-01   0.164239E+06   0.163474E+06   0.576221E+01
   0.108358E+00   0.157928E+06   0.145602E+06   0.158460E+02   0.158439E+02   0.000000E+00   0.155874E+06   0.155874E+06   0.155874E+06  -0.687210E-01   0.155419E+06   0.154764E+06   0.469190E+01
   0.113553E+00   0.150674E+06   0.140139E+06   0.137886E+02   0.137868E+02   0.000000E+00   0.148918E+06   0.148918E+06   0.148918E+06  -0.656544E-01   0.148466E+06   0.147945E+06   0.356270E+01
   0.118748E+00   0.144490E+06   0.135730E+06   0.121130E+02   0.121114E+02   0.000000E+00   0.143030E+06   0.143030E+06   0.143030E+06  -0.630585E-01   0.142579E+06   0.142184E+06   0.258133E+01
   0.123943E+00   0.138721E+06   0.131399E+06   0.106911E+02   0.106897E+02   0.000000E+00   0.137501E+06   0.137501E+06   0.137501E+06  -0.606207E-01   0.137054E+06   0.136754E+06   0.188124E+01
   0.129137E+00   0.132893E+06   0.126478E+06   0.944250E+01   0.944129E+01   0.000000E+00   0.131824E+06   0.131824E+06   0.131824E+06  -0.581178E-01   0.131389E+06   0.131138E+06   0.150619E+01
   0.134332E+00   0.126760E+06   0.120684E+06   0.832393E+01   0.832287E+01   0.000000E+00   0.125747E+06   0.125747E+06   0.125747E+06  -0.554388E-01   0.125333E+06   0.125088E+06   0.141915E+01
   0.139527E+00   0.120332E+06   0.114129E+06   0.731910E+01   0.731816E+01   0.000000E+00   0.119298E+06   0.119298E+06   0.119298E+06  -0.525956E-01   0.118912E+06   0.118638E+06   0.152833E+01
   0.144722E+00   0.113817E+06   0.107217E+06   0.642663E+01   0.642580E+01   0.000000E+00   0.112717E+06   0.112717E+06   0.112717E+06  -0.496940E-01   0.112362E+06   0.112041E+06   0.172055E+01
   0.149917E+00   0.107513E+06   0.100474E+06   0.564904E+01   0.564832E+01   0.000000E+00   0.106340E+06   0.106340E+06   0.106340E+06  -0.468827E-01   0.106016E+06   0.105650E+06   0.189224E+01
   0.155112E+00   0.101725E+06   0.943986E+05   0.498659E+01   0.498595E+01   0.000000E+00   0.100504E+06   0.100504E+06   0.100504E+06  -0.443097E-01   0.100205E+06   0.998117E+05   0.197120E+01
   0.160307E+00   0.966855E+05   0.893467E+05   0.443408E+01   0.443352E+01   0.000000E+00   0.954624E+05   0.954624E+05   0.954624E+05  -0.420870E-01   0.951827E+05   0.947850E+05   0.192655E+01
   0.165502E+00   0.924836E+05   0.854365E+05   0.397915E+01   0.397864E+01   0.000000E+00   0.913091E+05   0.913091E+05   0.913091E+05  -0.402559E-01   0.910409E+05   0.906644E+05   0.176702E+01
   0.170696E+00   0.890380E+05   0.825309E+05   0.360352E+01   0.360306E+01   0.000000E+00   0.879535E+05   0.879535E+05   0.879535E+05  -0.387765E-01   0.876909E+05   0.873546E+05   0.153011E+01
   0.175891E+00   0.861520E+05   0.803209E+05   0.328729E+01   0.328687E+01   0.000000E+00   0.851801E+05   0.851801E+05   0.851801E+05  -0.375538E-01   0.849195E+05   0.846326E+05   0.126665E+01
   0.181086E+00   0.835922E+05   0.784406E+05   0.301279E+01   0.301240E+01   0.000000E+00   0.827336E+05   0.827336E+05   0.827336E+05  -0.364752E-01   0.824739E+05   0.822349E+05   0.102538E+01
   0.186281E+00   0.811370E+05   0.765523E+05   0.276620E+01   0.276585E+01   0.000000E+00   0.803729E+05   0.803729E+05   0.803729E+05  -0.354344E-01   0.801157E+05   0.799138E+05   0.841639E+00
   0.191476E+00   0.786116E+05   0.744072E+05   0.253811E+01   0.253778E+01   0.000000E+00   0.779109E+05   0.779109E+05   0.779109E+05  -0.343490E-01   0.776590E+05   0.774787E+05   0.731563E+00
   0.196671E+00   0.759273E+05   0.718970E+05   0.232380E+01   0.232350E+01   0.000000E+00   0.752556E+05   0.752556E+05   0.752556E+05  -0.331783E-01   0.750125E+05   0.748372E+05   0.691881E+00
   0.201866E+00   0.730973E+05   0.690659E+05   0.212264E+01   0.212237E+01   0.000000E+00   0.724254E+05   0.724254E+05   0.724254E+05  -0.319305E-01   0.721937E+05   0.720107E+05   0.704365E+00
   0.207060E+00   0.702082E+05   0.660675E+05   0.193628E+01   0.193603E+01   0.000000E+00   0.695181E+05   0.695181E+05   0.695181E+05  -0.306488E-01   0.692994E+05   0.691012E+05   0.743076E+00
   0.212255E+00   0.673766E+05   0.630990E+05   0.176679E+01   0.176657E+01   0.000000E+00   0.666637E+05   0.666637E+05   0.666637E+05  -0.293903E-01   0.664579E+05   0.662441E+05   0.782017E+00
   0.217450E+00   0.647182E+05   0.603486E+05   0.161570E+01   0.161550E+01   0.000000E+00   0.639899E+05   0.639899E+05   0.639899E+05  -0.282116E-01   0.637955E+05   0.635712E+05   0.801197E+00
   0.222645E+00   0.623227E+05   0.579550E+05   0.148342E+01   0.148323E+01   0.000000E+00   0.615948E+05   0.615948E+05   0.615948E+05  -0.271556E-01   0.614093E+05   0.611829E+05   0.790035E+00
   0.227840E+00   0.602305E+05   0.559754E+05   0.136885E+01   0.136868E+01   0.000000E+00   0.595213E+05   0.595213E+05   0.595213E+05  -0.262415E-01   0.593422E+05   0.591228E+05   0.747943E+00
   0.233035E+00   0.584252E+05   0.543794E+05   0.126964E+01   0.126948E+01   0.000000E+00   0.577509E+05   0.577509E+05   0.577509E+05  -0.254609E-01   0.575758E+05   0.573710E+05   0.682474E+00
   0.238230E+00   0.568494E+05   0.530729E+05   0.118276E+01   0.118261E+01   0.000000E+00   0.562200E+05   0.562200E+05   0.562200E+05  -0.247860E-01   0.560473E+05   0.558615E+05   0.605887E+00
   0.243425E+00   0.554243E+05   0.519301E+05   0.110515E+01   0.110501E+01   0.000000E+00   0.548419E+05   0.548419E+05   0.548419E+05  -0.241784E-01   0.546711E+05   0.545046E+05   0.531266E+00
   0.248619E+00   0.540641E+05   0.508213E+05   0.103406E+01   0.103393E+01   0.000000E+00   0.535236E+05   0.535236E+05   0.535236E+05  -0.235972E-01   0.533549E+05   0.532047E+05   0.469238E+00
   0.253814E+00   0.526943E+05   0.496409E+05   0.967402E+00   0.967279E+00   0.000000E+00   0.521854E+05   0.521854E+05   0.521854E+05  -0.230072E-01   0.520197E+05   0.518805E+05   0.425899E+00
   0.259009E+00   0.512738E+05   0.483352E+05   0.904048E+00   0.903932E+00   0.000000E+00   0.507841E+05   0.507841E+05   0.507841E+05  -0.223894E-01   0.506226E+05   0.504884E+05   0.402204E+00
   0.264204E+00   0.498032E+05   0.469109E+05   0.843796E+00   0.843688E+00   0.000000E+00   0.493212E+05   0.493212E+05   0.493212E+05  -0.217445E-01   0.491650E+05   0.490307E+05   0.394666E+00
   0.269399E+00   0.483111E+05   0.454171E+05   0.786969E+00   0.786868E+00   0.000000E+00   0.478287E+05   0.478287E+05   0.478287E+05  -0.210865E-01   0.476785E+05   0.475408E+05   0.397003E+00
   0.274594E+00   0.468355E+05   0.439198E+05   0.734003E+00   0.733909E+00   0.000000E+00   0.463496E+05   0.463496E+05   0.463496E+05  -0.204344E-01   0.462054E+05   0.460632E+05   0.402123E+00
   0.279789E+00   0.454162E+05   0.424861E+05   0.685274E+00   0.685187E+00   0.000000E+00   0.449279E+05   0.449279E+05   0.449279E+05  -0.198076E-01   0.447894E+05   0.446439E+05   0.403915E+00
   0.284984E+00   0.440903E+05   0.411736E+05   0.641034E+00   0.640952E+00   0.000000E+00   0.436042E+05   0.436042E+05   0.436042E+05  -0.192240E-01   0.434706E+05   0.433244E+05   0.398454E+00
   0.290178E+00   0.428828E+05   0.400175E+05   0.601280E+00   0.601203E+00   0.000000E+00   0.424052E+05   0.424052E+05   0.424052E+05  -0.186954E-01   0.422756E+05   0.421319E+05   0.384490E+00
   0.295373E+00   0.417960E+05   0.390188E+05   0.565653E+00   0.565580E+00   0.000000E+00   0.413331E+05   0.413331E+05   0.413331E+05  -0.182227E-01   0.412064E+05   0.410683E+05   0.363225E+00
   0.300568E+00   0.408109E+05   0.381482E+05   0.533520E+00   0.533452E+00   0.000000E+00   0.403671E+05   0.403671E+05   0.403671E+05  -0.177968E-01   0.402427E+05   0.401120E+05   0.337565E+00
   0.305763E+00   0.398983E+05   0.373608E+05   0.504179E+00   0.504114E+00   0.000000E+00   0.394754E+05   0.394754E+05   0.394754E+05  -0.174037E-01   0.393528E+05   0.392303E+05   0.311100E+00
   0.310958E+00   0.390290E+05   0.366111E+05   0.477005E+00   0.476944E+00   0.000000E+00   0.386260E+05   0.386260E+05   0.386260E+05  -0.170292E-01   0.385053E+05   0.383903E+05   0.287127E+00
   0.316153E+00   0.381771E+05   0.358601E+05   0.451496E+00   0.451438E+00   0.000000E+00   0.377910E+05   0.377910E+05   0.377910E+05  -0.166611E-01   0.376723E+05   0.375632E+05   0.267919E+00
   0.321348E+00   0.373230E+05   0.350811E+05   0.427289E+00   0.427234E+00   0.000000E+00   0.369494E+05   0.369494E+05   0.369494E+05  -0.162900E-01   0.368331E+05   0.367279E+05   0.254386E+00
   0.326543E+00   0.364577E+05   0.342644E+05   0.404200E+00   0.404148E+00   0.000000E+00   0.360922E+05   0.360922E+05   0.360922E+05  -0.159121E-01   0.359787E+05   0.358753E+05   0.246096E+00
   0.331737E+00   0.355859E+05   0.334201E+05   0.382221E+00   0.382172E+00   0.000000E+00   0.352249E+05   0.352249E+05   0.352249E+05  -0.155298E-01   0.351146E+05   0.350113E+05   0.241616E+00
   0.336932E+00   0.347216E+05   0.325713E+05   0.361451E+00   0.361405E+00   0.000000E+00   0.343633E+05   0.343633E+05   0.343633E+05  -0.151499E-01   0.342561E+05   0.341524E+05   0.239016E+00
   0.342127E+00   0.338813E+05   0.317441E+05   0.341998E+00   0.341954E+00   0.000000E+00   0.335251E+05   0.335251E+05   0.335251E+05  -0.147804E-01   0.334210E+05   0.333169E+05   0.236401E+00
   0.347322E+00   0.330778E+05   0.309601E+05   0.323915E+00   0.323874E+00   0.000000E+00   0.327249E+05   0.327249E+05   0.327249E+05  -0.144276E-01   0.326236E+05   0.325197E+05   0.232334E+00
   0.352517E+00   0.323200E+05   0.302333E+05   0.307204E+00   0.307164E+00   0.000000E+00   0.319722E+05   0.319722E+05   0.319722E+05  -0.140958E-01   0.318735E+05   0.317709E+05   0.226084E+00
   0.357712E+00   0.316120E+05   0.295693E+05   0.291807E+00   0.291770E+00   0.000000E+00   0.312715E+05   0.312715E+05   0.312715E+05  -0.137868E-01   0.311749E+05   0.310747E+05   0.217652E+00
   0.362907E+00   0.309515E+05   0.289636E+05   0.277611E+00   0.277576E+00   0.000000E+00   0.306202E+05   0.306202E+05   0.306202E+05  -0.134997E-01   0.305255E+05   0.304284E+05   0.207629E+00
   0.368102E+00   0.303304E+05   0.284033E+05   0.264452E+00   0.264418E+00   0.000000E+00   0.300092E+05   0.300092E+05   0.300092E+05  -0.132303E-01   0.299161E+05   0.298227E+05   0.196951E+00
   0.373296E+00   0.297371E+05   0.278712E+05   0.252152E+00   0.252119E+00   0.000000E+00   0.294261E+05   0.294261E+05   0.294261E+05  -0.129732E-01   0.293345E+05   0.292448E+05   0.186616E+00
   0.378491E+00   0.291609E+05   0.273516E+05   0.240558E+00   0.240527E+00   0.000000E+00   0.288594E+05   0.288594E+05   0.288594E+05  -0.127234E-01   0.287693E+05   0.286828E+05   0.177437E+00
   0.383686E+00   0.285942E+05   0.268329E+05   0.229558E+00   0.229529E+00   0.000000E+00   0.283007E+05   0.283007E+05   0.283007E+05  -0.124771E-01   0.282122E+05   0.281282E+05   0.169884E+00
   0.388881E+00   0.280321E+05   0.263092E+05   0.219079E+00   0.219051E+00   0.000000E+00   0.277450E+05   0.277450E+05   0.277450E+05  -0.122321E-01   0.276582E+05   0.275760E+05   0.164036E+00
   0.394076E+00   0.274732E+05   0.257798E+05   0.209079E+00   0.209053E+00   0.000000E+00   0.271909E+05   0.271909E+05   0.271909E+05  -0.119878E-01   0.271060E+05   0.270250E+05   0.159626E+00
   0.399271E+00   0.269200E+05   0.252497E+05   0.199557E+00   0.199531E+00   0.000000E+00   0.266416E+05   0.266416E+05   0.266416E+05  -0.117456E-01   0.265585E+05   0.264782E+05   0.156167E+00
   0.404466E+00   0.263779E+05   0.247277E+05   0.190529E+00   0.190505E+00   0.000000E+00   0.261029E+05   0.261029E+05   0.261029E+05  -0.115081E-01   0.260217E+05   0.259419E+05   0.153095E+00
   0.409661E+00   0.258526E+05   0.242226E+05   0.182011E+00   0.181988E+00   0.000000E+00   0.255809E+05   0.255809E+05   0.255809E+05  -0.112780E-01   0.255014E+05   0.254224E+05   0.149913E+00
   0.414855E+00   0.253474E+05   0.237403E+05   0.174001E+00   0.173979E+00   0.000000E+00   0.250795E+05   0.250795E+05   0.250795E+05  -0.110569E-01   0.250017E+05   0.249236E+05   0.146285E+00
   0.420050E+00   0.248640E+05   0.232838E+05   0.166483E+00   0.166462E+00   0.000000E+00   0.246007E+05   0.246007E+05   0.246007E+05  -0.108458E-01   0.245244E+05   0.244475E+05   0.142086E+00
   0.425245E+00   0.244031E+05   0.228537E+05   0.159431E+00   0.159411E+00   0.000000E+00   0.241449E+05   0.241449E+05   0.241449E+05  -0.106449E-01   0.240700E+05   0.239947E+05   0.137385E+00
   0.430440E+00   0.239633E+05   0.224474E+05   0.152809E+00   0.152789E+00   0.000000E+00   0.237106E+05   0.237106E+05   0.237106E+05  -0.104534E-01   0.236370E+05   0.235636E+05   0.132395E+00
   0.435635E+00   0.235409E+05   0.220596E+05   0.146566E+00   0.146547E+00   0.000000E+00   0.232940E+05   0.232940E+05   0.232940E+05  -0.102698E-01   0.232216E+05   0.231501E+05   0.127396E+00
   0.440830E+00   0.231316E+05   0.216838E+05   0.140653E+00   0.140635E+00   0.000000E+00   0.228903E+05   0.228903E+05   0.228903E+05  -0.100918E-01   0.228190E+05   0.227494E+05   0.122657E+00
   0.446025E+00   0.227318E+05   0.213152E+05   0.135027E+00   0.135010E+00   0.000000E+00   0.224957E+05   0.224957E+05   0.224957E+05  -0.991778E-02   0.224255E+05   0.223576E+05   0.118373E+00
   0.451219E+00   0.223395E+05   0.209506E+05   0.129663E+00   0.129646E+00   0.000000E+00   0.221080E+05   0.221080E+05   0.221080E+05  -0.974685E-02   0.220390E+05   0.219724E+05   0.114636E+00
   0.456414E+00   0.219535E+05   0.205888E+05   0.124538E+00   0.124523E+00   0.000000E+00   0.217260E+05   0.217260E+05   0.217260E+05  -0.957846E-02   0.216583E+05   0.215928E+05   0.111428E+00
   0.461609E+00   0.215734E+05   0.202299E+05   0.119640E+00   0.119625E+00   0.000000E+00   0.213495E+05   0.213495E+05   0.213495E+05  -0.941244E-02   0.212829E+05   0.212183E+05   0.108646E+00
   0.466804E+00   0.211999E+05   0.198756E+05   0.114963E+00   0.114948E+00   0.000000E+00   0.209792E+05   0.209792E+05   0.209792E+05  -0.924920E-02   0.209138E+05   0.208500E+05   0.106137E+00
   0.471999E+00   0.208350E+05   0.195288E+05   0.110506E+00   0.110492E+00   0.000000E+00   0.206173E+05   0.206173E+05   0.206173E+05  -0.908964E-02   0.205531E+05   0.204901E+05   0.103739E+00
   0.477194E+00   0.204805E+05   0.191926E+05   0.106269E+00   0.106256E+00   0.000000E+00   0.202658E+05   0.202658E+05   0.202658E+05  -0.893470E-02   0.202028E+05   0.201406E+05   0.101322E+00
   0.482389E+00   0.201374E+05   0.188687E+05   0.102248E+00   0.102235E+00   0.000000E+00   0.199259E+05   0.199259E+05   0.199259E+05  -0.878485E-02   0.198640E+05   0.198026E+05   0.988071E-01
   0.487584E+00   0.198057E+05   0.185572E+05   0.984321E-01   0.984195E-01   0.000000E+00   0.195976E+05   0.195976E+05   0.195976E+05  -0.864009E-02   0.195367E+05   0.194763E+05   0.961750E-01
   0.492778E+00   0.194849E+05   0.182576E+05   0.948079E-01   0.947957E-01   0.000000E+00   0.192804E+05   0.192804E+05   0.192804E+05  -0.850022E-02   0.192204E+05   0.191611E+05   0.934581E-01
   0.497973E+00   0.191745E+05   0.179689E+05   0.913632E-01   0.913515E-01   0.000000E+00   0.189736E+05   0.189736E+05   0.189736E+05  -0.836497E-02   0.189145E+05   0.188564E+05   0.907234E-01
   0.503168E+00   0.188734E+05   0.176895E+05   0.880838E-01   0.880725E-01   0.000000E+00   0.186761E+05   0.186761E+05   0.186761E+05  -0.823383E-02   0.186180E+05   0.185609E+05   0.880499E-01
   0.508363E+00   0.185801E+05   0.174171E+05   0.849538E-01   0.849430E-01   0.000000E+00   0.183863E+05   0.183863E+05   0.183863E+05  -0.810604E-02   0.183290E+05   0.182730E+05   0.855078E-01
   0.513558E+00   0.182930E+05   0.171497E+05   0.819590E-01   0.819485E-01   0.000000E+00   0.181024E+05   0.181024E+05   0.181024E+05  -0.798091E-02   0.180460E+05   0.179910E+05   0.831437E-01
   0.518753E+00   0.180113E+05   0.168865E+05   0.790895E-01   0.790794E-01   0.000000E+00   0.178238E+05   0.178238E+05   0.178238E+05  -0.785808E-02   0.177683E+05   0.177142E+05   0.809734E-01
   0.523948E+00   0.177350E+05   0.166273E+05   0.763396E-01   0.763299E-01   0.000000E+00   0.175504E+05   0.175504E+05   0.175504E+05  -0.773754E-02   0.174957E+05   0.174424E+05   0.789832E-01
   0.529143E+00   0.174642E+05   0.163724E+05   0.737044E-01   0.736950E-01   0.000000E+00   0.172823E+05   0.172823E+05   0.172823E+05  -0.761932E-02   0.172284E+05   0.171759E+05   0.771377E-01
   0.534337E+00   0.171989E+05   0.161223E+05   0.711790E-01   0.711699E-01   0.000000E+00   0.170195E+05   0.170195E+05   0.170195E+05  -0.750346E-02   0.169665E+05   0.169146E+05   0.753904E-01
   0.539532E+00   0.169394E+05   0.158775E+05   0.687602E-01   0.687514E-01   0.000000E+00   0.167624E+05   0.167624E+05   0.167624E+05  -0.739012E-02   0.167102E+05   0.166590E+05   0.736960E-01
   0.544727E+00   0.166862E+05   0.156390E+05   0.664459E-01   0.664374E-01   0.000000E+00   0.165117E+05   0.165117E+05   0.165117E+05  -0.727957E-02   0.164603E+05   0.164098E+05   0.720197E-01
   0.549922E+00   0.164398E+05   0.154075E+05   0.642333E-01   0.642251E-01   0.000000E+00   0.162678E+05   0.162678E+05   0.162678E+05  -0.717204E-02   0.162171E+05   0.161673E+05   0.703419E-01
   0.555117E+00   0.162001E+05   0.151827E+05   0.621174E-01   0.621095E-01   0.000000E+00   0.160305E+05   0.160305E+05   0.160305E+05  -0.706745E-02   0.159806E+05   0.159316E+05   0.686599E-01
   0.560312E+00   0.159665E+05   0.149642E+05   0.600921E-01   0.600844E-01   0.000000E+00   0.157994E+05   0.157994E+05   0.157994E+05  -0.696557E-02   0.157503E+05   0.157019E+05   0.669845E-01
   0.565507E+00   0.157387E+05   0.147515E+05   0.581519E-01   0.581445E-01   0.000000E+00   0.155741E+05   0.155741E+05   0.155741E+05  -0.686624E-02   0.155256E+05   0.154781E+05   0.653347E-01
   0.615622E+00   0.137755E+05   0.129118E+05   0.429489E-01   0.429434E-01   0.000000E+00   0.136315E+05   0.136315E+05   0.136315E+05  -0.600979E-02   0.135891E+05   0.135475E+05   0.524981E-01
   0.751923E+00   0.100264E+05   0.939850E+04   0.209546E-01   0.209519E-01   0.000000E+00   0.992175E+04   0.992175E+04   0.992175E+04  -0.437425E-02   0.989084E+04   0.986062E+04   0.312165E-01
   0.918401E+00   0.726133E+04   0.680676E+04   0.101727E-01   0.101714E-01   0.000000E+00   0.718557E+04   0.718557E+04   0.718557E+04  -0.316794E-02   0.716319E+04   0.714131E+04   0.184947E-01
   0.112174E+01   0.523534E+04   0.490767E+04   0.491639E-02   0.491576E-02   0.000000E+00   0.518073E+04   0.518073E+04   0.518073E+04  -0.228405E-02   0.516459E+04   0.514882E+04   0.109123E-01
   0.137009E+01   0.375925E+04   0.352401E+04   0.236639E-02   0.236609E-02   0.000000E+00   0.372004E+04   0.372004E+04   0.372004E+04  -0.164007E-02   0.370845E+04   0.369714E+04   0.641366E-02
   0.167343E+01   0.268934E+04   0.252108E+04   0.113478E-02   0.113464E-02   0.000000E+00   0.266129E+04   0.266129E+04   0.266129E+04  -0.117330E-02   0.265300E+04   0.264491E+04   0.375651E-02
   0.204394E+01   0.191740E+04   0.179744E+04   0.542329E-03   0.542260E-03   0.000000E+00   0.189740E+04   0.189740E+04   0.189740E+04  -0.836518E-03   0.189149E+04   0.188572E+04   0.219337E-02
   0.249647E+01   0.136279E+04   0.127754E+04   0.258381E-03   0.258348E-03   0.000000E+00   0.134858E+04   0.134858E+04   0.134858E+04  -0.594554E-03   0.134438E+04   0.134027E+04   0.127719E-02
   0.304920E+01   0.965837E+03   0.905420E+03   0.122749E-03   0.122734E-03   0.000000E+00   0.955768E+03   0.955768E+03   0.955768E+03  -0.421374E-03   0.952790E+03   0.949877E+03   0.741984E-03
   0.372430E+01   0.682717E+03   0.640008E+03   0.581618E-04   0.581544E-04   0.000000E+00   0.675599E+03   0.675599E+03   0.675599E+03  -0.297854E-03   0.673494E+03   0.671431E+03   0.430256E-03
   0.454887E+01   0.481423E+03   0.451303E+03   0.274919E-04   0.274884E-04   0.000000E+00   0.476403E+03   0.476403E+03   0.476403E+03  -0.210034E-03   0.474919E+03   0.473460E+03   0.249171E-03
   0.555600E+01   0.338724E+03   0.317527E+03   0.129660E-04   0.129643E-04   0.000000E+00   0.335191E+03   0.335191E+03   0.335191E+03  -0.147777E-03   0.334147E+03   0.333116E+03   0.144216E-03
   0.678612E+01   0.237829E+03   0.222940E+03   0.610242E-05   0.610164E-05   0.000000E+00   0.235348E+03   0.235348E+03   0.235348E+03  -0.103759E-03   0.234615E+03   0.233886E+03   0.834977E-04
   0.828858E+01   0.166669E+03   0.156229E+03   0.286662E-05   0.286625E-05   0.000000E+00   0.164929E+03   0.164929E+03   0.164929E+03  -0.727131E-04   0.164416E+03   0.163900E+03   0.484217E-04
   0.101237E+02   0.116593E+03   0.109282E+03   0.134419E-05   0.134402E-05   0.000000E+00   0.115375E+03   0.115375E+03   0.115375E+03  -0.508659E-04   0.115017E+03   0.114649E+03   0.281749E-04
   0.123651E+02   0.814277E+02   0.763142E+02   0.629261E-06   0.629181E-06   0.000000E+00   0.805755E+02   0.805755E+02   0.805755E+02  -0.355237E-04   0.803258E+02   0.800632E+02   0.164884E-04
   0.151028E+02   0.567806E+02   0.532068E+02   0.294119E-06   0.294081E-06   0.000000E+00   0.561850E+02   0.561850E+02   0.561850E+02  -0.247705E-04   0.560114E+02   0.558220E+02   0.973621E-05
   0.184466E+02   0.395365E+02   0.370396E+02   0.137270E-06   0.137252E-06   0.000000E+00   0.391203E+02   0.391203E+02   0.391203E+02  -0.172472E-04   0.390000E+02   0.388616E+02   0.582524E-05
   0.225307E+02   0.274920E+02   0.257470E+02   0.639770E-07   0.639688E-07   0.000000E+00   0.272011E+02   0.272011E+02   0.272011E+02  -0.119923E-04   0.271180E+02   0.270150E+02   0.354982E-05
   0.275191E+02   0.190922E+02   0.178713E+02   0.297779E-07   0.297741E-07   0.000000E+00   0.188887E+02   0.188887E+02   0.188887E+02  -0.832756E-05   0.188316E+02   0.187530E+02   0.221632E-05
   0.336118E+02   0.132427E+02   0.123864E+02   0.138422E-07   0.138405E-07   0.000000E+00   0.131000E+02   0.131000E+02   0.131000E+02  -0.577546E-05   0.130610E+02   0.129992E+02   0.142618E-05
   0.410536E+02   0.917466E+01   0.857167E+01   0.642634E-08   0.642552E-08   0.000000E+00   0.907417E+01   0.907417E+01   0.907417E+01  -0.400057E-05   0.904774E+01   0.899750E+01   0.950526E-06
   0.501430E+02   0.634907E+01   0.592174E+01   0.297962E-08   0.297924E-08   0.000000E+00   0.627785E+01   0.627785E+01   0.627785E+01  -0.276775E-05   0.626021E+01   0.621773E+01   0.657894E-06
   0.612448E+02   0.438880E+01   0.408308E+01   0.137967E-08   0.137949E-08   0.000000E+00   0.433785E+01   0.433785E+01   0.433785E+01  -0.191245E-05   0.432630E+01   0.428903E+01   0.472696E-06
   0.748045E+02   0.303034E+01   0.280865E+01   0.637896E-09   0.637815E-09   0.000000E+00   0.299339E+01   0.299339E+01   0.299339E+01  -0.131971E-05   0.298609E+01   0.295225E+01   0.351353E-06
   0.913665E+02   0.208990E+01   0.192620E+01   0.294440E-09   0.294403E-09   0.000000E+00   0.206262E+01   0.206262E+01   0.206262E+01  -0.909356E-06   0.205827E+01   0.202667E+01   0.268625E-06
   0.111595E+03   0.143949E+01   0.131573E+01   0.135635E-09   0.135618E-09   0.000000E+00   0.141886E+01   0.141886E+01   0.141886E+01  -0.625541E-06   0.141657E+01   0.138642E+01   0.209783E-06
