#          k/h    CDM            baryon         photon         nu             mass_nu        total          no_nu          total_de       Weyl           v_CDM          v_b            v_b-v_c     
   0.102819E-04   0.549636E+06   0.549636E+06   0.732840E+06   0.732839E+06   0.000000E+00   0.549636E+06   0.549636E+06   0.558695E+06  -0.602324E+00   0.547936E+06   0.547936E+06   0.169290E+00
   0.113644E-04   0.549636E+06   0.549636E+06   0.732838E+06   0.732837E+06   0.000000E+00   0.549636E+06   0.549636E+06   0.558695E+06  -0.602324E+00   0.547936E+06   0.547936E+06   0.187113E+00
   0.125608E-04   0.549636E+06   0.549636E+06   0.732835E+06   0.732835E+06   0.000000E+00   0.549636E+06   0.549636E+06   0.558695E+06  -0.602324E+00   0.547936E+06   0.547936E+06   0.206811E+00
   0.138832E-04   0.549636E+06   0.549636E+06   0.732832E+06   0.732831E+06   0.000000E+00   0.549636E+06   0.549636E+06   0.558695E+06  -0.602324E+00   0.547936E+06   0.547936E+06   0.228584E+00
   0.153447E-04   0.549636E+06   0.549636E+06   0.732829E+06   0.732828E+06   0.000000E+00   0.549636E+06   0.549636E+06   0.558695E+06  -0.602323E+00   0.547936E+06   0.547936E+06   0.252648E+00
   0.169602E-04   0.549636E+06   0.549636E+06   0.732824E+06   0.732823E+06   0.000000E+00   0.549636E+06   0.549636E+06   0.558695E+06  -0.602323E+00   0.547936E+06   0.547936E+06   0.279246E+00
   0.187457E-04   0.549636E+06   0.549636E+06   0.732819E+06   0.732817E+06   0.000000E+00   0.549636E+06   0.549636E+06   0.558695E+06  -0.602323E+00   0.547936E+06   0.547936E+06   0.308644E+00
   0.207192E-04   0.549636E+06   0.549635E+06   0.732812E+06   0.732810E+06   0.000000E+00   0.549636E+06   0.549636E+06   0.558694E+06  -0.602323E+00   0.547936E+06   0.547936E+06   0.341137E+00
   0.229004E-04   0.549635E+06   0.549635E+06   0.732804E+06   0.732802E+06   0.000000E+00   0.549635E+06   0.549635E+06   0.558694E+06  -0.602322E+00   0.547935E+06   0.547935E+06   0.377050E+00
   0.253113E-04   0.549635E+06   0.549635E+06   0.732794E+06   0.732792E+06   0.000000E+00   0.549635E+06   0.549635E+06   0.558694E+06  -0.602322E+00   0.547935E+06   0.547935E+06   0.416745E+00
   0.279760E-04   0.549635E+06   0.549635E+06   0.732782E+06   0.732779E+06   0.000000E+00   0.549635E+06   0.549635E+06   0.558693E+06  -0.602321E+00   0.547935E+06   0.547935E+06   0.460618E+00
   0.309213E-04   0.549634E+06   0.549634E+06   0.732768E+06   0.732764E+06   0.000000E+00   0.549634E+06   0.549634E+06   0.558693E+06  -0.602321E+00   0.547935E+06   0.547934E+06   0.509110E+00
   0.341766E-04   0.549634E+06   0.549634E+06   0.732750E+06   0.732745E+06   0.000000E+00   0.549634E+06   0.549634E+06   0.558692E+06  -0.602320E+00   0.547934E+06   0.547934E+06   0.562706E+00
   0.377746E-04   0.549633E+06   0.549633E+06   0.732728E+06   0.732722E+06   0.000000E+00   0.549633E+06   0.549633E+06   0.558691E+06  -0.602319E+00   0.547934E+06   0.547934E+06   0.621945E+00
   0.417514E-04   0.549633E+06   0.549632E+06   0.732701E+06   0.732694E+06   0.000000E+00   0.549633E+06   0.549633E+06   0.558690E+06  -0.602318E+00   0.547933E+06   0.547933E+06   0.687420E+00
   0.461468E-04   0.549632E+06   0.549632E+06   0.732668E+06   0.732660E+06   0.000000E+00   0.549632E+06   0.549632E+06   0.558689E+06  -0.602316E+00   0.547932E+06   0.547932E+06   0.759787E+00
   0.510050E-04   0.549631E+06   0.549630E+06   0.732628E+06   0.732618E+06   0.000000E+00   0.549631E+06   0.549631E+06   0.558687E+06  -0.602315E+00   0.547931E+06   0.547931E+06   0.839772E+00
   0.563747E-04   0.549630E+06   0.549629E+06   0.732580E+06   0.732566E+06   0.000000E+00   0.549629E+06   0.549629E+06   0.558685E+06  -0.602313E+00   0.547930E+06   0.547930E+06   0.928176E+00
   0.623096E-04   0.549628E+06   0.549628E+06   0.732520E+06   0.732504E+06   0.000000E+00   0.549628E+06   0.549628E+06   0.558683E+06  -0.602310E+00   0.547928E+06   0.547928E+06   0.102589E+01
   0.688694E-04   0.549626E+06   0.549626E+06   0.732447E+06   0.732428E+06   0.000000E+00   0.549626E+06   0.549626E+06   0.558680E+06  -0.602307E+00   0.547926E+06   0.547926E+06   0.113388E+01
   0.761198E-04   0.549624E+06   0.549623E+06   0.732358E+06   0.732334E+06   0.000000E+00   0.549624E+06   0.549624E+06   0.558677E+06  -0.602303E+00   0.547924E+06   0.547924E+06   0.125324E+01
   0.841334E-04   0.549621E+06   0.549620E+06   0.732250E+06   0.732220E+06   0.000000E+00   0.549621E+06   0.549621E+06   0.558673E+06  -0.602298E+00   0.547922E+06   0.547921E+06   0.138516E+01
   0.929907E-04   0.549618E+06   0.549617E+06   0.732117E+06   0.732081E+06   0.000000E+00   0.549618E+06   0.549618E+06   0.558668E+06  -0.602292E+00   0.547918E+06   0.547918E+06   0.153097E+01
   0.102781E-03   0.549613E+06   0.549612E+06   0.731955E+06   0.731911E+06   0.000000E+00   0.549613E+06   0.549613E+06   0.558661E+06  -0.602285E+00   0.547914E+06   0.547914E+06   0.169212E+01
   0.113601E-03   0.549608E+06   0.549607E+06   0.731757E+06   0.731703E+06   0.000000E+00   0.549608E+06   0.549608E+06   0.558654E+06  -0.602276E+00   0.547909E+06   0.547909E+06   0.187023E+01
   0.125560E-03   0.549602E+06   0.549601E+06   0.731516E+06   0.731450E+06   0.000000E+00   0.549602E+06   0.549602E+06   0.558644E+06  -0.602266E+00   0.547903E+06   0.547903E+06   0.206707E+01
   0.138779E-03   0.549594E+06   0.549593E+06   0.731220E+06   0.731140E+06   0.000000E+00   0.549594E+06   0.549594E+06   0.558633E+06  -0.602253E+00   0.547895E+06   0.547895E+06   0.228462E+01
   0.153389E-03   0.549585E+06   0.549583E+06   0.730860E+06   0.730762E+06   0.000000E+00   0.549585E+06   0.549585E+06   0.558619E+06  -0.602237E+00   0.547886E+06   0.547886E+06   0.252505E+01
   0.169538E-03   0.549574E+06   0.549571E+06   0.730420E+06   0.730300E+06   0.000000E+00   0.549573E+06   0.549573E+06   0.558602E+06  -0.602217E+00   0.547875E+06   0.547875E+06   0.279076E+01
   0.187386E-03   0.549560E+06   0.549557E+06   0.729882E+06   0.729737E+06   0.000000E+00   0.549560E+06   0.549560E+06   0.558581E+06  -0.602194E+00   0.547862E+06   0.547861E+06   0.308441E+01
   0.207114E-03   0.549543E+06   0.549539E+06   0.729226E+06   0.729049E+06   0.000000E+00   0.549542E+06   0.549542E+06   0.558556E+06  -0.602165E+00   0.547845E+06   0.547844E+06   0.340891E+01
   0.228918E-03   0.549522E+06   0.549518E+06   0.728426E+06   0.728209E+06   0.000000E+00   0.549522E+06   0.549522E+06   0.558525E+06  -0.602129E+00   0.547825E+06   0.547824E+06   0.376750E+01
   0.253018E-03   0.549497E+06   0.549492E+06   0.727449E+06   0.727184E+06   0.000000E+00   0.549496E+06   0.549496E+06   0.558488E+06  -0.602086E+00   0.547800E+06   0.547799E+06   0.416375E+01
   0.279655E-03   0.549466E+06   0.549459E+06   0.726257E+06   0.725934E+06   0.000000E+00   0.549465E+06   0.549465E+06   0.558441E+06  -0.602033E+00   0.547770E+06   0.547769E+06   0.460157E+01
   0.309096E-03   0.549429E+06   0.549420E+06   0.724803E+06   0.724410E+06   0.000000E+00   0.549427E+06   0.549427E+06   0.558385E+06  -0.601969E+00   0.547733E+06   0.547731E+06   0.508530E+01
   0.341636E-03   0.549383E+06   0.549372E+06   0.723031E+06   0.722552E+06   0.000000E+00   0.549381E+06   0.549381E+06   0.558317E+06  -0.601891E+00   0.547688E+06   0.547686E+06   0.561971E+01
   0.377603E-03   0.549327E+06   0.549314E+06   0.720871E+06   0.720287E+06   0.000000E+00   0.549324E+06   0.549324E+06   0.558233E+06  -0.601795E+00   0.547632E+06   0.547630E+06   0.621005E+01
   0.417356E-03   0.549258E+06   0.549243E+06   0.718240E+06   0.717530E+06   0.000000E+00   0.549256E+06   0.549256E+06   0.558131E+06  -0.601678E+00   0.547565E+06   0.547563E+06   0.686208E+01
   0.461294E-03   0.549174E+06   0.549156E+06   0.715038E+06   0.714175E+06   0.000000E+00   0.549171E+06   0.549171E+06   0.558006E+06  -0.601535E+00   0.547483E+06   0.547480E+06   0.758216E+01
   0.509857E-03   0.549072E+06   0.549049E+06   0.711143E+06   0.710096E+06   0.000000E+00   0.549069E+06   0.549069E+06   0.557854E+06  -0.601362E+00   0.547383E+06   0.547379E+06   0.837722E+01
   0.563534E-03   0.548948E+06   0.548920E+06   0.706411E+06   0.705142E+06   0.000000E+00   0.548943E+06   0.548943E+06   0.557669E+06  -0.601150E+00   0.547260E+06   0.547256E+06   0.925489E+01
   0.622861E-03   0.548796E+06   0.548762E+06   0.700668E+06   0.699133E+06   0.000000E+00   0.548790E+06   0.548790E+06   0.557444E+06  -0.600892E+00   0.547111E+06   0.547106E+06   0.102235E+02
   0.688433E-03   0.548611E+06   0.548569E+06   0.693710E+06   0.691856E+06   0.000000E+00   0.548604E+06   0.548604E+06   0.557170E+06  -0.600578E+00   0.546929E+06   0.546923E+06   0.112921E+02
   0.760910E-03   0.548385E+06   0.548334E+06   0.685292E+06   0.683060E+06   0.000000E+00   0.548377E+06   0.548377E+06   0.556837E+06  -0.600196E+00   0.546707E+06   0.546699E+06   0.124705E+02
   0.841016E-03   0.548111E+06   0.548048E+06   0.675134E+06   0.672455E+06   0.000000E+00   0.548100E+06   0.548100E+06   0.556432E+06  -0.599732E+00   0.546436E+06   0.546427E+06   0.137694E+02
   0.929556E-03   0.547776E+06   0.547700E+06   0.662908E+06   0.659704E+06   0.000000E+00   0.547763E+06   0.547763E+06   0.555942E+06  -0.599168E+00   0.546107E+06   0.546095E+06   0.152002E+02
   0.102742E-02   0.547370E+06   0.547276E+06   0.648241E+06   0.644430E+06   0.000000E+00   0.547354E+06   0.547354E+06   0.555348E+06  -0.598486E+00   0.545706E+06   0.545692E+06   0.167753E+02
   0.113558E-02   0.546875E+06   0.546761E+06   0.630720E+06   0.626214E+06   0.000000E+00   0.546856E+06   0.546856E+06   0.554630E+06  -0.597660E+00   0.545218E+06   0.545201E+06   0.185077E+02
   0.125513E-02   0.546276E+06   0.546136E+06   0.609893E+06   0.604606E+06   0.000000E+00   0.546252E+06   0.546252E+06   0.553765E+06  -0.596664E+00   0.544625E+06   0.544604E+06   0.204111E+02
   0.138727E-02   0.545549E+06   0.545378E+06   0.585292E+06   0.579146E+06   0.000000E+00   0.545520E+06   0.545520E+06   0.552724E+06  -0.595464E+00   0.543905E+06   0.543880E+06   0.224998E+02
   0.153331E-02   0.544669E+06   0.544461E+06   0.556454E+06   0.549393E+06   0.000000E+00   0.544635E+06   0.544635E+06   0.551478E+06  -0.594023E+00   0.543033E+06   0.543002E+06   0.247886E+02
   0.169474E-02   0.543608E+06   0.543354E+06   0.522969E+06   0.514977E+06   0.000000E+00   0.543565E+06   0.543565E+06   0.549990E+06  -0.592301E+00   0.541978E+06   0.541940E+06   0.272924E+02
   0.187315E-02   0.542329E+06   0.542019E+06   0.484545E+06   0.475669E+06   0.000000E+00   0.542277E+06   0.542277E+06   0.548222E+06  -0.590250E+00   0.540704E+06   0.540657E+06   0.300257E+02
   0.207035E-02   0.540794E+06   0.540416E+06   0.441098E+06   0.431476E+06   0.000000E+00   0.540731E+06   0.540731E+06   0.546135E+06  -0.587822E+00   0.539169E+06   0.539113E+06   0.330026E+02
   0.228831E-02   0.538957E+06   0.538496E+06   0.392870E+06   0.382764E+06   0.000000E+00   0.538881E+06   0.538881E+06   0.543686E+06  -0.584965E+00   0.537327E+06   0.537259E+06   0.362364E+02
   0.252922E-02   0.536769E+06   0.536207E+06   0.340565E+06   0.330392E+06   0.000000E+00   0.536676E+06   0.536676E+06   0.540834E+06  -0.581628E+00   0.535124E+06   0.535041E+06   0.397388E+02
   0.279549E-02   0.534176E+06   0.533491E+06   0.285494E+06   0.275838E+06   0.000000E+00   0.534061E+06   0.534061E+06   0.537542E+06  -0.577764E+00   0.532501E+06   0.532400E+06   0.435198E+02
   0.308979E-02   0.531119E+06   0.530284E+06   0.229682E+06   0.221276E+06   0.000000E+00   0.530979E+06   0.530979E+06   0.533776E+06  -0.573333E+00   0.529394E+06   0.529272E+06   0.475875E+02
   0.341507E-02   0.527539E+06   0.526523E+06   0.175877E+06   0.169523E+06   0.000000E+00   0.527370E+06   0.527370E+06   0.529512E+06  -0.568307E+00   0.525738E+06   0.525592E+06   0.519488E+02
   0.377460E-02   0.523380E+06   0.522144E+06   0.127371E+06   0.123778E+06   0.000000E+00   0.523174E+06   0.523174E+06   0.524731E+06  -0.562671E+00   0.521469E+06   0.521292E+06   0.566093E+02
   0.417198E-02   0.518587E+06   0.517084E+06   0.875354E+05   0.870657E+05   0.000000E+00   0.518337E+06   0.518337E+06   0.519417E+06  -0.556426E+00   0.516525E+06   0.516313E+06   0.615754E+02
   0.461119E-02   0.513114E+06   0.511288E+06   0.590089E+05   0.613865E+05   0.000000E+00   0.512809E+06   0.512809E+06   0.513551E+06  -0.549582E+00   0.510858E+06   0.510603E+06   0.668554E+02
   0.509664E-02   0.506919E+06   0.504704E+06   0.426482E+05   0.467512E+05   0.000000E+00   0.506550E+06   0.506550E+06   0.507098E+06  -0.542144E+00   0.504429E+06   0.504124E+06   0.724615E+02
   0.563320E-02   0.499974E+06   0.497288E+06   0.365949E+05   0.405687E+05   0.000000E+00   0.499526E+06   0.499526E+06   0.499999E+06  -0.534102E+00   0.497218E+06   0.496854E+06   0.784095E+02
   0.622625E-02   0.492252E+06   0.489002E+06   0.361598E+05   0.380725E+05   0.000000E+00   0.491711E+06   0.491711E+06   0.492167E+06  -0.525406E+00   0.489217E+06   0.488782E+06   0.847169E+02
   0.688173E-02   0.483730E+06   0.479802E+06   0.352974E+05   0.342879E+05   0.000000E+00   0.483075E+06   0.483075E+06   0.483507E+06  -0.515972E+00   0.480422E+06   0.479903E+06   0.913965E+02
   0.760622E-02   0.474379E+06   0.469641E+06   0.297568E+05   0.269916E+05   0.000000E+00   0.473589E+06   0.473589E+06   0.473943E+06  -0.505686E+00   0.470821E+06   0.470203E+06   0.984481E+02
   0.840698E-02   0.464163E+06   0.458460E+06   0.202391E+05   0.184239E+05   0.000000E+00   0.463213E+06   0.463213E+06   0.463454E+06  -0.494451E+00   0.460384E+06   0.459650E+06   0.105849E+03
   0.929204E-02   0.453045E+06   0.446198E+06   0.121421E+05   0.130064E+05   0.000000E+00   0.451904E+06   0.451904E+06   0.452058E+06  -0.482218E+00   0.449059E+06   0.448188E+06   0.113551E+03
   0.102703E-01   0.440986E+06   0.432790E+06   0.992042E+04   0.119091E+05   0.000000E+00   0.439620E+06   0.439620E+06   0.439753E+06  -0.468983E+00   0.436778E+06   0.435748E+06   0.121482E+03
   0.113515E-01   0.427953E+06   0.418176E+06   0.109611E+05   0.945950E+04   0.000000E+00   0.426324E+06   0.426324E+06   0.426451E+06  -0.454716E+00   0.423516E+06   0.422302E+06   0.129541E+03
   0.125466E-01   0.413915E+06   0.402300E+06   0.897265E+04   0.748703E+04   0.000000E+00   0.411979E+06   0.411979E+06   0.412082E+06  -0.439361E+00   0.409234E+06   0.407809E+06   0.137591E+03
   0.138674E-01   0.398842E+06   0.385115E+06   0.487605E+04   0.590258E+04   0.000000E+00   0.396554E+06   0.396554E+06   0.396620E+06  -0.422856E+00   0.393903E+06   0.392239E+06   0.145433E+03
   0.153273E-01   0.382713E+06   0.366587E+06   0.440761E+04   0.463142E+04   0.000000E+00   0.380025E+06   0.380025E+06   0.380081E+06  -0.405184E+00   0.377494E+06   0.375561E+06   0.152797E+03
   0.169409E-01   0.365519E+06   0.346713E+06   0.439996E+04   0.361533E+04   0.000000E+00   0.362385E+06   0.362385E+06   0.362435E+06  -0.386347E+00   0.359993E+06   0.357765E+06   0.159342E+03
   0.187244E-01   0.347276E+06   0.325540E+06   0.226423E+04   0.280661E+04   0.000000E+00   0.343653E+06   0.343653E+06   0.343684E+06  -0.366351E+00   0.341424E+06   0.338880E+06   0.164643E+03
   0.206957E-01   0.328032E+06   0.303182E+06   0.248492E+04   0.216485E+04   0.000000E+00   0.323890E+06   0.323890E+06   0.323919E+06  -0.345263E+00   0.321841E+06   0.318968E+06   0.168182E+03
   0.228745E-01   0.307887E+06   0.279854E+06   0.148685E+04   0.165856E+04   0.000000E+00   0.303215E+06   0.303215E+06   0.303234E+06  -0.323209E+00   0.301358E+06   0.298160E+06   0.169370E+03
   0.252826E-01   0.287011E+06   0.255898E+06   0.142895E+04   0.126137E+04   0.000000E+00   0.281825E+06   0.281825E+06   0.281842E+06  -0.300397E+00   0.280168E+06   0.276671E+06   0.167566E+03
   0.279443E-01   0.265660E+06   0.231815E+06   0.800493E+03   0.952221E+03   0.000000E+00   0.260019E+06   0.260019E+06   0.260030E+06  -0.277146E+00   0.258560E+06   0.254820E+06   0.162145E+03
   0.308862E-01   0.244194E+06   0.208279E+06   0.800622E+03   0.713723E+03   0.000000E+00   0.238208E+06   0.238208E+06   0.238218E+06  -0.253892E+00   0.236936E+06   0.233046E+06   0.152590E+03
   0.341378E-01   0.223075E+06   0.186113E+06   0.581931E+03   0.531791E+03   0.000000E+00   0.216915E+06   0.216915E+06   0.216922E+06  -0.231191E+00   0.215807E+06   0.211901E+06   0.138637E+03
   0.377317E-01   0.202845E+06   0.166220E+06   0.356535E+03   0.394737E+03   0.000000E+00   0.196741E+06   0.196741E+06   0.196746E+06  -0.209686E+00   0.195764E+06   0.192013E+06   0.120457E+03
   0.417040E-01   0.184062E+06   0.149429E+06   0.245864E+03   0.292844E+03   0.000000E+00   0.178290E+06   0.178290E+06   0.178293E+06  -0.190018E+00   0.177401E+06   0.173998E+06   0.988451E+02
   0.458744E-01   0.167889E+06   0.136740E+06   0.221056E+03   0.220966E+03   0.000000E+00   0.162697E+06   0.162697E+06   0.162700E+06  -0.173397E+00   0.161848E+06   0.158951E+06   0.765082E+02
   0.500448E-01   0.154927E+06   0.128102E+06   0.171913E+03   0.171843E+03   0.000000E+00   0.150456E+06   0.150456E+06   0.150458E+06  -0.160349E+00   0.149613E+06   0.147287E+06   0.563049E+02
   0.542152E-01   0.144325E+06   0.122027E+06   0.137031E+03   0.136975E+03   0.000000E+00   0.140609E+06   0.140609E+06   0.140611E+06  -0.149854E+00   0.139755E+06   0.137987E+06   0.395116E+02
   0.583856E-01   0.135426E+06   0.117292E+06   0.111368E+03   0.111322E+03   0.000000E+00   0.132404E+06   0.132404E+06   0.132405E+06  -0.141108E+00   0.131538E+06   0.130248E+06   0.267757E+02
   0.625560E-01   0.127659E+06   0.112901E+06   0.918061E+02   0.917684E+02   0.000000E+00   0.125199E+06   0.125199E+06   0.125200E+06  -0.133429E+00   0.124334E+06   0.123397E+06   0.181603E+02
   0.667264E-01   0.120526E+06   0.108114E+06   0.763791E+02   0.763477E+02   0.000000E+00   0.118457E+06   0.118457E+06   0.118458E+06  -0.126244E+00   0.117613E+06   0.116883E+06   0.132597E+02
   0.708968E-01   0.113697E+06   0.102555E+06   0.638841E+02   0.638578E+02   0.000000E+00   0.111840E+06   0.111840E+06   0.111840E+06  -0.119191E+00   0.111037E+06   0.110374E+06   0.113438E+02
   0.750672E-01   0.107011E+06   0.961851E+05   0.535900E+02   0.535680E+02   0.000000E+00   0.105207E+06   0.105207E+06   0.105207E+06  -0.112122E+00   0.104465E+06   0.103752E+06   0.115106E+02
   0.792376E-01   0.100460E+06   0.892470E+05   0.450486E+02   0.450301E+02   0.000000E+00   0.985915E+05   0.985915E+05   0.985921E+05  -0.105071E+00   0.979234E+05   0.970841E+05   0.128336E+02
   0.834080E-01   0.941329E+05   0.821457E+05   0.379658E+02   0.379503E+02   0.000000E+00   0.921350E+05   0.921350E+05   0.921355E+05  -0.981904E-01   0.915440E+05   0.905467E+05   0.144871E+02
   0.875784E-01   0.881470E+05   0.753228E+05   0.321209E+02   0.321077E+02   0.000000E+00   0.860096E+05   0.860096E+05   0.860100E+05  -0.916623E-01   0.854918E+05   0.843472E+05   0.158344E+02
   0.927733E-01   0.813495E+05   0.678027E+05   0.262993E+02   0.262885E+02   0.000000E+00   0.790917E+05   0.790917E+05   0.790920E+05  -0.842896E-01   0.786490E+05   0.773858E+05   0.164973E+02
   0.979682E-01   0.754733E+05   0.618663E+05   0.218185E+02   0.218096E+02   0.000000E+00   0.732055E+05   0.732055E+05   0.732057E+05  -0.780164E-01   0.728129E+05   0.715353E+05   0.158000E+02
   0.103163E+00   0.706253E+05   0.577120E+05   0.184053E+02   0.183978E+02   0.000000E+00   0.684731E+05   0.684731E+05   0.684733E+05  -0.729729E-01   0.681045E+05   0.669189E+05   0.139234E+02
   0.108358E+00   0.667335E+05   0.551324E+05   0.157964E+02   0.157900E+02   0.000000E+00   0.648000E+05   0.648000E+05   0.648002E+05  -0.690584E-01   0.644343E+05   0.634204E+05   0.113367E+02
   0.113553E+00   0.635676E+05   0.536095E+05   0.137538E+02   0.137482E+02   0.000000E+00   0.619079E+05   0.619079E+05   0.619081E+05  -0.659761E-01   0.615331E+05   0.607263E+05   0.860757E+01
   0.118748E+00   0.608468E+05   0.525239E+05   0.120903E+02   0.120853E+02   0.000000E+00   0.594597E+05   0.594597E+05   0.594598E+05  -0.633670E-01   0.590736E+05   0.584624E+05   0.623570E+01
   0.123943E+00   0.583258E+05   0.513364E+05   0.106766E+02   0.106722E+02   0.000000E+00   0.571609E+05   0.571609E+05   0.571610E+05  -0.609171E-01   0.567699E+05   0.563050E+05   0.454371E+01
   0.129137E+00   0.558236E+05   0.496866E+05   0.943224E+01   0.942837E+01   0.000000E+00   0.548008E+05   0.548008E+05   0.548009E+05  -0.584019E-01   0.544163E+05   0.540286E+05   0.363742E+01
   0.134332E+00   0.532422E+05   0.474382E+05   0.831464E+01   0.831123E+01   0.000000E+00   0.522749E+05   0.522749E+05   0.522750E+05  -0.557099E-01   0.519094E+05   0.515294E+05   0.342730E+01
   0.139527E+00   0.505773E+05   0.446783E+05   0.730876E+01   0.730577E+01   0.000000E+00   0.495941E+05   0.495941E+05   0.495942E+05  -0.528530E-01   0.492575E+05   0.488323E+05   0.369148E+01
   0.144722E+00   0.478992E+05   0.416545E+05   0.641452E+01   0.641190E+01   0.000000E+00   0.468585E+05   0.468585E+05   0.468585E+05  -0.499376E-01   0.465554E+05   0.460589E+05   0.415640E+01
   0.149917E+00   0.453136E+05   0.386787E+05   0.563550E+01   0.563320E+01   0.000000E+00   0.442078E+05   0.442078E+05   0.442079E+05  -0.471127E-01   0.439373E+05   0.433717E+05   0.457164E+01
   0.155112E+00   0.429303E+05   0.360399E+05   0.497256E+01   0.497053E+01   0.000000E+00   0.417819E+05   0.417819E+05   0.417819E+05  -0.445274E-01   0.415381E+05   0.409284E+05   0.476271E+01
   0.160307E+00   0.408358E+05   0.339375E+05   0.442064E+01   0.441883E+01   0.000000E+00   0.396861E+05   0.396861E+05   0.396861E+05  -0.422938E-01   0.394604E+05   0.388445E+05   0.465497E+01
   0.165502E+00   0.390644E+05   0.324343E+05   0.396720E+01   0.396558E+01   0.000000E+00   0.379594E+05   0.379594E+05   0.379594E+05  -0.404537E-01   0.377428E+05   0.371596E+05   0.426947E+01
   0.170696E+00   0.375866E+05   0.314521E+05   0.359362E+01   0.359215E+01   0.000000E+00   0.365642E+05   0.365642E+05   0.365642E+05  -0.389668E-01   0.363492E+05   0.358283E+05   0.369694E+01
   0.175891E+00   0.363300E+05   0.308166E+05   0.327956E+01   0.327822E+01   0.000000E+00   0.354111E+05   0.354111E+05   0.354111E+05  -0.377379E-01   0.351933E+05   0.347491E+05   0.306018E+01
   0.181086E+00   0.352083E+05   0.303216E+05   0.300697E+01   0.300574E+01   0.000000E+00   0.343939E+05   0.343939E+05   0.343939E+05  -0.366539E-01   0.341726E+05   0.338023E+05   0.247706E+01
   0.186281E+00   0.341392E+05   0.297781E+05   0.276179E+01   0.276066E+01   0.000000E+00   0.334124E+05   0.334124E+05   0.334124E+05  -0.356079E-01   0.331898E+05   0.328773E+05   0.203299E+01
   0.191476E+00   0.330563E+05   0.290517E+05   0.253450E+01   0.253347E+01   0.000000E+00   0.323888E+05   0.323888E+05   0.323889E+05  -0.345171E-01   0.321693E+05   0.318900E+05   0.176699E+01
   0.196671E+00   0.319244E+05   0.280881E+05   0.232049E+01   0.231954E+01   0.000000E+00   0.312850E+05   0.312850E+05   0.312851E+05  -0.333407E-01   0.310731E+05   0.308018E+05   0.167115E+01
   0.201866E+00   0.307467E+05   0.269181E+05   0.211927E+01   0.211840E+01   0.000000E+00   0.301086E+05   0.301086E+05   0.301086E+05  -0.320869E-01   0.299081E+05   0.296246E+05   0.170141E+01
   0.207060E+00   0.295536E+05   0.256324E+05   0.193266E+01   0.193187E+01   0.000000E+00   0.289001E+05   0.289001E+05   0.289001E+05  -0.307990E-01   0.287131E+05   0.284063E+05   0.179506E+01
   0.212255E+00   0.283870E+05   0.243461E+05   0.176294E+01   0.176222E+01   0.000000E+00   0.277135E+05   0.277135E+05   0.277136E+05  -0.295345E-01   0.275401E+05   0.272091E+05   0.188927E+01
   0.217450E+00   0.272889E+05   0.231678E+05   0.161176E+01   0.161110E+01   0.000000E+00   0.266021E+05   0.266021E+05   0.266021E+05  -0.283500E-01   0.264403E+05   0.260929E+05   0.193569E+01
   0.222645E+00   0.262925E+05   0.221757E+05   0.147957E+01   0.147896E+01   0.000000E+00   0.256064E+05   0.256064E+05   0.256064E+05  -0.272889E-01   0.254533E+05   0.251026E+05   0.190877E+01
   0.227840E+00   0.254131E+05   0.214010E+05   0.136529E+01   0.136473E+01   0.000000E+00   0.247444E+05   0.247444E+05   0.247444E+05  -0.263703E-01   0.245966E+05   0.242568E+05   0.180708E+01
   0.233035E+00   0.246448E+05   0.208259E+05   0.126649E+01   0.126597E+01   0.000000E+00   0.240084E+05   0.240084E+05   0.240084E+05  -0.255859E-01   0.238630E+05   0.235459E+05   0.164887E+01
   0.238230E+00   0.239670E+05   0.203963E+05   0.118007E+01   0.117959E+01   0.000000E+00   0.233718E+05   0.233718E+05   0.233719E+05  -0.249075E-01   0.232271E+05   0.229392E+05   0.146378E+01
   0.243425E+00   0.233505E+05   0.200408E+05   0.110290E+01   0.110245E+01   0.000000E+00   0.227989E+05   0.227989E+05   0.227989E+05  -0.242969E-01   0.226540E+05   0.223961E+05   0.128343E+01
   0.248619E+00   0.227635E+05   0.196872E+05   0.103216E+01   0.103174E+01   0.000000E+00   0.222508E+05   0.222508E+05   0.222508E+05  -0.237128E-01   0.221064E+05   0.218738E+05   0.113353E+01
   0.253814E+00   0.221777E+05   0.192784E+05   0.965744E+00   0.965348E+00   0.000000E+00   0.216945E+05   0.216945E+05   0.216945E+05  -0.231199E-01   0.215518E+05   0.213363E+05   0.102880E+01
   0.259009E+00   0.215769E+05   0.187868E+05   0.902522E+00   0.902152E+00   0.000000E+00   0.211119E+05   0.211119E+05   0.211119E+05  -0.224991E-01   0.209727E+05   0.207650E+05   0.971554E+00
   0.264204E+00   0.209611E+05   0.182174E+05   0.842316E+00   0.841971E+00   0.000000E+00   0.205038E+05   0.205038E+05   0.205038E+05  -0.218510E-01   0.203696E+05   0.201617E+05   0.953365E+00
   0.269399E+00   0.203403E+05   0.175988E+05   0.785483E+00   0.785162E+00   0.000000E+00   0.198834E+05   0.198834E+05   0.198834E+05  -0.211899E-01   0.197551E+05   0.195418E+05   0.959045E+00
   0.274594E+00   0.197282E+05   0.169700E+05   0.732497E+00   0.732197E+00   0.000000E+00   0.192685E+05   0.192685E+05   0.192685E+05  -0.205346E-01   0.191463E+05   0.189261E+05   0.971451E+00
   0.279789E+00   0.191390E+05   0.163700E+05   0.683765E+00   0.683486E+00   0.000000E+00   0.186775E+05   0.186775E+05   0.186775E+05  -0.199047E-01   0.185610E+05   0.183356E+05   0.975809E+00
   0.284984E+00   0.185864E+05   0.158316E+05   0.639559E+00   0.639297E+00   0.000000E+00   0.181272E+05   0.181272E+05   0.181273E+05  -0.193183E-01   0.180154E+05   0.177889E+05   0.962635E+00
   0.290178E+00   0.180799E+05   0.153736E+05   0.599878E+00   0.599632E+00   0.000000E+00   0.176288E+05   0.176288E+05   0.176288E+05  -0.187871E-01   0.175204E+05   0.172979E+05   0.928903E+00
   0.295373E+00   0.176205E+05   0.149963E+05   0.564355E+00   0.564124E+00   0.000000E+00   0.171831E+05   0.171831E+05   0.171831E+05  -0.183122E-01   0.170770E+05   0.168630E+05   0.877522E+00
   0.300568E+00   0.172012E+05   0.146832E+05   0.532345E+00   0.532127E+00   0.000000E+00   0.167815E+05   0.167815E+05   0.167815E+05  -0.178841E-01   0.166768E+05   0.164745E+05   0.815514E+00
   0.305763E+00   0.168111E+05   0.144093E+05   0.503127E+00   0.502921E+00   0.000000E+00   0.164108E+05   0.164108E+05   0.164108E+05  -0.174890E-01   0.163071E+05   0.161174E+05   0.751559E+00
   0.310958E+00   0.164394E+05   0.141488E+05   0.476062E+00   0.475868E+00   0.000000E+00   0.160576E+05   0.160576E+05   0.160576E+05  -0.171127E-01   0.159550E+05   0.157769E+05   0.693625E+00
   0.316153E+00   0.160765E+05   0.138803E+05   0.450640E+00   0.450455E+00   0.000000E+00   0.157105E+05   0.157105E+05   0.157105E+05  -0.167428E-01   0.156092E+05   0.154403E+05   0.647212E+00
   0.321348E+00   0.157148E+05   0.135894E+05   0.426493E+00   0.426319E+00   0.000000E+00   0.153606E+05   0.153606E+05   0.153606E+05  -0.163699E-01   0.152612E+05   0.150982E+05   0.614513E+00
   0.326543E+00   0.153507E+05   0.132720E+05   0.403441E+00   0.403276E+00   0.000000E+00   0.150043E+05   0.150043E+05   0.150043E+05  -0.159901E-01   0.149073E+05   0.147471E+05   0.594489E+00
   0.331737E+00   0.149856E+05   0.129342E+05   0.381484E+00   0.381327E+00   0.000000E+00   0.146437E+05   0.146437E+05   0.146437E+05  -0.156059E-01   0.145497E+05   0.143898E+05   0.583675E+00
   0.336932E+00   0.146248E+05   0.125893E+05   0.360727E+00   0.360579E+00   0.000000E+00   0.142855E+05   0.142855E+05   0.142856E+05  -0.152242E-01   0.141945E+05   0.140339E+05   0.577405E+00
   0.342127E+00   0.142741E+05   0.122523E+05   0.341286E+00   0.341146E+00   0.000000E+00   0.139371E+05   0.139371E+05   0.139371E+05  -0.148529E-01   0.138490E+05   0.136878E+05   0.571095E+00
   0.347322E+00   0.139382E+05   0.119356E+05   0.323221E+00   0.323089E+00   0.000000E+00   0.136044E+05   0.136044E+05   0.136045E+05  -0.144983E-01   0.135190E+05   0.133581E+05   0.561279E+00
   0.352517E+00   0.136204E+05   0.116474E+05   0.306536E+00   0.306411E+00   0.000000E+00   0.132916E+05   0.132916E+05   0.132916E+05  -0.141649E-01   0.132084E+05   0.130495E+05   0.546183E+00
   0.357712E+00   0.133222E+05   0.113905E+05   0.291174E+00   0.291055E+00   0.000000E+00   0.130003E+05   0.130003E+05   0.130003E+05  -0.138545E-01   0.129189E+05   0.127636E+05   0.525810E+00
   0.362907E+00   0.130429E+05   0.111624E+05   0.277018E+00   0.276905E+00   0.000000E+00   0.127295E+05   0.127295E+05   0.127295E+05  -0.135659E-01   0.126495E+05   0.124993E+05   0.501592E+00
   0.368102E+00   0.127794E+05   0.109557E+05   0.263900E+00   0.263792E+00   0.000000E+00   0.124755E+05   0.124755E+05   0.124755E+05  -0.132952E-01   0.123967E+05   0.122521E+05   0.475791E+00
   0.373296E+00   0.125275E+05   0.107610E+05   0.251639E+00   0.251536E+00   0.000000E+00   0.122331E+05   0.122331E+05   0.122331E+05  -0.130369E-01   0.121553E+05   0.120164E+05   0.450818E+00
   0.378491E+00   0.122831E+05   0.105695E+05   0.240080E+00   0.239981E+00   0.000000E+00   0.119975E+05   0.119975E+05   0.119975E+05  -0.127858E-01   0.119209E+05   0.117870E+05   0.428637E+00
   0.383686E+00   0.120432E+05   0.103749E+05   0.229108E+00   0.229015E+00   0.000000E+00   0.117652E+05   0.117652E+05   0.117652E+05  -0.125382E-01   0.116899E+05   0.115599E+05   0.410389E+00
   0.388881E+00   0.118062E+05   0.101742E+05   0.218650E+00   0.218561E+00   0.000000E+00   0.115342E+05   0.115342E+05   0.115342E+05  -0.122920E-01   0.114603E+05   0.113331E+05   0.396260E+00
   0.394076E+00   0.115711E+05   0.996746E+04   0.208668E+00   0.208582E+00   0.000000E+00   0.113039E+05   0.113039E+05   0.113039E+05  -0.120466E-01   0.112316E+05   0.111061E+05   0.385610E+00
   0.399271E+00   0.113390E+05   0.975768E+04   0.199158E+00   0.199077E+00   0.000000E+00   0.110755E+05   0.110755E+05   0.110755E+05  -0.118032E-01   0.110049E+05   0.108805E+05   0.377256E+00
   0.404466E+00   0.111119E+05   0.954993E+04   0.190142E+00   0.190064E+00   0.000000E+00   0.108515E+05   0.108515E+05   0.108516E+05  -0.115646E-01   0.107826E+05   0.106592E+05   0.369838E+00
   0.409661E+00   0.108916E+05   0.934919E+04   0.181635E+00   0.181561E+00   0.000000E+00   0.106345E+05   0.106345E+05   0.106346E+05  -0.113333E-01   0.105672E+05   0.104448E+05   0.362152E+00
   0.414855E+00   0.106795E+05   0.915900E+04   0.173638E+00   0.173567E+00   0.000000E+00   0.104261E+05   0.104261E+05   0.104261E+05  -0.111112E-01   0.103603E+05   0.102393E+05   0.353390E+00
   0.420050E+00   0.104762E+05   0.898113E+04   0.166134E+00   0.166066E+00   0.000000E+00   0.102270E+05   0.102270E+05   0.102270E+05  -0.108990E-01   0.101625E+05   0.100435E+05   0.343246E+00
   0.425245E+00   0.102819E+05   0.881579E+04   0.159098E+00   0.159033E+00   0.000000E+00   0.100376E+05   0.100376E+05   0.100376E+05  -0.106971E-01   0.997417E+04   0.985768E+04   0.331889E+00
   0.430440E+00   0.100961E+05   0.866150E+04   0.152492E+00   0.152430E+00   0.000000E+00   0.985702E+04   0.985702E+04   0.985702E+04  -0.105047E-01   0.979465E+04   0.968102E+04   0.319833E+00
   0.435635E+00   0.991754E+04   0.851531E+04   0.146266E+00   0.146206E+00   0.000000E+00   0.968384E+04   0.968384E+04   0.968384E+04  -0.103201E-01   0.962241E+04   0.951175E+04   0.307755E+00
   0.440830E+00   0.974444E+04   0.837379E+04   0.140368E+00   0.140311E+00   0.000000E+00   0.951600E+04   0.951600E+04   0.951600E+04  -0.101413E-01   0.945549E+04   0.934768E+04   0.296304E+00
   0.446025E+00   0.957550E+04   0.823417E+04   0.134757E+00   0.134702E+00   0.000000E+00   0.935194E+04   0.935194E+04   0.935195E+04  -0.996642E-02   0.929236E+04   0.918709E+04   0.285954E+00
   0.451219E+00   0.940995E+04   0.809485E+04   0.129404E+00   0.129351E+00   0.000000E+00   0.919077E+04   0.919077E+04   0.919077E+04  -0.979465E-02   0.913216E+04   0.902903E+04   0.276924E+00
   0.456414E+00   0.924734E+04   0.795521E+04   0.124290E+00   0.124239E+00   0.000000E+00   0.903198E+04   0.903198E+04   0.903198E+04  -0.962543E-02   0.897440E+04   0.887299E+04   0.269176E+00
   0.461609E+00   0.908743E+04   0.781547E+04   0.119400E+00   0.119352E+00   0.000000E+00   0.887544E+04   0.887544E+04   0.887544E+04  -0.945860E-02   0.881890E+04   0.871891E+04   0.262456E+00
   0.466804E+00   0.893046E+04   0.767675E+04   0.114730E+00   0.114684E+00   0.000000E+00   0.872151E+04   0.872151E+04   0.872151E+04  -0.929456E-02   0.866604E+04   0.856725E+04   0.256394E+00
   0.471999E+00   0.877711E+04   0.754077E+04   0.110281E+00   0.110236E+00   0.000000E+00   0.857105E+04   0.857105E+04   0.857106E+04  -0.913422E-02   0.851662E+04   0.841900E+04   0.250602E+00
   0.477194E+00   0.862810E+04   0.740921E+04   0.106052E+00   0.106008E+00   0.000000E+00   0.842496E+04   0.842496E+04   0.842496E+04  -0.897852E-02   0.837152E+04   0.827512E+04   0.244764E+00
   0.482389E+00   0.848378E+04   0.728304E+04   0.102038E+00   0.101997E+00   0.000000E+00   0.828366E+04   0.828366E+04   0.828366E+04  -0.882794E-02   0.823116E+04   0.813613E+04   0.238689E+00
   0.487584E+00   0.834409E+04   0.716248E+04   0.982298E-01   0.981896E-01   0.000000E+00   0.814715E+04   0.814715E+04   0.814716E+04  -0.868247E-02   0.809553E+04   0.800203E+04   0.232330E+00
   0.492778E+00   0.820887E+04   0.704726E+04   0.946135E-01   0.945748E-01   0.000000E+00   0.801527E+04   0.801527E+04   0.801527E+04  -0.854191E-02   0.796445E+04   0.787263E+04   0.225766E+00
   0.497973E+00   0.807792E+04   0.693677E+04   0.911766E-01   0.911393E-01   0.000000E+00   0.788773E+04   0.788773E+04   0.788773E+04  -0.840600E-02   0.783768E+04   0.774760E+04   0.219159E+00
   0.503168E+00   0.795087E+04   0.683008E+04   0.879048E-01   0.878689E-01   0.000000E+00   0.776407E+04   0.776407E+04   0.776407E+04  -0.827421E-02   0.771475E+04   0.762642E+04   0.212700E+00
   0.508363E+00   0.782708E+04   0.672602E+04   0.847820E-01   0.847473E-01   0.000000E+00   0.764357E+04   0.764357E+04   0.764357E+04  -0.814580E-02   0.759497E+04   0.750830E+04   0.206558E+00
   0.513558E+00   0.770597E+04   0.662360E+04   0.817937E-01   0.817602E-01   0.000000E+00   0.752558E+04   0.752558E+04   0.752558E+04  -0.802005E-02   0.747769E+04   0.739256E+04   0.200847E+00
   0.518753E+00   0.758725E+04   0.652230E+04   0.789303E-01   0.788980E-01   0.000000E+00   0.740976E+04   0.740976E+04   0.740976E+04  -0.789662E-02   0.736260E+04   0.727885E+04   0.195604E+00
   0.523948E+00   0.747089E+04   0.642212E+04   0.761858E-01   0.761546E-01   0.000000E+00   0.729609E+04   0.729609E+04   0.729609E+04  -0.777549E-02   0.724966E+04   0.716715E+04   0.190796E+00
   0.529143E+00   0.735689E+04   0.632327E+04   0.735556E-01   0.735255E-01   0.000000E+00   0.718462E+04   0.718462E+04   0.718462E+04  -0.765669E-02   0.713892E+04   0.705754E+04   0.186338E+00
   0.534337E+00   0.724524E+04   0.622604E+04   0.710349E-01   0.710059E-01   0.000000E+00   0.707537E+04   0.707537E+04   0.707538E+04  -0.754027E-02   0.703040E+04   0.695008E+04   0.182117E+00
   0.539532E+00   0.713602E+04   0.613086E+04   0.686206E-01   0.685925E-01   0.000000E+00   0.696850E+04   0.696850E+04   0.696850E+04  -0.742636E-02   0.692422E+04   0.684495E+04   0.178024E+00
   0.544727E+00   0.702947E+04   0.603824E+04   0.663107E-01   0.662835E-01   0.000000E+00   0.686426E+04   0.686426E+04   0.686426E+04  -0.731528E-02   0.682067E+04   0.674245E+04   0.173974E+00
   0.549922E+00   0.692573E+04   0.594854E+04   0.641025E-01   0.640763E-01   0.000000E+00   0.676287E+04   0.676287E+04   0.676287E+04  -0.720722E-02   0.671993E+04   0.664280E+04   0.169921E+00
   0.555117E+00   0.682474E+04   0.586173E+04   0.619909E-01   0.619656E-01   0.000000E+00   0.666424E+04   0.666424E+04   0.666424E+04  -0.710212E-02   0.662193E+04   0.654594E+04   0.165858E+00
   0.560312E+00   0.672630E+04   0.577755E+04   0.599699E-01   0.599453E-01   0.000000E+00   0.656817E+04   0.656817E+04   0.656817E+04  -0.699974E-02   0.652646E+04   0.645163E+04   0.161810E+00
   0.565507E+00   0.663026E+04   0.569574E+04   0.580339E-01   0.580101E-01   0.000000E+00   0.647451E+04   0.647451E+04   0.647451E+04  -0.689992E-02   0.643338E+04   0.635971E+04   0.157824E+00
   0.615622E+00   0.580318E+04   0.498563E+04   0.428618E-01   0.428442E-01   0.000000E+00   0.566692E+04   0.566692E+04   0.566692E+04  -0.603927E-02   0.563091E+04   0.556647E+04   0.126814E+00
   0.751923E+00   0.422376E+04   0.362933E+04   0.209123E-01   0.209037E-01   0.000000E+00   0.412469E+04   0.412469E+04   0.412469E+04  -0.439570E-02   0.409846E+04   0.405166E+04   0.754021E-01
   0.918401E+00   0.305893E+04   0.262858E+04   0.101522E-01   0.101480E-01   0.000000E+00   0.298720E+04   0.298720E+04   0.298720E+04  -0.318348E-02   0.296820E+04   0.293434E+04   0.446694E-01
   0.112174E+01   0.220545E+04   0.189524E+04   0.490650E-02   0.490449E-02   0.000000E+00   0.215374E+04   0.215374E+04   0.215374E+04  -0.229526E-02   0.214004E+04   0.211564E+04   0.263528E-01
   0.137009E+01   0.158362E+04   0.136092E+04   0.236163E-02   0.236067E-02   0.000000E+00   0.154651E+04   0.154651E+04   0.154651E+04  -0.164812E-02   0.153666E+04   0.151915E+04   0.154860E-01
   0.167343E+01   0.113291E+04   0.973610E+03   0.113251E-02   0.113204E-02   0.000000E+00   0.110636E+04   0.110636E+04   0.110636E+04  -0.117905E-02   0.109932E+04   0.108679E+04   0.906784E-02
   0.204394E+01   0.807721E+03   0.694159E+03   0.541242E-03   0.541020E-03   0.000000E+00   0.788794E+03   0.788794E+03   0.788794E+03  -0.840622E-03   0.783772E+03   0.774844E+03   0.529248E-02
   0.249647E+01   0.574086E+03   0.493379E+03   0.257863E-03   0.257758E-03   0.000000E+00   0.560635E+03   0.560635E+03   0.560635E+03  -0.597471E-03   0.557065E+03   0.550719E+03   0.307997E-02
   0.304920E+01   0.406867E+03   0.349672E+03   0.122504E-03   0.122453E-03   0.000000E+00   0.397335E+03   0.397335E+03   0.397335E+03  -0.423442E-03   0.394805E+03   0.390306E+03   0.178773E-02
   0.372430E+01   0.287600E+03   0.247172E+03   0.580454E-04   0.580217E-04   0.000000E+00   0.280862E+03   0.280862E+03   0.280862E+03  -0.299316E-03   0.279074E+03   0.275891E+03   0.103530E-02
   0.454887E+01   0.202804E+03   0.174294E+03   0.274370E-04   0.274258E-04   0.000000E+00   0.198052E+03   0.198052E+03   0.198052E+03  -0.211065E-03   0.196791E+03   0.194545E+03   0.598398E-03
   0.555600E+01   0.142690E+03   0.122630E+03   0.129401E-04   0.129348E-04   0.000000E+00   0.139347E+03   0.139347E+03   0.139347E+03  -0.148503E-03   0.138460E+03   0.136876E+03   0.345344E-03
   0.678612E+01   0.100188E+03   0.861008E+02   0.609025E-05   0.608775E-05   0.000000E+00   0.978401E+02   0.978401E+02   0.978401E+02  -0.104269E-03   0.972175E+02   0.961023E+02   0.199095E-03
   0.828858E+01   0.702114E+02   0.603365E+02   0.286090E-05   0.285973E-05   0.000000E+00   0.685655E+02   0.685655E+02   0.685655E+02  -0.730706E-04   0.681294E+02   0.673445E+02   0.114734E-03
   0.101237E+02   0.491165E+02   0.422056E+02   0.134152E-05   0.134097E-05   0.000000E+00   0.479647E+02   0.479647E+02   0.479647E+02  -0.511162E-04   0.476598E+02   0.471071E+02   0.661482E-04
   0.123651E+02   0.343028E+02   0.294730E+02   0.628012E-06   0.627755E-06   0.000000E+00   0.334978E+02   0.334978E+02   0.334978E+02  -0.356988E-04   0.332852E+02   0.328954E+02   0.381976E-04
   0.151028E+02   0.239201E+02   0.205487E+02   0.293537E-06   0.293416E-06   0.000000E+00   0.233582E+02   0.233582E+02   0.233582E+02  -0.248929E-04   0.232102E+02   0.229343E+02   0.221281E-04
   0.184466E+02   0.166559E+02   0.143048E+02   0.136999E-06   0.136943E-06   0.000000E+00   0.162641E+02   0.162641E+02   0.162641E+02  -0.173327E-04   0.161613E+02   0.159651E+02   0.128884E-04
   0.225307E+02   0.115821E+02   0.994341E+01   0.638517E-07   0.638256E-07   0.000000E+00   0.113090E+02   0.113090E+02   0.113090E+02  -0.120521E-04   0.112379E+02   0.110971E+02   0.757020E-05
   0.275191E+02   0.804373E+01   0.690168E+01   0.297202E-07   0.297081E-07   0.000000E+00   0.785339E+01   0.785339E+01   0.785339E+01  -0.836939E-05   0.780428E+01   0.770203E+01   0.450175E-05
   0.336118E+02   0.557963E+01   0.478333E+01   0.138158E-07   0.138101E-07   0.000000E+00   0.544691E+01   0.544691E+01   0.544691E+01  -0.580480E-05   0.541317E+01   0.533761E+01   0.272375E-05
   0.410536E+02   0.386598E+01   0.330999E+01   0.641433E-08   0.641172E-08   0.000000E+00   0.377331E+01   0.377331E+01   0.377331E+01  -0.402124E-05   0.375027E+01   0.369313E+01   0.168636E-05
   0.501430E+02   0.267572E+01   0.228653E+01   0.297424E-08   0.297302E-08   0.000000E+00   0.261085E+01   0.261085E+01   0.261085E+01  -0.278240E-05   0.259525E+01   0.255077E+01   0.107472E-05
   0.612448E+02   0.184997E+01   0.157638E+01   0.137730E-08   0.137674E-08   0.000000E+00   0.180438E+01   0.180438E+01   0.180438E+01  -0.192293E-05   0.179395E+01   0.175813E+01   0.708586E-06
   0.748045E+02   0.127775E+01   0.108415E+01   0.636886E-09   0.636628E-09   0.000000E+00   0.124548E+01   0.124548E+01   0.124548E+01  -0.132732E-05   0.123864E+01   0.120871E+01   0.484766E-06
   0.913665E+02   0.881615E+00   0.743297E+00   0.294032E-09   0.293913E-09   0.000000E+00   0.858562E+00   0.858562E+00   0.858562E+00  -0.914974E-06   0.854218E+00   0.828270E+00   0.344089E-06
   0.111595E+03   0.607653E+00   0.507491E+00   0.135485E-09   0.135431E-09   0.000000E+00   0.590960E+00   0.590960E+00   0.590960E+00  -0.629789E-06   0.588346E+00   0.565084E+00   0.252547E-06
