#          k/h    CDM            baryon         photon         nu             mass_nu        total          no_nu          total_de       Weyl           v_CDM          v_b            v_b-v_c     
   0.105163E-04   0.117099E+08   0.117099E+08   0.156088E+08   0.156087E+08   0.117101E+08   0.117099E+08   0.117099E+08   0.117181E+08  -0.576004E+00   0.103802E+08   0.103802E+08   0.950062E+01
   0.116112E-04   0.117099E+08   0.117099E+08   0.156079E+08   0.156077E+08   0.117101E+08   0.117099E+08   0.117099E+08   0.117181E+08  -0.576004E+00   0.103802E+08   0.103802E+08   0.104895E+02
   0.128200E-04   0.117099E+08   0.117099E+08   0.156067E+08   0.156065E+08   0.117101E+08   0.117099E+08   0.117099E+08   0.117181E+08  -0.576004E+00   0.103802E+08   0.103802E+08   0.115813E+02
   0.141547E-04   0.117099E+08   0.117099E+08   0.156053E+08   0.156050E+08   0.117101E+08   0.117099E+08   0.117099E+08   0.117180E+08  -0.576004E+00   0.103802E+08   0.103802E+08   0.127867E+02
   0.156284E-04   0.117099E+08   0.117099E+08   0.156035E+08   0.156032E+08   0.117101E+08   0.117099E+08   0.117099E+08   0.117180E+08  -0.576003E+00   0.103802E+08   0.103802E+08   0.141174E+02
   0.172555E-04   0.117099E+08   0.117099E+08   0.156014E+08   0.156009E+08   0.117101E+08   0.117099E+08   0.117099E+08   0.117180E+08  -0.576003E+00   0.103802E+08   0.103802E+08   0.155864E+02
   0.190520E-04   0.117099E+08   0.117099E+08   0.155988E+08   0.155982E+08   0.117101E+08   0.117099E+08   0.117099E+08   0.117180E+08  -0.576002E+00   0.103802E+08   0.103802E+08   0.172081E+02
   0.210355E-04   0.117099E+08   0.117099E+08   0.155956E+08   0.155950E+08   0.117100E+08   0.117099E+08   0.117099E+08   0.117180E+08  -0.576002E+00   0.103802E+08   0.103802E+08   0.189984E+02
   0.232256E-04   0.117099E+08   0.117099E+08   0.155918E+08   0.155910E+08   0.117100E+08   0.117099E+08   0.117099E+08   0.117180E+08  -0.576001E+00   0.103802E+08   0.103802E+08   0.209746E+02
   0.256436E-04   0.117099E+08   0.117099E+08   0.155870E+08   0.155861E+08   0.117100E+08   0.117099E+08   0.117099E+08   0.117180E+08  -0.576000E+00   0.103802E+08   0.103802E+08   0.231559E+02
   0.283134E-04   0.117098E+08   0.117098E+08   0.155813E+08   0.155801E+08   0.117100E+08   0.117099E+08   0.117098E+08   0.117180E+08  -0.575999E+00   0.103802E+08   0.103802E+08   0.255635E+02
   0.312612E-04   0.117098E+08   0.117098E+08   0.155743E+08   0.155729E+08   0.117100E+08   0.117098E+08   0.117098E+08   0.117179E+08  -0.575998E+00   0.103802E+08   0.103802E+08   0.282206E+02
   0.345158E-04   0.117098E+08   0.117098E+08   0.155658E+08   0.155640E+08   0.117100E+08   0.117098E+08   0.117098E+08   0.117179E+08  -0.575997E+00   0.103801E+08   0.103801E+08   0.311528E+02
   0.381093E-04   0.117098E+08   0.117098E+08   0.155554E+08   0.155533E+08   0.117099E+08   0.117098E+08   0.117098E+08   0.117179E+08  -0.575995E+00   0.103801E+08   0.103801E+08   0.343884E+02
   0.420769E-04   0.117097E+08   0.117097E+08   0.155428E+08   0.155402E+08   0.117099E+08   0.117097E+08   0.117097E+08   0.117178E+08  -0.575992E+00   0.103801E+08   0.103801E+08   0.379581E+02
   0.464576E-04   0.117097E+08   0.117097E+08   0.155274E+08   0.155242E+08   0.117098E+08   0.117097E+08   0.117097E+08   0.117178E+08  -0.575990E+00   0.103800E+08   0.103800E+08   0.418958E+02
   0.512944E-04   0.117096E+08   0.117096E+08   0.155086E+08   0.155048E+08   0.117098E+08   0.117096E+08   0.117096E+08   0.117177E+08  -0.575986E+00   0.103800E+08   0.103800E+08   0.462385E+02
   0.566347E-04   0.117096E+08   0.117096E+08   0.154858E+08   0.154811E+08   0.117097E+08   0.117096E+08   0.117096E+08   0.117176E+08  -0.575982E+00   0.103799E+08   0.103799E+08   0.510268E+02
   0.625311E-04   0.117095E+08   0.117095E+08   0.154580E+08   0.154523E+08   0.117096E+08   0.117095E+08   0.117095E+08   0.117175E+08  -0.575977E+00   0.103799E+08   0.103798E+08   0.563047E+02
   0.690413E-04   0.117094E+08   0.117094E+08   0.154242E+08   0.154172E+08   0.117095E+08   0.117094E+08   0.117094E+08   0.117174E+08  -0.575971E+00   0.103798E+08   0.103798E+08   0.621203E+02
   0.762293E-04   0.117093E+08   0.117092E+08   0.153831E+08   0.153746E+08   0.117094E+08   0.117093E+08   0.117093E+08   0.117173E+08  -0.575964E+00   0.103797E+08   0.103796E+08   0.685253E+02
   0.841656E-04   0.117091E+08   0.117091E+08   0.153331E+08   0.153227E+08   0.117092E+08   0.117091E+08   0.117091E+08   0.117171E+08  -0.575955E+00   0.103795E+08   0.103795E+08   0.755757E+02
   0.929282E-04   0.117089E+08   0.117089E+08   0.152724E+08   0.152598E+08   0.117091E+08   0.117089E+08   0.117089E+08   0.117169E+08  -0.575944E+00   0.103794E+08   0.103793E+08   0.833312E+02
   0.102603E-03   0.117087E+08   0.117087E+08   0.151987E+08   0.151834E+08   0.117088E+08   0.117087E+08   0.117087E+08   0.117166E+08  -0.575930E+00   0.103792E+08   0.103791E+08   0.918554E+02
   0.113285E-03   0.117085E+08   0.117084E+08   0.151093E+08   0.150907E+08   0.117086E+08   0.117085E+08   0.117084E+08   0.117163E+08  -0.575914E+00   0.103789E+08   0.103789E+08   0.101215E+03
   0.125080E-03   0.117081E+08   0.117081E+08   0.150010E+08   0.149784E+08   0.117082E+08   0.117081E+08   0.117081E+08   0.117159E+08  -0.575894E+00   0.103787E+08   0.103786E+08   0.111480E+03
   0.138102E-03   0.117077E+08   0.117077E+08   0.148700E+08   0.148427E+08   0.117078E+08   0.117077E+08   0.117077E+08   0.117155E+08  -0.575870E+00   0.103783E+08   0.103783E+08   0.122720E+03
   0.152480E-03   0.117073E+08   0.117072E+08   0.147117E+08   0.146787E+08   0.117073E+08   0.117072E+08   0.117072E+08   0.117149E+08  -0.575840E+00   0.103779E+08   0.103778E+08   0.135006E+03
   0.168355E-03   0.117067E+08   0.117066E+08   0.145210E+08   0.144811E+08   0.117067E+08   0.117067E+08   0.117067E+08   0.117142E+08  -0.575805E+00   0.103774E+08   0.103773E+08   0.148404E+03
   0.185882E-03   0.117060E+08   0.117058E+08   0.142916E+08   0.142437E+08   0.117060E+08   0.117059E+08   0.117059E+08   0.117134E+08  -0.575761E+00   0.103767E+08   0.103766E+08   0.162976E+03
   0.205235E-03   0.117051E+08   0.117049E+08   0.140168E+08   0.139592E+08   0.117051E+08   0.117051E+08   0.117051E+08   0.117124E+08  -0.575709E+00   0.103760E+08   0.103759E+08   0.178769E+03
   0.226602E-03   0.117041E+08   0.117038E+08   0.136886E+08   0.136197E+08   0.117040E+08   0.117040E+08   0.117040E+08   0.117111E+08  -0.575645E+00   0.103750E+08   0.103749E+08   0.195816E+03
   0.250194E-03   0.117028E+08   0.117025E+08   0.132985E+08   0.132164E+08   0.117026E+08   0.117027E+08   0.117027E+08   0.117096E+08  -0.575568E+00   0.103739E+08   0.103737E+08   0.214119E+03
   0.276242E-03   0.117012E+08   0.117009E+08   0.128374E+08   0.127401E+08   0.117010E+08   0.117012E+08   0.117012E+08   0.117078E+08  -0.575474E+00   0.103725E+08   0.103723E+08   0.233646E+03
   0.305002E-03   0.116993E+08   0.116990E+08   0.122963E+08   0.121815E+08   0.116990E+08   0.116993E+08   0.116993E+08   0.117057E+08  -0.575361E+00   0.103709E+08   0.103706E+08   0.254312E+03
   0.336756E-03   0.116971E+08   0.116966E+08   0.116665E+08   0.115323E+08   0.116967E+08   0.116970E+08   0.116970E+08   0.117030E+08  -0.575225E+00   0.103689E+08   0.103685E+08   0.275964E+03
   0.371817E-03   0.116943E+08   0.116938E+08   0.109413E+08   0.107857E+08   0.116938E+08   0.116942E+08   0.116942E+08   0.116999E+08  -0.575061E+00   0.103664E+08   0.103660E+08   0.298362E+03
   0.410527E-03   0.116910E+08   0.116904E+08   0.101170E+08   0.993874E+07   0.116903E+08   0.116909E+08   0.116909E+08   0.116961E+08  -0.574865E+00   0.103635E+08   0.103630E+08   0.321157E+03
   0.453268E-03   0.116870E+08   0.116862E+08   0.919507E+07   0.899366E+07   0.116861E+08   0.116868E+08   0.116869E+08   0.116916E+08  -0.574631E+00   0.103599E+08   0.103594E+08   0.343870E+03
   0.500458E-03   0.116822E+08   0.116813E+08   0.818450E+07   0.796085E+07   0.116811E+08   0.116820E+08   0.116820E+08   0.116862E+08  -0.574352E+00   0.103556E+08   0.103550E+08   0.365874E+03
   0.552561E-03   0.116764E+08   0.116753E+08   0.710434E+07   0.686131E+07   0.116750E+08   0.116761E+08   0.116762E+08   0.116798E+08  -0.574021E+00   0.103504E+08   0.103497E+08   0.386384E+03
   0.610090E-03   0.116694E+08   0.116682E+08   0.598591E+07   0.572881E+07   0.116678E+08   0.116692E+08   0.116692E+08   0.116723E+08  -0.573630E+00   0.103442E+08   0.103434E+08   0.404464E+03
   0.673607E-03   0.116612E+08   0.116598E+08   0.487369E+07   0.461073E+07   0.116591E+08   0.116609E+08   0.116609E+08   0.116634E+08  -0.573170E+00   0.103368E+08   0.103359E+08   0.419059E+03
   0.743737E-03   0.116514E+08   0.116497E+08   0.382350E+07   0.356576E+07   0.116488E+08   0.116510E+08   0.116511E+08   0.116529E+08  -0.572634E+00   0.103280E+08   0.103270E+08   0.429067E+03
   0.821169E-03   0.116397E+08   0.116378E+08   0.289638E+07   0.265712E+07   0.116366E+08   0.116393E+08   0.116394E+08   0.116408E+08  -0.572010E+00   0.103176E+08   0.103164E+08   0.433453E+03
   0.906662E-03   0.116261E+08   0.116239E+08   0.214699E+07   0.193995E+07   0.116222E+08   0.116256E+08   0.116257E+08   0.116266E+08  -0.571287E+00   0.103053E+08   0.103040E+08   0.431402E+03
   0.100106E-02   0.116100E+08   0.116076E+08   0.160720E+07   0.144390E+07   0.116052E+08   0.116094E+08   0.116096E+08   0.116102E+08  -0.570455E+00   0.102909E+08   0.102895E+08   0.422501E+03
   0.110528E-02   0.115913E+08   0.115886E+08   0.126951E+07   0.115595E+07   0.115854E+08   0.115906E+08   0.115908E+08   0.115912E+08  -0.569497E+00   0.102740E+08   0.102725E+08   0.406893E+03
   0.122035E-02   0.115695E+08   0.115666E+08   0.107977E+07   0.101369E+07   0.115623E+08   0.115687E+08   0.115690E+08   0.115692E+08  -0.568398E+00   0.102545E+08   0.102529E+08   0.385342E+03
   0.134740E-02   0.115442E+08   0.115412E+08   0.951205E+06   0.921894E+06   0.115355E+08   0.115433E+08   0.115437E+08   0.115438E+08  -0.567135E+00   0.102318E+08   0.102302E+08   0.359147E+03
   0.148768E-02   0.115151E+08   0.115119E+08   0.804964E+06   0.796748E+06   0.115044E+08   0.115141E+08   0.115146E+08   0.115145E+08  -0.565686E+00   0.102058E+08   0.102041E+08   0.329894E+03
   0.164257E-02   0.114816E+08   0.114783E+08   0.620056E+06   0.618525E+06   0.114685E+08   0.114805E+08   0.114810E+08   0.114808E+08  -0.564022E+00   0.101758E+08   0.101742E+08   0.299160E+03
   0.181358E-02   0.114431E+08   0.114398E+08   0.447955E+06   0.444875E+06   0.114272E+08   0.114419E+08   0.114426E+08   0.114421E+08  -0.562116E+00   0.101415E+08   0.101399E+08   0.268359E+03
   0.200239E-02   0.113991E+08   0.113958E+08   0.353750E+06   0.346592E+06   0.113797E+08   0.113977E+08   0.113986E+08   0.113979E+08  -0.559938E+00   0.101023E+08   0.101007E+08   0.238829E+03
   0.221086E-02   0.113489E+08   0.113456E+08   0.325342E+06   0.266700E+06   0.113254E+08   0.113473E+08   0.113483E+08   0.113475E+08  -0.557454E+00   0.100576E+08   0.100560E+08   0.211951E+03
   0.244104E-02   0.112917E+08   0.112883E+08   0.280801E+06   0.217678E+06   0.112632E+08   0.112899E+08   0.112912E+08   0.112900E+08  -0.554630E+00   0.100067E+08   0.100051E+08   0.188850E+03
   0.269518E-02   0.112268E+08   0.112233E+08   0.201997E+06   0.177537E+06   0.111923E+08   0.112247E+08   0.112262E+08   0.112248E+08  -0.551423E+00   0.994884E+07   0.994733E+07   0.169758E+03
   0.297578E-02   0.111533E+08   0.111496E+08   0.158918E+06   0.144679E+06   0.111117E+08   0.111508E+08   0.111527E+08   0.111509E+08  -0.547791E+00   0.988337E+07   0.988185E+07   0.153866E+03
   0.328559E-02   0.110702E+08   0.110664E+08   0.141408E+06   0.117794E+06   0.110201E+08   0.110674E+08   0.110696E+08   0.110674E+08  -0.543688E+00   0.980942E+07   0.980789E+07   0.140000E+03
   0.362766E-02   0.109767E+08   0.109725E+08   0.104250E+06   0.958061E+05   0.109165E+08   0.109733E+08   0.109760E+08   0.109734E+08  -0.539066E+00   0.972610E+07   0.972457E+07   0.127102E+03
   0.400534E-02   0.108716E+08   0.108672E+08   0.938275E+05   0.778328E+05   0.107995E+08   0.108677E+08   0.108709E+08   0.108677E+08  -0.533873E+00   0.963250E+07   0.963098E+07   0.114574E+03
   0.442234E-02   0.107539E+08   0.107491E+08   0.720153E+05   0.631501E+05   0.106678E+08   0.107493E+08   0.107531E+08   0.107493E+08  -0.528055E+00   0.952763E+07   0.952612E+07   0.102795E+03
   0.488276E-02   0.106224E+08   0.106172E+08   0.564115E+05   0.511636E+05   0.105201E+08   0.106170E+08   0.106215E+08   0.106170E+08  -0.521555E+00   0.941047E+07   0.940897E+07   0.923504E+02
   0.539111E-02   0.104759E+08   0.104702E+08   0.432057E+05   0.413858E+05   0.103549E+08   0.104696E+08   0.104750E+08   0.104696E+08  -0.514314E+00   0.927996E+07   0.927846E+07   0.833415E+02
   0.595239E-02   0.103133E+08   0.103070E+08   0.371368E+05   0.334168E+05   0.101710E+08   0.103059E+08   0.103123E+08   0.103059E+08  -0.506273E+00   0.913503E+07   0.913355E+07   0.752421E+02
   0.657210E-02   0.101333E+08   0.101263E+08   0.280125E+05   0.269287E+05   0.996690E+07   0.101248E+08   0.101322E+08   0.101248E+08  -0.497374E+00   0.897465E+07   0.897317E+07   0.676892E+02
   0.725633E-02   0.993491E+07   0.992705E+07   0.234158E+05   0.216525E+05   0.974155E+07   0.992499E+07   0.993364E+07   0.992500E+07  -0.487559E+00   0.879777E+07   0.879630E+07   0.608876E+02
   0.801180E-02   0.971691E+07   0.970800E+07   0.204721E+05   0.173674E+05   0.949394E+07   0.970549E+07   0.971547E+07   0.970550E+07  -0.476776E+00   0.860345E+07   0.860199E+07   0.549226E+02
   0.884592E-02   0.947837E+07   0.946823E+07   0.147142E+05   0.138927E+05   0.922325E+07   0.946531E+07   0.947673E+07   0.946532E+07  -0.464977E+00   0.839082E+07   0.838937E+07   0.495211E+02
   0.976688E-02   0.921848E+07   0.920688E+07   0.127190E+05   0.110800E+05   0.892894E+07   0.920365E+07   0.921660E+07   0.920365E+07  -0.452123E+00   0.815918E+07   0.815774E+07   0.446664E+02
   0.107837E-01   0.893659E+07   0.892327E+07   0.910697E+04   0.880757E+04   0.861068E+07   0.891986E+07   0.893444E+07   0.891986E+07  -0.438182E+00   0.790797E+07   0.790652E+07   0.403716E+02
   0.119064E-01   0.863228E+07   0.861696E+07   0.779003E+04   0.697571E+04   0.826842E+07   0.861353E+07   0.862981E+07   0.861354E+07  -0.423133E+00   0.763680E+07   0.763536E+07   0.365200E+02
   0.131460E-01   0.830538E+07   0.828774E+07   0.620146E+04   0.550265E+04   0.790239E+07   0.828451E+07   0.830253E+07   0.828452E+07  -0.406971E+00   0.734556E+07   0.734412E+07   0.331073E+02
   0.145147E-01   0.795601E+07   0.793572E+07   0.463823E+04   0.432139E+04   0.751331E+07   0.793294E+07   0.795273E+07   0.793294E+07  -0.389700E+00   0.703435E+07   0.703290E+07   0.300636E+02
   0.160258E-01   0.758466E+07   0.756139E+07   0.353459E+04   0.337711E+04   0.710248E+07   0.755935E+07   0.758090E+07   0.755935E+07  -0.371347E+00   0.670365E+07   0.670220E+07   0.273519E+02
   0.176943E-01   0.719236E+07   0.716579E+07   0.307964E+04   0.262495E+04   0.667197E+07   0.716482E+07   0.718807E+07   0.716482E+07  -0.351966E+00   0.635441E+07   0.635294E+07   0.249222E+02
   0.195365E-01   0.678081E+07   0.675068E+07   0.236120E+04   0.202828E+04   0.622467E+07   0.675111E+07   0.677594E+07   0.675111E+07  -0.331643E+00   0.598816E+07   0.598669E+07   0.227243E+02
   0.215705E-01   0.635253E+07   0.631866E+07   0.161939E+04   0.155719E+04   0.576393E+07   0.632079E+07   0.634705E+07   0.632079E+07  -0.310504E+00   0.560719E+07   0.560571E+07   0.207079E+02
   0.238162E-01   0.591097E+07   0.587338E+07   0.131166E+04   0.118727E+04   0.529371E+07   0.587737E+07   0.590490E+07   0.587737E+07  -0.288721E+00   0.521459E+07   0.521311E+07   0.188222E+02
   0.262957E-01   0.546083E+07   0.541974E+07   0.953645E+03   0.898641E+03   0.481931E+07   0.542559E+07   0.545419E+07   0.542559E+07  -0.266528E+00   0.481456E+07   0.481308E+07   0.170137E+02
   0.290334E-01   0.501083E+07   0.496680E+07   0.763235E+03   0.675466E+03   0.434728E+07   0.497415E+07   0.500371E+07   0.497415E+07  -0.244351E+00   0.441478E+07   0.441331E+07   0.152373E+02
   0.320561E-01   0.456475E+07   0.451875E+07   0.529494E+03   0.504004E+03   0.388841E+07   0.452719E+07   0.455732E+07   0.452719E+07  -0.222395E+00   0.401892E+07   0.401749E+07   0.134510E+02
   0.353936E-01   0.413554E+07   0.408896E+07   0.402637E+03   0.373961E+03   0.345250E+07   0.409759E+07   0.412801E+07   0.409759E+07  -0.201291E+00   0.363839E+07   0.363702E+07   0.116349E+02
   0.390784E-01   0.373371E+07   0.368837E+07   0.309864E+03   0.276488E+03   0.304863E+07   0.369586E+07   0.372638E+07   0.369586E+07  -0.181556E+00   0.328251E+07   0.328124E+07   0.978907E+01
   0.431470E-01   0.337121E+07   0.332918E+07   0.200753E+03   0.204429E+03   0.268622E+07   0.333387E+07   0.336442E+07   0.333387E+07  -0.163774E+00   0.296184E+07   0.296070E+07   0.794719E+01
   0.474616E-01   0.306480E+07   0.302786E+07   0.157407E+03   0.153337E+03   0.238020E+07   0.302827E+07   0.305883E+07   0.302827E+07  -0.148761E+00   0.269112E+07   0.269013E+07   0.623991E+01
   0.517763E-01   0.282531E+07   0.279427E+07   0.121748E+03   0.118597E+03   0.213941E+07   0.278963E+07   0.282030E+07   0.278963E+07  -0.137038E+00   0.247975E+07   0.247893E+07   0.481385E+01
   0.560910E-01   0.263194E+07   0.260676E+07   0.965025E+02   0.940022E+02   0.194365E+07   0.259705E+07   0.262787E+07   0.259705E+07  -0.127578E+00   0.230922E+07   0.230853E+07   0.368093E+01
   0.604057E-01   0.246885E+07   0.244879E+07   0.779469E+02   0.759251E+02   0.177845E+07   0.243466E+07   0.246560E+07   0.243466E+07  -0.119600E+00   0.216542E+07   0.216485E+07   0.283530E+01
   0.647204E-01   0.232471E+07   0.230854E+07   0.638491E+02   0.621913E+02   0.163388E+07   0.229110E+07   0.232210E+07   0.229110E+07  -0.112548E+00   0.203829E+07   0.203781E+07   0.225126E+01
   0.690351E-01   0.218936E+07   0.217563E+07   0.527756E+02   0.514039E+02   0.150156E+07   0.215626E+07   0.218714E+07   0.215626E+07  -0.105924E+00   0.191885E+07   0.191842E+07   0.188505E+01
   0.733498E-01   0.205648E+07   0.204379E+07   0.438474E+02   0.427066E+02   0.137651E+07   0.202390E+07   0.205443E+07   0.202390E+07  -0.994222E-01   0.180154E+07   0.180113E+07   0.168340E+01
   0.776645E-01   0.192405E+07   0.191124E+07   0.365362E+02   0.355847E+02   0.125712E+07   0.189204E+07   0.192198E+07   0.189204E+07  -0.929446E-01   0.168461E+07   0.168420E+07   0.159083E+01
   0.819792E-01   0.179372E+07   0.178005E+07   0.305221E+02   0.297265E+02   0.114418E+07   0.176236E+07   0.179151E+07   0.176236E+07  -0.865742E-01   0.156956E+07   0.156913E+07   0.155632E+01
   0.862939E-01   0.166902E+07   0.165418E+07   0.255903E+02   0.249226E+02   0.103960E+07   0.163838E+07   0.166662E+07   0.163838E+07  -0.804839E-01   0.145951E+07   0.145907E+07   0.153800E+01
   0.906086E-01   0.155339E+07   0.153750E+07   0.215693E+02   0.210060E+02   0.945043E+06   0.152354E+07   0.155082E+07   0.152354E+07  -0.748425E-01   0.135755E+07   0.135710E+07   0.150603E+01
   0.959689E-01   0.142633E+07   0.140977E+07   0.176219E+02   0.171612E+02   0.843045E+06   0.139750E+07   0.142366E+07   0.139750E+07  -0.686512E-01   0.124563E+07   0.124517E+07   0.142324E+01
   0.101329E+00   0.132071E+07   0.130447E+07   0.146118E+02   0.142294E+02   0.758760E+06   0.129289E+07   0.131809E+07   0.129289E+07  -0.635123E-01   0.115272E+07   0.115229E+07   0.128799E+01
   0.106690E+00   0.123720E+07   0.122223E+07   0.123289E+02   0.120059E+02   0.691243E+06   0.121030E+07   0.123478E+07   0.121030E+07  -0.594551E-01   0.107938E+07   0.107899E+07   0.111498E+01
   0.112050E+00   0.117264E+07   0.115961E+07   0.105807E+02   0.103032E+02   0.637479E+06   0.114652E+07   0.117053E+07   0.114652E+07  -0.563220E-01   0.102278E+07   0.102243E+07   0.929482E+00
   0.117410E+00   0.112077E+07   0.110989E+07   0.919968E+01   0.895815E+01   0.593087E+06   0.109532E+07   0.111901E+07   0.109532E+07  -0.538068E-01   0.977357E+06   0.977062E+06   0.757468E+00
   0.122770E+00   0.107482E+07   0.106588E+07   0.805994E+01   0.784813E+01   0.553863E+06   0.104998E+07   0.107338E+07   0.104998E+07  -0.515792E-01   0.937132E+06   0.936880E+06   0.618554E+00
   0.128131E+00   0.102961E+07   0.102206E+07   0.708035E+01   0.689411E+01   0.516809E+06   0.100535E+07   0.102839E+07   0.100535E+07  -0.493870E-01   0.897522E+06   0.897300E+06   0.522263E+00
   0.133491E+00   0.982262E+06   0.975419E+06   0.621566E+01   0.605201E+01   0.480380E+06   0.958602E+06   0.981156E+06   0.958602E+06  -0.470905E-01   0.855993E+06   0.855786E+06   0.467577E+00
   0.138851E+00   0.932140E+06   0.925364E+06   0.544490E+01   0.530142E+01   0.444269E+06   0.909120E+06   0.931045E+06   0.909120E+06  -0.446598E-01   0.812000E+06   0.811795E+06   0.445223E+00
   0.144212E+00   0.880398E+06   0.873254E+06   0.476112E+01   0.463555E+01   0.409033E+06   0.858065E+06   0.879243E+06   0.858065E+06  -0.421517E-01   0.766576E+06   0.766365E+06   0.441562E+00
   0.149572E+00   0.829261E+06   0.821582E+06   0.416331E+01   0.405341E+01   0.375673E+06   0.807647E+06   0.828020E+06   0.807647E+06  -0.396750E-01   0.721696E+06   0.721476E+06   0.442729E+00
   0.154932E+00   0.781354E+06   0.773235E+06   0.365128E+01   0.355483E+01   0.345260E+06   0.760459E+06   0.780042E+06   0.760459E+06  -0.373569E-01   0.679678E+06   0.679453E+06   0.437965E+00
   0.160293E+00   0.739061E+06   0.730787E+06   0.322262E+01   0.313743E+01   0.318654E+06   0.718849E+06   0.737724E+06   0.718849E+06  -0.353128E-01   0.642623E+06   0.642399E+06   0.421441E+00
   0.165653E+00   0.703727E+06   0.695659E+06   0.287007E+01   0.279414E+01   0.296181E+06   0.684126E+06   0.702423E+06   0.684126E+06  -0.336071E-01   0.611705E+06   0.611490E+06   0.392424E+00
   0.171013E+00   0.675098E+06   0.667565E+06   0.258096E+01   0.251262E+01   0.277462E+06   0.656026E+06   0.673880E+06   0.656026E+06  -0.322267E-01   0.586693E+06   0.586492E+06   0.354182E+00
   0.176373E+00   0.651627E+06   0.644840E+06   0.234013E+01   0.227813E+01   0.261625E+06   0.633014E+06   0.650530E+06   0.633014E+06  -0.310963E-01   0.566219E+06   0.566036E+06   0.312218E+00
   0.181734E+00   0.631342E+06   0.625355E+06   0.213385E+01   0.207727E+01   0.247701E+06   0.613139E+06   0.630374E+06   0.613139E+06  -0.301199E-01   0.548540E+06   0.548375E+06   0.272395E+00
   0.187094E+00   0.612403E+06   0.607120E+06   0.195144E+01   0.189966E+01   0.234855E+06   0.594583E+06   0.611549E+06   0.594583E+06  -0.292084E-01   0.532032E+06   0.531883E+06   0.239337E+00
   0.192454E+00   0.593247E+06   0.588467E+06   0.178516E+01   0.173776E+01   0.222431E+06   0.575808E+06   0.592475E+06   0.575808E+06  -0.282861E-01   0.515321E+06   0.515183E+06   0.215453E+00
   0.197815E+00   0.572838E+06   0.568319E+06   0.163024E+01   0.158693E+01   0.210029E+06   0.555800E+06   0.572108E+06   0.555800E+06  -0.273032E-01   0.497498E+06   0.497366E+06   0.200748E+00
   0.203175E+00   0.551026E+06   0.546549E+06   0.148522E+01   0.144573E+01   0.197602E+06   0.534417E+06   0.550302E+06   0.534417E+06  -0.262528E-01   0.478436E+06   0.478306E+06   0.193320E+00
   0.208535E+00   0.528505E+06   0.523924E+06   0.135101E+01   0.131507E+01   0.185409E+06   0.512345E+06   0.527765E+06   0.512345E+06  -0.251685E-01   0.458751E+06   0.458619E+06   0.190195E+00
   0.213896E+00   0.506318E+06   0.501581E+06   0.122912E+01   0.119641E+01   0.173806E+06   0.490611E+06   0.505552E+06   0.490611E+06  -0.241008E-01   0.439359E+06   0.439225E+06   0.188225E+00
   0.219256E+00   0.485409E+06   0.480553E+06   0.112048E+01   0.109064E+01   0.163087E+06   0.470142E+06   0.484624E+06   0.470142E+06  -0.230953E-01   0.421093E+06   0.420958E+06   0.184855E+00
   0.224616E+00   0.466488E+06   0.461614E+06   0.102518E+01   0.997868E+00   0.153441E+06   0.451636E+06   0.465700E+06   0.451636E+06  -0.221862E-01   0.404577E+06   0.404444E+06   0.178612E+00
   0.229977E+00   0.449960E+06   0.445195E+06   0.942605E+00   0.917475E+00   0.144939E+06   0.435486E+06   0.449190E+06   0.435486E+06  -0.213929E-01   0.390165E+06   0.390036E+06   0.169243E+00
   0.235337E+00   0.435808E+06   0.431269E+06   0.871266E+00   0.848026E+00   0.137512E+06   0.421673E+06   0.435075E+06   0.421673E+06  -0.207143E-01   0.377841E+06   0.377718E+06   0.157493E+00
   0.240697E+00   0.423588E+06   0.419347E+06   0.809047E+00   0.787456E+00   0.130959E+06   0.409753E+06   0.422902E+06   0.409753E+06  -0.201288E-01   0.367210E+06   0.367094E+06   0.144704E+00
   0.246057E+00   0.412607E+06   0.408686E+06   0.753684E+00   0.733559E+00   0.125019E+06   0.399049E+06   0.411973E+06   0.399049E+06  -0.196029E-01   0.357662E+06   0.357554E+06   0.132344E+00
   0.251418E+00   0.402159E+06   0.398526E+06   0.703218E+00   0.684432E+00   0.119448E+06   0.388865E+06   0.401572E+06   0.388865E+06  -0.191027E-01   0.348579E+06   0.348477E+06   0.121623E+00
   0.256778E+00   0.391676E+06   0.388261E+06   0.656220E+00   0.638681E+00   0.114059E+06   0.378645E+06   0.391124E+06   0.378645E+06  -0.186006E-01   0.339459E+06   0.339362E+06   0.113229E+00
   0.262138E+00   0.380823E+06   0.377543E+06   0.611852E+00   0.595492E+00   0.108748E+06   0.368063E+06   0.380293E+06   0.368063E+06  -0.180808E-01   0.330011E+06   0.329918E+06   0.107261E+00
   0.267499E+00   0.369562E+06   0.366338E+06   0.569856E+00   0.554611E+00   0.103503E+06   0.357081E+06   0.369041E+06   0.357081E+06  -0.175413E-01   0.320203E+06   0.320111E+06   0.103306E+00
   0.272859E+00   0.358104E+06   0.354881E+06   0.530377E+00   0.516182E+00   0.983823E+05   0.345909E+06   0.357583E+06   0.345909E+06  -0.169925E-01   0.310220E+06   0.310129E+06   0.100637E+00
   0.278219E+00   0.346786E+06   0.343543E+06   0.493710E+00   0.480491E+00   0.934741E+05   0.334877E+06   0.346262E+06   0.334877E+06  -0.164505E-01   0.300360E+06   0.300269E+06   0.984396E-01
   0.283580E+00   0.335952E+06   0.332697E+06   0.460099E+00   0.447775E+00   0.888611E+05   0.324321E+06   0.335426E+06   0.324321E+06  -0.159320E-01   0.290924E+06   0.290834E+06   0.960229E-01
   0.288940E+00   0.325878E+06   0.322643E+06   0.429653E+00   0.418140E+00   0.846023E+05   0.314512E+06   0.325355E+06   0.314512E+06  -0.154501E-01   0.282156E+06   0.282066E+06   0.929543E-01
   0.294300E+00   0.316724E+06   0.313551E+06   0.402298E+00   0.391513E+00   0.807216E+05   0.305605E+06   0.316211E+06   0.305605E+06  -0.150126E-01   0.274193E+06   0.274106E+06   0.891101E-01
   0.299661E+00   0.308492E+06   0.305421E+06   0.377764E+00   0.367634E+00   0.772011E+05   0.297601E+06   0.307996E+06   0.297601E+06  -0.146194E-01   0.267039E+06   0.266954E+06   0.846379E-01
   0.305021E+00   0.301037E+06   0.298096E+06   0.355631E+00   0.346091E+00   0.739870E+05   0.290357E+06   0.300562E+06   0.290357E+06  -0.142635E-01   0.260564E+06   0.260483E+06   0.798640E-01
   0.310381E+00   0.294130E+06   0.291328E+06   0.335428E+00   0.326426E+00   0.710083E+05   0.283648E+06   0.293677E+06   0.283648E+06  -0.139340E-01   0.254568E+06   0.254490E+06   0.751765E-01
   0.315741E+00   0.287529E+06   0.284857E+06   0.316727E+00   0.308224E+00   0.681959E+05   0.277238E+06   0.287097E+06   0.277238E+06  -0.136191E-01   0.248837E+06   0.248763E+06   0.709157E-01
   0.321102E+00   0.281030E+06   0.278467E+06   0.299194E+00   0.291158E+00   0.654945E+05   0.270927E+06   0.280616E+06   0.270927E+06  -0.133091E-01   0.243195E+06   0.243123E+06   0.672974E-01
   0.326462E+00   0.274501E+06   0.272017E+06   0.282604E+00   0.275011E+00   0.628687E+05   0.264586E+06   0.274100E+06   0.264586E+06  -0.129976E-01   0.237524E+06   0.237455E+06   0.643813E-01
   0.331822E+00   0.267902E+06   0.265468E+06   0.266854E+00   0.259683E+00   0.603069E+05   0.258176E+06   0.267509E+06   0.258176E+06  -0.126827E-01   0.231790E+06   0.231722E+06   0.620852E-01
   0.337183E+00   0.261283E+06   0.258879E+06   0.251942E+00   0.245169E+00   0.578182E+05   0.251748E+06   0.260895E+06   0.251748E+06  -0.123669E-01   0.226038E+06   0.225971E+06   0.602299E-01
   0.342543E+00   0.254755E+06   0.252370E+06   0.237915E+00   0.231517E+00   0.554246E+05   0.245409E+06   0.254369E+06   0.245409E+06  -0.120555E-01   0.220365E+06   0.220298E+06   0.585975E-01
   0.347903E+00   0.248439E+06   0.246073E+06   0.224826E+00   0.218779E+00   0.531487E+05   0.239278E+06   0.248057E+06   0.239278E+06  -0.117543E-01   0.214877E+06   0.214812E+06   0.569884E-01
   0.353264E+00   0.242435E+06   0.240096E+06   0.212698E+00   0.206975E+00   0.510067E+05   0.233452E+06   0.242057E+06   0.233452E+06  -0.114681E-01   0.209662E+06   0.209597E+06   0.552635E-01
   0.358624E+00   0.236801E+06   0.234502E+06   0.201512E+00   0.196088E+00   0.490052E+05   0.227988E+06   0.236429E+06   0.227988E+06  -0.111997E-01   0.204770E+06   0.204707E+06   0.533651E-01
   0.363984E+00   0.231545E+06   0.229300E+06   0.191208E+00   0.186060E+00   0.471401E+05   0.222893E+06   0.231182E+06   0.222893E+06  -0.109494E-01   0.200210E+06   0.200148E+06   0.513128E-01
   0.369344E+00   0.226632E+06   0.224451E+06   0.181695E+00   0.176802E+00   0.453980E+05   0.218133E+06   0.226280E+06   0.218133E+06  -0.107156E-01   0.195948E+06   0.195888E+06   0.491826E-01
   0.374705E+00   0.221990E+06   0.219876E+06   0.172859E+00   0.168203E+00   0.437592E+05   0.213636E+06   0.221648E+06   0.213636E+06  -0.104947E-01   0.191922E+06   0.191864E+06   0.470758E-01
   0.380065E+00   0.217532E+06   0.215485E+06   0.164590E+00   0.160155E+00   0.422029E+05   0.209319E+06   0.217201E+06   0.209319E+06  -0.102826E-01   0.188058E+06   0.188001E+06   0.450896E-01
   0.385425E+00   0.213186E+06   0.211198E+06   0.156796E+00   0.152570E+00   0.407115E+05   0.205111E+06   0.212865E+06   0.205111E+06  -0.100759E-01   0.184290E+06   0.184234E+06   0.432936E-01
   0.390786E+00   0.208901E+06   0.206962E+06   0.149410E+00   0.145382E+00   0.392728E+05   0.200962E+06   0.208588E+06   0.200962E+06  -0.987209E-02   0.180574E+06   0.180519E+06   0.417170E-01
   0.396146E+00   0.204652E+06   0.202752E+06   0.142390E+00   0.138550E+00   0.378802E+05   0.196847E+06   0.204345E+06   0.196847E+06  -0.966995E-02   0.176888E+06   0.176835E+06   0.403481E-01
   0.401506E+00   0.200440E+06   0.198571E+06   0.135717E+00   0.132056E+00   0.365326E+05   0.192769E+06   0.200138E+06   0.192769E+06  -0.946963E-02   0.173235E+06   0.173183E+06   0.391435E-01
   0.406867E+00   0.196294E+06   0.194451E+06   0.129390E+00   0.125899E+00   0.352334E+05   0.188756E+06   0.195996E+06   0.188756E+06  -0.927246E-02   0.169639E+06   0.169587E+06   0.380447E-01
   0.412227E+00   0.192257E+06   0.190438E+06   0.123415E+00   0.120084E+00   0.339886E+05   0.184848E+06   0.191963E+06   0.184848E+06  -0.908049E-02   0.166137E+06   0.166086E+06   0.369934E-01
   0.417587E+00   0.188365E+06   0.186571E+06   0.117796E+00   0.114616E+00   0.328027E+05   0.181081E+06   0.188075E+06   0.181081E+06  -0.889547E-02   0.162761E+06   0.162712E+06   0.359443E-01
   0.422948E+00   0.184637E+06   0.182872E+06   0.112523E+00   0.109485E+00   0.316767E+05   0.177475E+06   0.184352E+06   0.177475E+06  -0.871832E-02   0.159530E+06   0.159481E+06   0.348721E-01
   0.428308E+00   0.181077E+06   0.179345E+06   0.107578E+00   0.104673E+00   0.306090E+05   0.174033E+06   0.180797E+06   0.174033E+06  -0.854920E-02   0.156444E+06   0.156396E+06   0.337734E-01
   0.433668E+00   0.177679E+06   0.175983E+06   0.102938E+00   0.100158E+00   0.295964E+05   0.170747E+06   0.177404E+06   0.170747E+06  -0.838781E-02   0.153500E+06   0.153452E+06   0.326633E-01
   0.439028E+00   0.174425E+06   0.172767E+06   0.985745E-01   0.959113E-01   0.286339E+05   0.167603E+06   0.174157E+06   0.167603E+06  -0.823335E-02   0.150681E+06   0.150635E+06   0.315675E-01
   0.444389E+00   0.171288E+06   0.169668E+06   0.944562E-01   0.919038E-01   0.277150E+05   0.164572E+06   0.171026E+06   0.164572E+06  -0.808445E-02   0.147964E+06   0.147919E+06   0.305131E-01
   0.449749E+00   0.168237E+06   0.166652E+06   0.905523E-01   0.881049E-01   0.268333E+05   0.161624E+06   0.167981E+06   0.161624E+06  -0.793962E-02   0.145321E+06   0.145277E+06   0.295215E-01
   0.455109E+00   0.165248E+06   0.163697E+06   0.868393E-01   0.844917E-01   0.259837E+05   0.158736E+06   0.164998E+06   0.158736E+06  -0.779779E-02   0.142733E+06   0.142689E+06   0.286044E-01
   0.460470E+00   0.162313E+06   0.160790E+06   0.833018E-01   0.810495E-01   0.251636E+05   0.155901E+06   0.162067E+06   0.155901E+06  -0.765850E-02   0.140190E+06   0.140148E+06   0.277627E-01
   0.465830E+00   0.159430E+06   0.157932E+06   0.799301E-01   0.777685E-01   0.243719E+05   0.153116E+06   0.159188E+06   0.153116E+06  -0.752168E-02   0.137692E+06   0.137651E+06   0.269873E-01
   0.471190E+00   0.156601E+06   0.155126E+06   0.767170E-01   0.746419E-01   0.236080E+05   0.150383E+06   0.156363E+06   0.150383E+06  -0.738746E-02   0.135242E+06   0.135201E+06   0.262628E-01
   0.476551E+00   0.153835E+06   0.152381E+06   0.736583E-01   0.716656E-01   0.228722E+05   0.147712E+06   0.153600E+06   0.147712E+06  -0.725621E-02   0.132846E+06   0.132805E+06   0.255719E-01
   0.481911E+00   0.151142E+06   0.149710E+06   0.707516E-01   0.688371E-01   0.221652E+05   0.145112E+06   0.150911E+06   0.145112E+06  -0.712850E-02   0.130514E+06   0.130474E+06   0.248997E-01
   0.487271E+00   0.148534E+06   0.147124E+06   0.679938E-01   0.661537E-01   0.214876E+05   0.142594E+06   0.148306E+06   0.142594E+06  -0.700483E-02   0.128255E+06   0.128216E+06   0.242364E-01
   0.492631E+00   0.146015E+06   0.144627E+06   0.653794E-01   0.636097E-01   0.208391E+05   0.140163E+06   0.145791E+06   0.140163E+06  -0.688538E-02   0.126074E+06   0.126036E+06   0.235781E-01
   0.497992E+00   0.143581E+06   0.142217E+06   0.628996E-01   0.611967E-01   0.202182E+05   0.137815E+06   0.143361E+06   0.137815E+06  -0.677002E-02   0.123967E+06   0.123929E+06   0.229263E-01
   0.503352E+00   0.141225E+06   0.139886E+06   0.605442E-01   0.589048E-01   0.196229E+05   0.135542E+06   0.141009E+06   0.135542E+06  -0.665837E-02   0.121928E+06   0.121891E+06   0.222860E-01
   0.508712E+00   0.138939E+06   0.137623E+06   0.583033E-01   0.567243E-01   0.190511E+05   0.133336E+06   0.138726E+06   0.133336E+06  -0.655002E-02   0.119949E+06   0.119913E+06   0.216642E-01
   0.514073E+00   0.136714E+06   0.135422E+06   0.561682E-01   0.546468E-01   0.185010E+05   0.131190E+06   0.136505E+06   0.131190E+06  -0.644460E-02   0.118024E+06   0.117988E+06   0.210676E-01
   0.519433E+00   0.134543E+06   0.133273E+06   0.541304E-01   0.526640E-01   0.179708E+05   0.129096E+06   0.134337E+06   0.129096E+06  -0.634174E-02   0.116145E+06   0.116109E+06   0.205004E-01
   0.524793E+00   0.132417E+06   0.131168E+06   0.521823E-01   0.507685E-01   0.174589E+05   0.127047E+06   0.132215E+06   0.127047E+06  -0.624106E-02   0.114305E+06   0.114271E+06   0.199637E-01
   0.530154E+00   0.130333E+06   0.129103E+06   0.503178E-01   0.489542E-01   0.169639E+05   0.125037E+06   0.130134E+06   0.125037E+06  -0.614232E-02   0.112502E+06   0.112467E+06   0.194557E-01
   0.535514E+00   0.128289E+06   0.127078E+06   0.485331E-01   0.472177E-01   0.164856E+05   0.123067E+06   0.128093E+06   0.123067E+06  -0.604555E-02   0.110733E+06   0.110700E+06   0.189728E-01
   0.540874E+00   0.126291E+06   0.125097E+06   0.468260E-01   0.455566E-01   0.160237E+05   0.121140E+06   0.126098E+06   0.121140E+06  -0.595090E-02   0.109004E+06   0.108971E+06   0.185102E-01
   0.546235E+00   0.124340E+06   0.123163E+06   0.451939E-01   0.439687E-01   0.155781E+05   0.119260E+06   0.124150E+06   0.119260E+06  -0.585853E-02   0.107316E+06   0.107283E+06   0.180631E-01
   0.551595E+00   0.122437E+06   0.121278E+06   0.436338E-01   0.424507E-01   0.151485E+05   0.117426E+06   0.122250E+06   0.117426E+06  -0.576846E-02   0.105670E+06   0.105638E+06   0.176277E-01
   0.556955E+00   0.120583E+06   0.119441E+06   0.421424E-01   0.409996E-01   0.147343E+05   0.115640E+06   0.120399E+06   0.115640E+06  -0.568069E-02   0.104066E+06   0.104034E+06   0.172016E-01
   0.562315E+00   0.118779E+06   0.117653E+06   0.407170E-01   0.396127E-01   0.143352E+05   0.113901E+06   0.118597E+06   0.113901E+06  -0.559528E-02   0.102505E+06   0.102474E+06   0.167843E-01
   0.567676E+00   0.117023E+06   0.115914E+06   0.393545E-01   0.382870E-01   0.139507E+05   0.112209E+06   0.116844E+06   0.112209E+06  -0.551219E-02   0.100986E+06   0.100955E+06   0.163765E-01
   0.573036E+00   0.115313E+06   0.114221E+06   0.380510E-01   0.370187E-01   0.135798E+05   0.110562E+06   0.115136E+06   0.110562E+06  -0.543127E-02   0.995072E+05   0.994768E+05   0.159797E-01
   0.578396E+00   0.113643E+06   0.112567E+06   0.368022E-01   0.358036E-01   0.132217E+05   0.108954E+06   0.113469E+06   0.108954E+06  -0.535227E-02   0.980631E+05   0.980332E+05   0.155953E-01
   0.629654E+00   0.993644E+05   0.984235E+05   0.271137E-01   0.263772E-01   0.103322E+05   0.952092E+05   0.992123E+05   0.952092E+05  -0.467707E-02   0.857176E+05   0.856914E+05   0.125446E-01
   0.769061E+00   0.721805E+05   0.714971E+05   0.131642E-01   0.128058E-01   0.569835E+04   0.690807E+05   0.720701E+05   0.690807E+05  -0.339353E-02   0.622316E+05   0.622124E+05   0.748146E-02
   0.939334E+00   0.521854E+05   0.516912E+05   0.636488E-02   0.619125E-02   0.308319E+04   0.498976E+05   0.521056E+05   0.498976E+05  -0.245118E-02   0.449724E+05   0.449585E+05   0.444979E-02
   0.114731E+01   0.375716E+05   0.372156E+05   0.306608E-02   0.298232E-02   0.163931E+04   0.358982E+05   0.375140E+05   0.358982E+05  -0.176347E-02   0.323673E+05   0.323572E+05   0.264189E-02
   0.140132E+01   0.269463E+05   0.266909E+05   0.147194E-02   0.143168E-02   0.857599E+03   0.257318E+05   0.269050E+05   0.257318E+05  -0.126405E-02   0.232078E+05   0.232005E+05   0.156795E-02
   0.171158E+01   0.192569E+05   0.190743E+05   0.704357E-03   0.685075E-03   0.441897E+03   0.183813E+05   0.192274E+05   0.183813E+05  -0.902965E-03   0.165820E+05   0.165767E+05   0.931980E-03
   0.209053E+01   0.137172E+05   0.135871E+05   0.336052E-03   0.326847E-03   0.224497E+03   0.130894E+05   0.136962E+05   0.130894E+05  -0.643007E-03   0.118102E+05   0.118063E+05   0.556246E-03
   0.255338E+01   0.974147E+04   0.964897E+04   0.159878E-03   0.155496E-03   0.112547E+03   0.929351E+04   0.972652E+04   0.929351E+04  -0.456536E-03   0.838629E+04   0.838346E+04   0.334461E-03
   0.311870E+01   0.689862E+04   0.683303E+04   0.758614E-04   0.737816E-04   0.557358E+02   0.658029E+04   0.688802E+04   0.658029E+04  -0.323251E-03   0.593848E+04   0.593637E+04   0.203482E-03
   0.380919E+01   0.487320E+04   0.482678E+04   0.359103E-04   0.349256E-04   0.272993E+02   0.464778E+04   0.486570E+04   0.464778E+04  -0.228318E-03   0.419474E+04   0.419315E+04   0.125940E-03
   0.465255E+01   0.343448E+04   0.340166E+04   0.169609E-04   0.164957E-04   0.132412E+02   0.327532E+04   0.342917E+04   0.327532E+04  -0.160897E-03   0.295620E+04   0.295497E+04   0.797790E-04
   0.568264E+01   0.241512E+04   0.239193E+04   0.799344E-05   0.777418E-05   0.636805E+01   0.230305E+04   0.241137E+04   0.230305E+04  -0.113135E-03   0.207874E+04   0.207775E+04   0.520392E-04
   0.694079E+01   0.169492E+04   0.167854E+04   0.375982E-05   0.365669E-05   0.304080E+01   0.161619E+04   0.169227E+04   0.161619E+04  -0.793938E-04   0.145881E+04   0.145800E+04   0.351370E-04
   0.847750E+01   0.118724E+04   0.117565E+04   0.176518E-05   0.171677E-05   0.144342E+01   0.113204E+04   0.118537E+04   0.113204E+04  -0.556106E-04   0.102184E+04   0.102114E+04   0.246310E-04
   0.103544E+02   0.830175E+03   0.821951E+03   0.827286E-06   0.804596E-06   0.681851E+00   0.791546E+03   0.828846E+03   0.791546E+03  -0.388840E-04   0.714503E+03   0.713886E+03   0.179270E-04
   0.126469E+02   0.579549E+03   0.573682E+03   0.387083E-06   0.376468E-06   0.320828E+00   0.552556E+03   0.578601E+03   0.552556E+03  -0.271438E-04   0.498787E+03   0.498219E+03   0.135079E-04
   0.154470E+02   0.403968E+03   0.399747E+03   0.180831E-06   0.175873E-06   0.150472E+00   0.385128E+03   0.403285E+03   0.385128E+03  -0.189191E-04   0.347662E+03   0.347125E+03   0.104845E-04
   0.188670E+02   0.281176E+03   0.278103E+03   0.843509E-07   0.820395E-07   0.703857E-01   0.268041E+03   0.280680E+03   0.268041E+03  -0.131673E-04   0.241976E+03   0.241454E+03   0.833320E-05
   0.230442E+02   0.195443E+03   0.193166E+03   0.392893E-07   0.382134E-07   0.328507E-01   0.186290E+03   0.195075E+03   0.186290E+03  -0.915135E-05   0.168185E+03   0.167669E+03   0.674290E-05
   0.281463E+02   0.135674E+03   0.133948E+03   0.182739E-07   0.177740E-07   0.153027E-01   0.129298E+03   0.135395E+03   0.129298E+03  -0.635165E-05   0.116742E+03   0.116225E+03   0.552640E-05
   0.343780E+02   0.940650E+02   0.927171E+02   0.848682E-08   0.825499E-08   0.711593E-02   0.896207E+02   0.938472E+02   0.896207E+02  -0.440254E-05   0.809279E+02   0.804064E+02   0.456876E-05
   0.419893E+02   0.651365E+02   0.640478E+02   0.393531E-08   0.382804E-08   0.330363E-02   0.620349E+02   0.649606E+02   0.620349E+02  -0.304741E-05   0.560285E+02   0.554990E+02   0.379766E-05
   0.512859E+02   0.450488E+02   0.441360E+02   0.182162E-08   0.177213E-08   0.153128E-02   0.428790E+02   0.449013E+02   0.428790E+02  -0.210640E-05   0.387383E+02   0.381992E+02   0.316595E-05
   0.626408E+02   0.311162E+02   0.303219E+02   0.841515E-09   0.818765E-09   0.708584E-03   0.295922E+02   0.309879E+02   0.295922E+02  -0.145369E-05   0.267459E+02   0.261964E+02   0.264167E-05
   0.765096E+02   0.214631E+02   0.207477E+02   0.387786E-09   0.377380E-09   0.327281E-03   0.203860E+02   0.213475E+02   0.203860E+02  -0.100145E-05   0.184367E+02   0.178772E+02   0.220215E-05
   0.934490E+02   0.147818E+02   0.141188E+02   0.178136E-09   0.173408E-09   0.150834E-03   0.140137E+02   0.146747E+02   0.140137E+02  -0.688413E-06   0.126854E+02   0.121173E+02   0.183067E-05
   0.114139E+03   0.101618E+02   0.953407E+01   0.814879E-10   0.793602E-10   0.693263E-04   0.960727E+01   0.100604E+02   0.960727E+01  -0.471949E-06   0.870840E+01   0.813443E+01   0.151436E-05
