#          k/h    CDM            baryon         photon         nu             mass_nu        total          no_nu          total_de       Weyl           v_CDM          v_b            v_b-v_c     
   0.105163E-04   0.198369E+08   0.198369E+08   0.264354E+08   0.264350E+08   0.198370E+08   0.198369E+08   0.198369E+08   0.198436E+08  -0.473685E+00   0.105040E+08   0.105040E+08   0.598218E+01
   0.116112E-04   0.198369E+08   0.198369E+08   0.264324E+08   0.264319E+08   0.198370E+08   0.198369E+08   0.198369E+08   0.198436E+08  -0.473685E+00   0.105040E+08   0.105040E+08   0.660479E+01
   0.128200E-04   0.198369E+08   0.198369E+08   0.264287E+08   0.264281E+08   0.198370E+08   0.198369E+08   0.198369E+08   0.198436E+08  -0.473685E+00   0.105040E+08   0.105040E+08   0.729216E+01
   0.141547E-04   0.198369E+08   0.198369E+08   0.264242E+08   0.264235E+08   0.198370E+08   0.198369E+08   0.198369E+08   0.198435E+08  -0.473685E+00   0.105040E+08   0.105040E+08   0.805100E+01
   0.156284E-04   0.198369E+08   0.198369E+08   0.264188E+08   0.264179E+08   0.198370E+08   0.198369E+08   0.198369E+08   0.198435E+08  -0.473684E+00   0.105040E+08   0.105040E+08   0.888872E+01
   0.172555E-04   0.198368E+08   0.198368E+08   0.264121E+08   0.264110E+08   0.198370E+08   0.198368E+08   0.198368E+08   0.198435E+08  -0.473684E+00   0.105040E+08   0.105040E+08   0.981349E+01
   0.190520E-04   0.198368E+08   0.198368E+08   0.264040E+08   0.264027E+08   0.198370E+08   0.198368E+08   0.198368E+08   0.198435E+08  -0.473684E+00   0.105040E+08   0.105040E+08   0.108343E+02
   0.210355E-04   0.198368E+08   0.198368E+08   0.263941E+08   0.263925E+08   0.198370E+08   0.198368E+08   0.198368E+08   0.198435E+08  -0.473683E+00   0.105039E+08   0.105039E+08   0.119611E+02
   0.232256E-04   0.198368E+08   0.198368E+08   0.263821E+08   0.263801E+08   0.198369E+08   0.198368E+08   0.198368E+08   0.198435E+08  -0.473682E+00   0.105039E+08   0.105039E+08   0.132048E+02
   0.256436E-04   0.198368E+08   0.198368E+08   0.263674E+08   0.263650E+08   0.198369E+08   0.198368E+08   0.198368E+08   0.198434E+08  -0.473682E+00   0.105039E+08   0.105039E+08   0.145775E+02
   0.283134E-04   0.198367E+08   0.198367E+08   0.263495E+08   0.263466E+08   0.198369E+08   0.198367E+08   0.198367E+08   0.198434E+08  -0.473681E+00   0.105039E+08   0.105039E+08   0.160923E+02
   0.312612E-04   0.198367E+08   0.198367E+08   0.263277E+08   0.263241E+08   0.198368E+08   0.198367E+08   0.198367E+08   0.198434E+08  -0.473680E+00   0.105039E+08   0.105039E+08   0.177639E+02
   0.345158E-04   0.198366E+08   0.198366E+08   0.263011E+08   0.262968E+08   0.198368E+08   0.198366E+08   0.198366E+08   0.198433E+08  -0.473678E+00   0.105039E+08   0.105039E+08   0.196081E+02
   0.381093E-04   0.198366E+08   0.198366E+08   0.262688E+08   0.262635E+08   0.198367E+08   0.198366E+08   0.198366E+08   0.198432E+08  -0.473676E+00   0.105038E+08   0.105038E+08   0.216426E+02
   0.420769E-04   0.198365E+08   0.198365E+08   0.262294E+08   0.262230E+08   0.198367E+08   0.198365E+08   0.198365E+08   0.198432E+08  -0.473674E+00   0.105038E+08   0.105038E+08   0.238864E+02
   0.464576E-04   0.198364E+08   0.198364E+08   0.261815E+08   0.261737E+08   0.198366E+08   0.198364E+08   0.198364E+08   0.198431E+08  -0.473672E+00   0.105037E+08   0.105037E+08   0.263607E+02
   0.512944E-04   0.198363E+08   0.198363E+08   0.261232E+08   0.261137E+08   0.198365E+08   0.198363E+08   0.198363E+08   0.198429E+08  -0.473669E+00   0.105037E+08   0.105037E+08   0.290882E+02
   0.566347E-04   0.198362E+08   0.198362E+08   0.260522E+08   0.260407E+08   0.198363E+08   0.198362E+08   0.198362E+08   0.198428E+08  -0.473665E+00   0.105036E+08   0.105036E+08   0.320938E+02
   0.625311E-04   0.198360E+08   0.198360E+08   0.259660E+08   0.259520E+08   0.198362E+08   0.198361E+08   0.198360E+08   0.198426E+08  -0.473660E+00   0.105035E+08   0.105035E+08   0.354045E+02
   0.690413E-04   0.198359E+08   0.198358E+08   0.258612E+08   0.258443E+08   0.198360E+08   0.198359E+08   0.198359E+08   0.198424E+08  -0.473655E+00   0.105034E+08   0.105034E+08   0.390493E+02
   0.762293E-04   0.198356E+08   0.198356E+08   0.257340E+08   0.257134E+08   0.198358E+08   0.198356E+08   0.198356E+08   0.198421E+08  -0.473648E+00   0.105033E+08   0.105033E+08   0.430594E+02
   0.841656E-04   0.198354E+08   0.198353E+08   0.255798E+08   0.255548E+08   0.198355E+08   0.198354E+08   0.198354E+08   0.198418E+08  -0.473639E+00   0.105032E+08   0.105032E+08   0.474680E+02
   0.929282E-04   0.198350E+08   0.198350E+08   0.253929E+08   0.253626E+08   0.198351E+08   0.198350E+08   0.198350E+08   0.198414E+08  -0.473629E+00   0.105030E+08   0.105030E+08   0.523101E+02
   0.102603E-03   0.198346E+08   0.198345E+08   0.251667E+08   0.251300E+08   0.198347E+08   0.198346E+08   0.198346E+08   0.198410E+08  -0.473617E+00   0.105028E+08   0.105027E+08   0.576222E+02
   0.113285E-03   0.198341E+08   0.198340E+08   0.248935E+08   0.248492E+08   0.198342E+08   0.198341E+08   0.198341E+08   0.198404E+08  -0.473602E+00   0.105025E+08   0.105025E+08   0.634417E+02
   0.125080E-03   0.198335E+08   0.198334E+08   0.245642E+08   0.245108E+08   0.198336E+08   0.198335E+08   0.198335E+08   0.198397E+08  -0.473583E+00   0.105022E+08   0.105021E+08   0.698061E+02
   0.138102E-03   0.198328E+08   0.198326E+08   0.241682E+08   0.241039E+08   0.198328E+08   0.198327E+08   0.198327E+08   0.198388E+08  -0.473561E+00   0.105018E+08   0.105017E+08   0.767515E+02
   0.152480E-03   0.198318E+08   0.198317E+08   0.236934E+08   0.236163E+08   0.198319E+08   0.198318E+08   0.198318E+08   0.198378E+08  -0.473534E+00   0.105013E+08   0.105012E+08   0.843115E+02
   0.168355E-03   0.198307E+08   0.198306E+08   0.231262E+08   0.230341E+08   0.198307E+08   0.198307E+08   0.198307E+08   0.198366E+08  -0.473501E+00   0.105007E+08   0.105006E+08   0.925144E+02
   0.185882E-03   0.198294E+08   0.198292E+08   0.224518E+08   0.223423E+08   0.198294E+08   0.198294E+08   0.198294E+08   0.198350E+08  -0.473462E+00   0.105000E+08   0.104999E+08   0.101380E+03
   0.205235E-03   0.198278E+08   0.198276E+08   0.216543E+08   0.215247E+08   0.198277E+08   0.198277E+08   0.198278E+08   0.198332E+08  -0.473414E+00   0.104991E+08   0.104990E+08   0.110916E+03
   0.226602E-03   0.198258E+08   0.198255E+08   0.207177E+08   0.205654E+08   0.198257E+08   0.198258E+08   0.198258E+08   0.198310E+08  -0.473356E+00   0.104980E+08   0.104979E+08   0.121113E+03
   0.250194E-03   0.198234E+08   0.198231E+08   0.196269E+08   0.194493E+08   0.198232E+08   0.198234E+08   0.198234E+08   0.198283E+08  -0.473286E+00   0.104967E+08   0.104966E+08   0.131937E+03
   0.276242E-03   0.198205E+08   0.198201E+08   0.183695E+08   0.181647E+08   0.198203E+08   0.198205E+08   0.198205E+08   0.198251E+08  -0.473202E+00   0.104952E+08   0.104951E+08   0.143323E+03
   0.305002E-03   0.198170E+08   0.198165E+08   0.169387E+08   0.167053E+08   0.198167E+08   0.198169E+08   0.198170E+08   0.198212E+08  -0.473101E+00   0.104933E+08   0.104931E+08   0.155164E+03
   0.336756E-03   0.198128E+08   0.198122E+08   0.153362E+08   0.150745E+08   0.198123E+08   0.198127E+08   0.198127E+08   0.198166E+08  -0.472980E+00   0.104910E+08   0.104908E+08   0.167305E+03
   0.371817E-03   0.198077E+08   0.198070E+08   0.135767E+08   0.132889E+08   0.198071E+08   0.198076E+08   0.198076E+08   0.198110E+08  -0.472836E+00   0.104883E+08   0.104881E+08   0.179530E+03
   0.410527E-03   0.198016E+08   0.198007E+08   0.116921E+08   0.113834E+08   0.198008E+08   0.198014E+08   0.198015E+08   0.198044E+08  -0.472665E+00   0.104850E+08   0.104847E+08   0.191556E+03
   0.453268E-03   0.197943E+08   0.197932E+08   0.973590E+07   0.941518E+07   0.197933E+08   0.197941E+08   0.197941E+08   0.197965E+08  -0.472463E+00   0.104810E+08   0.104807E+08   0.203030E+03
   0.500458E-03   0.197855E+08   0.197843E+08   0.778503E+07   0.746510E+07   0.197842E+08   0.197852E+08   0.197853E+08   0.197872E+08  -0.472224E+00   0.104763E+08   0.104759E+08   0.213533E+03
   0.552561E-03   0.197750E+08   0.197736E+08   0.593715E+07   0.563473E+07   0.197735E+08   0.197747E+08   0.197748E+08   0.197762E+08  -0.471945E+00   0.104706E+08   0.104702E+08   0.222593E+03
   0.610090E-03   0.197626E+08   0.197609E+08   0.430099E+07   0.403528E+07   0.197606E+08   0.197622E+08   0.197623E+08   0.197633E+08  -0.471619E+00   0.104639E+08   0.104635E+08   0.229720E+03
   0.673607E-03   0.197479E+08   0.197459E+08   0.297686E+07   0.276657E+07   0.197455E+08   0.197474E+08   0.197475E+08   0.197482E+08  -0.471241E+00   0.104560E+08   0.104555E+08   0.234448E+03
   0.743737E-03   0.197305E+08   0.197283E+08   0.202842E+07   0.188713E+07   0.197276E+08   0.197300E+08   0.197301E+08   0.197305E+08  -0.470803E+00   0.104466E+08   0.104461E+08   0.236398E+03
   0.821169E-03   0.197101E+08   0.197076E+08   0.145266E+07   0.138339E+07   0.197065E+08   0.197096E+08   0.197097E+08   0.197099E+08  -0.470298E+00   0.104356E+08   0.104351E+08   0.235330E+03
   0.906662E-03   0.196863E+08   0.196835E+08   0.116382E+07   0.115497E+07   0.196819E+08   0.196857E+08   0.196859E+08   0.196860E+08  -0.469714E+00   0.104229E+08   0.104222E+08   0.231189E+03
   0.100106E-02   0.196586E+08   0.196554E+08   0.101234E+07   0.103826E+07   0.196531E+08   0.196578E+08   0.196581E+08   0.196581E+08  -0.469040E+00   0.104080E+08   0.104073E+08   0.224104E+03
   0.110528E-02   0.196263E+08   0.196229E+08   0.850157E+06   0.879280E+06   0.196197E+08   0.196255E+08   0.196258E+08   0.196257E+08  -0.468262E+00   0.103908E+08   0.103901E+08   0.214343E+03
   0.122035E-02   0.195890E+08   0.195853E+08   0.618171E+06   0.627017E+06   0.195809E+08   0.195881E+08   0.195884E+08   0.195883E+08  -0.467364E+00   0.103709E+08   0.103701E+08   0.202252E+03
   0.134740E-02   0.195459E+08   0.195420E+08   0.383215E+06   0.368218E+06   0.195360E+08   0.195449E+08   0.195453E+08   0.195450E+08  -0.466328E+00   0.103479E+08   0.103472E+08   0.188224E+03
   0.148768E-02   0.194963E+08   0.194923E+08   0.253923E+06   0.229783E+06   0.194841E+08   0.194951E+08   0.194956E+08   0.194952E+08  -0.465136E+00   0.103215E+08   0.103207E+08   0.172749E+03
   0.164257E-02   0.194393E+08   0.194351E+08   0.228470E+06  -0.170723E+06   0.194244E+08   0.194380E+08   0.194386E+08   0.194380E+08  -0.463768E+00   0.102912E+08   0.102904E+08   0.156499E+03
   0.181358E-02   0.193739E+08   0.193697E+08   0.184915E+06  -0.139561E+06   0.193558E+08   0.193724E+08   0.193732E+08   0.193725E+08  -0.462203E+00   0.102565E+08   0.102557E+08   0.140296E+03
   0.200239E-02   0.192992E+08   0.192950E+08   0.892134E+05  -0.114031E+06   0.192771E+08   0.192975E+08   0.192985E+08   0.192975E+08  -0.460413E+00   0.102168E+08   0.102160E+08   0.124936E+03
   0.221086E-02   0.192139E+08   0.192097E+08   0.545496E+05  -0.931212E+05   0.191871E+08   0.192120E+08   0.192132E+08   0.192120E+08  -0.458372E+00   0.101715E+08   0.101708E+08   0.111038E+03
   0.244104E-02   0.191168E+08   0.191127E+08   0.654528E+05  -0.759983E+05   0.190844E+08   0.191147E+08   0.191162E+08   0.191147E+08  -0.456049E+00   0.101200E+08   0.101193E+08   0.990169E+02
   0.269518E-02   0.190067E+08   0.190024E+08   0.267066E+05  -0.619799E+05   0.189675E+08   0.190042E+08   0.190060E+08   0.190042E+08  -0.453412E+00   0.100615E+08   0.100608E+08   0.889764E+02
   0.297578E-02   0.188819E+08   0.188775E+08   0.216785E+05  -0.505071E+05   0.188346E+08   0.188791E+08   0.188812E+08   0.188791E+08  -0.450426E+00   0.999523E+07   0.999451E+07   0.805812E+02
   0.328559E-02   0.187410E+08   0.187363E+08   0.126345E+05  -0.411211E+05   0.186840E+08   0.187377E+08   0.187402E+08   0.187377E+08  -0.447052E+00   0.992039E+07   0.991967E+07   0.732591E+02
   0.362766E-02   0.185823E+08   0.185773E+08   0.377045E+04  -0.334456E+05   0.185138E+08   0.185784E+08   0.185815E+08   0.185784E+08  -0.443251E+00   0.983608E+07   0.983536E+07   0.664421E+02
   0.400534E-02   0.184039E+08   0.183987E+08  -0.374223E+04  -0.271721E+05   0.183219E+08   0.183994E+08   0.184031E+08   0.183994E+08  -0.438980E+00   0.974137E+07   0.974065E+07   0.598746E+02
   0.442234E-02   0.182042E+08   0.181986E+08   0.366644E+04  -0.220474E+05   0.181062E+08   0.181989E+08   0.182033E+08   0.181989E+08  -0.434196E+00   0.963524E+07   0.963453E+07   0.537056E+02
   0.488276E-02   0.179810E+08   0.179751E+08  -0.395452E+03  -0.178640E+05   0.178644E+08   0.179748E+08   0.179800E+08   0.179748E+08  -0.428850E+00   0.951668E+07   0.951598E+07   0.482297E+02
   0.539111E-02   0.177324E+08   0.177260E+08  -0.347926E+04  -0.144515E+05   0.175944E+08   0.177252E+08   0.177314E+08   0.177252E+08  -0.422894E+00   0.938460E+07   0.938390E+07   0.434898E+02
   0.595239E-02   0.174565E+08   0.174494E+08  -0.108384E+04  -0.116703E+05   0.172939E+08   0.174480E+08   0.174553E+08   0.174480E+08  -0.416281E+00   0.923794E+07   0.923724E+07   0.392285E+02
   0.657210E-02   0.171510E+08   0.171432E+08  -0.212988E+04  -0.940600E+04   0.169606E+08   0.171412E+08   0.171498E+08   0.171412E+08  -0.408961E+00   0.907562E+07   0.907492E+07   0.352616E+02
   0.725633E-02   0.168142E+08   0.168056E+08  -0.146183E+04  -0.756455E+04   0.165926E+08   0.168029E+08   0.168128E+08   0.168029E+08  -0.400889E+00   0.889661E+07   0.889592E+07   0.316901E+02
   0.801180E-02   0.164442E+08   0.164345E+08  -0.238967E+04  -0.606898E+04   0.161880E+08   0.164312E+08   0.164426E+08   0.164312E+08  -0.392019E+00   0.869994E+07   0.869925E+07   0.285511E+02
   0.884592E-02   0.160393E+08   0.160284E+08  -0.234026E+04  -0.485615E+04   0.157454E+08   0.160244E+08   0.160375E+08   0.160244E+08  -0.382314E+00   0.848473E+07   0.848405E+07   0.257075E+02
   0.976688E-02   0.155982E+08   0.155858E+08  -0.149141E+04  -0.387428E+04   0.152636E+08   0.155812E+08   0.155962E+08   0.155812E+08  -0.371741E+00   0.825028E+07   0.824960E+07   0.231520E+02
   0.107837E-01   0.151198E+08   0.151057E+08  -0.160300E+04  -0.308093E+04   0.147417E+08   0.151006E+08   0.151175E+08   0.151006E+08  -0.360273E+00   0.799601E+07   0.799533E+07   0.208873E+02
   0.119064E-01   0.146033E+08   0.145872E+08  -0.121082E+04  -0.244129E+04   0.141794E+08   0.145817E+08   0.146007E+08   0.145817E+08  -0.347895E+00   0.772154E+07   0.772087E+07   0.188561E+02
   0.131460E-01   0.140486E+08   0.140301E+08  -0.825463E+03  -0.192683E+04   0.135768E+08   0.140245E+08   0.140456E+08   0.140245E+08  -0.334599E+00   0.742675E+07   0.742607E+07   0.170543E+02
   0.145147E-01   0.134557E+08   0.134346E+08  -0.940429E+03  -0.151418E+04   0.129347E+08   0.134290E+08   0.134523E+08   0.134290E+08  -0.320392E+00   0.711174E+07   0.711107E+07   0.154465E+02
   0.160258E-01   0.128256E+08   0.128016E+08  -0.679491E+03  -0.118421E+04   0.122549E+08   0.127962E+08   0.128217E+08   0.127962E+08  -0.305295E+00   0.677701E+07   0.677634E+07   0.140137E+02
   0.176943E-01   0.121601E+08   0.121327E+08  -0.578339E+03  -0.921265E+03   0.115404E+08   0.121280E+08   0.121557E+08   0.121280E+08  -0.289352E+00   0.642351E+07   0.642283E+07   0.127304E+02
   0.195365E-01   0.114620E+08   0.114311E+08  -0.570884E+03  -0.712576E+03   0.107954E+08   0.114272E+08   0.114570E+08   0.114272E+08  -0.272634E+00   0.605282E+07   0.605214E+07   0.115711E+02
   0.215705E-01   0.107357E+08   0.107010E+08  -0.279770E+03  -0.547709E+03   0.100252E+08   0.106983E+08   0.107301E+08   0.106983E+08  -0.255244E+00   0.566723E+07   0.566655E+07   0.105106E+02
   0.238162E-01   0.998700E+07   0.994863E+07  -0.244911E+03  -0.418156E+03   0.923650E+07   0.994728E+07   0.998080E+07   0.994728E+07  -0.237325E+00   0.526989E+07   0.526921E+07   0.952320E+01
   0.262957E-01   0.922392E+07   0.918205E+07  -0.221316E+03  -0.316984E+03   0.843820E+07   0.918207E+07   0.921715E+07   0.918207E+07  -0.219068E+00   0.486505E+07   0.486437E+07   0.858228E+01
   0.290334E-01   0.846119E+07   0.841640E+07  -0.145600E+03  -0.238674E+03   0.764325E+07   0.841744E+07   0.845396E+07   0.841744E+07  -0.200826E+00   0.446049E+07   0.445983E+07   0.766544E+01
   0.320561E-01   0.770548E+07   0.765873E+07  -0.126440E+03  -0.178434E+03   0.686548E+07   0.766043E+07   0.769792E+07   0.766043E+07  -0.182765E+00   0.405994E+07   0.405929E+07   0.675134E+01
   0.353936E-01   0.697861E+07   0.693132E+07  -0.749961E+02  -0.132683E+03   0.612363E+07   0.693281E+07   0.697097E+07   0.693281E+07  -0.165405E+00   0.367491E+07   0.367430E+07   0.582996E+01
   0.390784E-01   0.629844E+07   0.625244E+07  -0.708214E+02  -0.983365E+02   0.543397E+07   0.625241E+07   0.629101E+07   0.625241E+07  -0.149172E+00   0.331486E+07   0.331429E+07   0.490071E+01
   0.431470E-01   0.568512E+07   0.564250E+07  -0.400671E+02  -0.729026E+02   0.481367E+07   0.563930E+07   0.567824E+07   0.563930E+07  -0.134544E+00   0.299042E+07   0.298991E+07   0.397939E+01
   0.474616E-01   0.516697E+07   0.512951E+07   0.107440E+03  -0.548368E+02   0.428891E+07   0.512164E+07   0.516092E+07   0.512164E+07  -0.122193E+00   0.271651E+07   0.271607E+07   0.312939E+01
   0.517763E-01   0.476215E+07   0.473067E+07   0.830916E+02  -0.425314E+02   0.387576E+07   0.471737E+07   0.475706E+07   0.471737E+07  -0.112548E+00   0.250263E+07   0.250225E+07   0.242144E+01
   0.560910E-01   0.443536E+07   0.440983E+07   0.658547E+02  -0.338045E+02   0.353968E+07   0.439108E+07   0.443123E+07   0.439108E+07  -0.104764E+00   0.233003E+07   0.232972E+07   0.185950E+01
   0.604057E-01   0.415977E+07   0.413942E+07   0.531857E+02  -0.273786E+02   0.325557E+07   0.411591E+07   0.415649E+07   0.411591E+07  -0.981984E-01   0.218449E+07   0.218423E+07   0.143953E+01
   0.647204E-01   0.391619E+07   0.389977E+07   0.435607E+02  -0.224869E+02   0.300604E+07   0.387266E+07   0.391353E+07   0.387266E+07  -0.923949E-01   0.205583E+07   0.205560E+07   0.114829E+01
   0.690351E-01   0.368741E+07   0.367346E+07   0.360009E+02  -0.186364E+02   0.277630E+07   0.364422E+07   0.368515E+07   0.364422E+07  -0.869447E-01   0.193497E+07   0.193477E+07   0.963990E+00
   0.733498E-01   0.346279E+07   0.344988E+07   0.299061E+02  -0.155244E+02   0.255752E+07   0.342003E+07   0.346071E+07   0.342003E+07  -0.815959E-01   0.181631E+07   0.181612E+07   0.860415E+00
   0.776645E-01   0.323894E+07   0.322592E+07   0.249155E+02  -0.129695E+02   0.234689E+07   0.319676E+07   0.323684E+07   0.319676E+07  -0.762690E-01   0.169809E+07   0.169790E+07   0.810459E+00
   0.819792E-01   0.301868E+07   0.300478E+07   0.208109E+02  -0.108625E+02   0.214613E+07   0.297723E+07   0.301643E+07   0.297723E+07  -0.710316E-01   0.158181E+07   0.158161E+07   0.789262E+00
   0.862939E-01   0.280797E+07   0.279290E+07   0.174453E+02  -0.913034E+01   0.195901E+07   0.276741E+07   0.280553E+07   0.276741E+07  -0.660255E-01   0.147063E+07   0.147043E+07   0.776473E+00
   0.906086E-01   0.261267E+07   0.259654E+07   0.147016E+02  -0.771477E+01   0.178897E+07   0.257308E+07   0.261006E+07   0.257308E+07  -0.613892E-01   0.136763E+07   0.136743E+07   0.757582E+00
   0.959689E-01   0.239815E+07   0.238136E+07   0.120085E+02  -0.632181E+01   0.160479E+07   0.235983E+07   0.239544E+07   0.235983E+07  -0.563014E-01   0.125459E+07   0.125438E+07   0.713880E+00
   0.101329E+00   0.221994E+07   0.220347E+07   0.995527E+01  -0.525722E+01   0.145224E+07   0.218282E+07   0.221728E+07   0.218282E+07  -0.520783E-01   0.116076E+07   0.116056E+07   0.645398E+00
   0.106690E+00   0.207912E+07   0.206395E+07   0.839826E+01  -0.444833E+01   0.133010E+07   0.204305E+07   0.207667E+07   0.204305E+07  -0.487435E-01   0.108668E+07   0.108650E+07   0.559181E+00
   0.112050E+00   0.197031E+07   0.195710E+07   0.720599E+01  -0.382793E+01   0.123306E+07   0.193507E+07   0.196818E+07   0.193507E+07  -0.461674E-01   0.102948E+07   0.102932E+07   0.467367E+00
   0.117410E+00   0.188293E+07   0.187191E+07   0.626426E+01  -0.333710E+01   0.115306E+07   0.184836E+07   0.188115E+07   0.184836E+07  -0.440986E-01   0.983564E+06   0.983430E+06   0.382426E+00
   0.122770E+00   0.180554E+07   0.179647E+07   0.548709E+01  -0.293123E+01   0.108211E+07   0.177156E+07   0.180408E+07   0.177156E+07  -0.422663E-01   0.942899E+06   0.942784E+06   0.313756E+00
   0.128131E+00   0.172937E+07   0.172171E+07   0.481921E+01  -0.258146E+01   0.101463E+07   0.169600E+07   0.172814E+07   0.169600E+07  -0.404636E-01   0.902873E+06   0.902771E+06   0.265896E+00
   0.133491E+00   0.164958E+07   0.164263E+07   0.422976E+01  -0.227181E+01   0.947581E+06   0.161689E+07   0.164845E+07   0.161689E+07  -0.385761E-01   0.860935E+06   0.860840E+06   0.238305E+00
   0.138851E+00   0.156510E+07   0.155821E+07   0.370443E+01  -0.199493E+01   0.880400E+06   0.153319E+07   0.156398E+07   0.153319E+07  -0.365794E-01   0.816538E+06   0.816443E+06   0.226465E+00
   0.144212E+00   0.147789E+07   0.147063E+07   0.323847E+01  -0.174856E+01   0.814229E+06   0.144688E+07   0.147671E+07   0.144688E+07  -0.345199E-01   0.770720E+06   0.770624E+06   0.223759E+00
   0.149572E+00   0.139171E+07   0.138392E+07   0.283118E+01  -0.153256E+01   0.751111E+06   0.136166E+07   0.139046E+07   0.136166E+07  -0.324868E-01   0.725469E+06   0.725369E+06   0.223470E+00
   0.154932E+00   0.131101E+07   0.130277E+07   0.248240E+01  -0.134713E+01   0.693266E+06   0.128192E+07   0.130968E+07   0.128192E+07  -0.305843E-01   0.683115E+06   0.683012E+06   0.220393E+00
   0.160293E+00   0.123980E+07   0.123140E+07   0.219045E+01  -0.119159E+01   0.642522E+06   0.121160E+07   0.123844E+07   0.121160E+07  -0.289067E-01   0.645764E+06   0.645663E+06   0.211708E+00
   0.165653E+00   0.118033E+07   0.117215E+07   0.195038E+01  -0.106349E+01   0.599648E+06   0.115291E+07   0.117901E+07   0.115291E+07  -0.275065E-01   0.614597E+06   0.614499E+06   0.197065E+00
   0.171013E+00   0.113217E+07   0.112454E+07   0.175352E+01  -0.958331E+00   0.563992E+06   0.110540E+07   0.113094E+07   0.110540E+07  -0.263730E-01   0.589375E+06   0.589284E+06   0.178035E+00
   0.176373E+00   0.109272E+07   0.108583E+07   0.158955E+01  -0.870643E+00   0.533874E+06   0.106648E+07   0.109160E+07   0.106648E+07  -0.254444E-01   0.568721E+06   0.568638E+06   0.157271E+00
   0.181734E+00   0.105862E+07   0.105255E+07   0.144912E+01  -0.795434E+00   0.507386E+06   0.103286E+07   0.105764E+07   0.103286E+07  -0.246422E-01   0.550883E+06   0.550808E+06   0.137596E+00
   0.187094E+00   0.102680E+07   0.102143E+07   0.132496E+01  -0.728816E+00   0.482864E+06   0.100147E+07   0.102593E+07   0.100147E+07  -0.238933E-01   0.534229E+06   0.534161E+06   0.121237E+00
   0.192454E+00   0.994594E+06   0.989741E+06   0.121179E+01  -0.667951E+00   0.458989E+06   0.969721E+06   0.993809E+06   0.969721E+06  -0.231359E-01   0.517376E+06   0.517313E+06   0.109348E+00
   0.197815E+00   0.960275E+06   0.955687E+06   0.110638E+01  -0.611095E+00   0.434942E+06   0.935906E+06   0.959534E+06   0.935906E+06  -0.223291E-01   0.499414E+06   0.499354E+06   0.101923E+00
   0.203175E+00   0.923591E+06   0.919046E+06   0.100773E+01  -0.557726E+00   0.410637E+06   0.899787E+06   0.922857E+06   0.899787E+06  -0.214673E-01   0.480215E+06   0.480155E+06   0.980356E-01
   0.208535E+00   0.885716E+06   0.881066E+06   0.916460E+00  -0.508214E+00   0.386617E+06   0.862519E+06   0.884965E+06   0.862519E+06  -0.205782E-01   0.460396E+06   0.460336E+06   0.962476E-01
   0.213896E+00   0.848405E+06   0.843598E+06   0.833590E+00  -0.463155E+00   0.363639E+06   0.825830E+06   0.847628E+06   0.825830E+06  -0.197029E-01   0.440877E+06   0.440816E+06   0.950365E-01
   0.219256E+00   0.813253E+06   0.808326E+06   0.759735E+00  -0.422917E+00   0.342336E+06   0.791282E+06   0.812456E+06   0.791282E+06  -0.188786E-01   0.422496E+06   0.422435E+06   0.931664E-01
   0.224616E+00   0.781452E+06   0.776508E+06   0.694970E+00  -0.387576E+00   0.323126E+06   0.760046E+06   0.780653E+06   0.760046E+06  -0.181334E-01   0.405875E+06   0.405815E+06   0.899264E-01
   0.229977E+00   0.753685E+06   0.748853E+06   0.638852E+00  -0.356915E+00   0.306190E+06   0.732785E+06   0.752904E+06   0.732785E+06  -0.174830E-01   0.391372E+06   0.391313E+06   0.851932E-01
   0.235337E+00   0.729923E+06   0.725318E+06   0.590378E+00  -0.330405E+00   0.291404E+06   0.709461E+06   0.729178E+06   0.709461E+06  -0.169265E-01   0.378966E+06   0.378910E+06   0.793282E-01
   0.240697E+00   0.709409E+06   0.705108E+06   0.548106E+00  -0.307264E+00   0.278366E+06   0.689331E+06   0.708714E+06   0.689331E+06  -0.164462E-01   0.368262E+06   0.368209E+06   0.729774E-01
   0.246057E+00   0.690981E+06   0.687003E+06   0.510495E+00  -0.286649E+00   0.266539E+06   0.671250E+06   0.690338E+06   0.671250E+06  -0.160149E-01   0.358649E+06   0.358599E+06   0.668494E-01
   0.251418E+00   0.673448E+06   0.669761E+06   0.476218E+00  -0.267832E+00   0.255413E+06   0.654051E+06   0.672852E+06   0.654051E+06  -0.156045E-01   0.349503E+06   0.349457E+06   0.615253E-01
   0.256778E+00   0.655852E+06   0.652387E+06   0.444302E+00  -0.250276E+00   0.244597E+06   0.636795E+06   0.655292E+06   0.636795E+06  -0.151928E-01   0.340324E+06   0.340280E+06   0.573367E-01
   0.262138E+00   0.637634E+06   0.634304E+06   0.414180E+00  -0.233670E+00   0.233873E+06   0.618935E+06   0.637096E+06   0.618935E+06  -0.147667E-01   0.330819E+06   0.330777E+06   0.543290E-01
   0.267499E+00   0.618726E+06   0.615454E+06   0.385674E+00  -0.217920E+00   0.223218E+06   0.600408E+06   0.618197E+06   0.600408E+06  -0.143247E-01   0.320955E+06   0.320913E+06   0.522991E-01
   0.272859E+00   0.599488E+06   0.596217E+06   0.358884E+00  -0.203086E+00   0.212761E+06   0.581565E+06   0.598959E+06   0.581565E+06  -0.138751E-01   0.310919E+06   0.310877E+06   0.508976E-01
   0.278219E+00   0.580486E+06   0.577195E+06   0.334007E+00  -0.189285E+00   0.202695E+06   0.562963E+06   0.579954E+06   0.562963E+06  -0.134313E-01   0.301008E+06   0.300966E+06   0.497303E-01
   0.283580E+00   0.562299E+06   0.558997E+06   0.311208E+00  -0.176618E+00   0.193208E+06   0.545166E+06   0.561766E+06   0.545166E+06  -0.130067E-01   0.291525E+06   0.291484E+06   0.484627E-01
   0.288940E+00   0.545392E+06   0.542110E+06   0.290559E+00  -0.165130E+00   0.184432E+06   0.528628E+06   0.544862E+06   0.528628E+06  -0.126122E-01   0.282712E+06   0.282672E+06   0.468860E-01
   0.294300E+00   0.530033E+06   0.526815E+06   0.272009E+00  -0.154798E+00   0.176428E+06   0.513610E+06   0.529513E+06   0.513610E+06  -0.122538E-01   0.274710E+06   0.274670E+06   0.449406E-01
   0.299661E+00   0.516226E+06   0.513111E+06   0.255374E+00  -0.145524E+00   0.169164E+06   0.500114E+06   0.515723E+06   0.500114E+06  -0.119318E-01   0.267519E+06   0.267481E+06   0.426977E-01
   0.305021E+00   0.503726E+06   0.500742E+06   0.240369E+00  -0.137151E+00   0.162529E+06   0.487898E+06   0.503244E+06   0.487898E+06  -0.116404E-01   0.261011E+06   0.260974E+06   0.403148E-01
   0.310381E+00   0.492146E+06   0.489303E+06   0.226674E+00  -0.129501E+00   0.156371E+06   0.476584E+06   0.491686E+06   0.476584E+06  -0.113705E-01   0.254984E+06   0.254949E+06   0.379788E-01
   0.315741E+00   0.481079E+06   0.478368E+06   0.213999E+00  -0.122411E+00   0.150544E+06   0.465774E+06   0.480641E+06   0.465774E+06  -0.111125E-01   0.249225E+06   0.249191E+06   0.358535E-01
   0.321102E+00   0.470184E+06   0.467583E+06   0.202117E+00  -0.115755E+00   0.144928E+06   0.455133E+06   0.469764E+06   0.455133E+06  -0.108587E-01   0.243554E+06   0.243522E+06   0.340425E-01
   0.326462E+00   0.459237E+06   0.456716E+06   0.190877E+00  -0.109449E+00   0.139447E+06   0.444445E+06   0.458830E+06   0.444445E+06  -0.106037E-01   0.237857E+06   0.237825E+06   0.325742E-01
   0.331822E+00   0.448171E+06   0.445701E+06   0.180209E+00  -0.103453E+00   0.134077E+06   0.433643E+06   0.447772E+06   0.433643E+06  -0.103460E-01   0.232098E+06   0.232066E+06   0.314082E-01
   0.337183E+00   0.437072E+06   0.434632E+06   0.170110E+00  -0.977680E-01   0.128840E+06   0.422813E+06   0.436677E+06   0.422813E+06  -0.100876E-01   0.226322E+06   0.226291E+06   0.304578E-01
   0.342543E+00   0.426125E+06   0.423704E+06   0.160612E+00  -0.924140E-01   0.123786E+06   0.412134E+06   0.425734E+06   0.412134E+06  -0.983280E-02   0.220625E+06   0.220595E+06   0.296176E-01
   0.347903E+00   0.415536E+06   0.413134E+06   0.151752E+00  -0.874124E-01   0.118968E+06   0.401808E+06   0.415148E+06   0.401808E+06  -0.958643E-02   0.215116E+06   0.215086E+06   0.287911E-01
   0.353264E+00   0.405470E+06   0.403097E+06   0.143542E+00  -0.827733E-01   0.114426E+06   0.391995E+06   0.405086E+06   0.391995E+06  -0.935232E-02   0.209881E+06   0.209851E+06   0.279111E-01
   0.358624E+00   0.396026E+06   0.393693E+06   0.135971E+00  -0.784908E-01   0.110174E+06   0.382791E+06   0.395649E+06   0.382791E+06  -0.913273E-02   0.204970E+06   0.204941E+06   0.269496E-01
   0.363984E+00   0.387219E+06   0.384941E+06   0.128999E+00  -0.745432E-01   0.106208E+06   0.374211E+06   0.386851E+06   0.374211E+06  -0.892802E-02   0.200392E+06   0.200363E+06   0.259162E-01
   0.369344E+00   0.378987E+06   0.376774E+06   0.122562E+00  -0.708954E-01   0.102500E+06   0.366193E+06   0.378630E+06   0.366193E+06  -0.873673E-02   0.196114E+06   0.196086E+06   0.248474E-01
   0.374705E+00   0.371209E+06   0.369065E+06   0.116584E+00  -0.675046E-01   0.990062E+05   0.358618E+06   0.370863E+06   0.358618E+06  -0.855601E-02   0.192072E+06   0.192046E+06   0.237921E-01
   0.380065E+00   0.363742E+06   0.361665E+06   0.110990E+00  -0.643285E-01   0.956817E+05   0.351348E+06   0.363407E+06   0.351348E+06  -0.838256E-02   0.188193E+06   0.188167E+06   0.227971E-01
   0.385425E+00   0.356462E+06   0.354445E+06   0.105719E+00  -0.613318E-01   0.924880E+05   0.344262E+06   0.356136E+06   0.344262E+06  -0.821349E-02   0.184411E+06   0.184386E+06   0.218956E-01
   0.390786E+00   0.349284E+06   0.347317E+06   0.100724E+00  -0.584891E-01   0.893986E+05   0.337275E+06   0.348966E+06   0.337275E+06  -0.804680E-02   0.180682E+06   0.180657E+06   0.211018E-01
   0.396146E+00   0.342165E+06   0.340237E+06   0.959779E-01  -0.557846E-01   0.863993E+05   0.330348E+06   0.341853E+06   0.330348E+06  -0.788152E-02   0.176984E+06   0.176960E+06   0.204096E-01
   0.401506E+00   0.335109E+06   0.333213E+06   0.914669E-01  -0.532110E-01   0.834884E+05   0.323484E+06   0.334803E+06   0.323484E+06  -0.771776E-02   0.173319E+06   0.173295E+06   0.197982E-01
   0.406867E+00   0.328164E+06   0.326294E+06   0.871901E-01  -0.507682E-01   0.806749E+05   0.316729E+06   0.327862E+06   0.316729E+06  -0.755659E-02   0.169712E+06   0.169688E+06   0.192390E-01
   0.412227E+00   0.321401E+06   0.319555E+06   0.831526E-01  -0.484597E-01   0.779730E+05   0.310152E+06   0.321102E+06   0.310152E+06  -0.739968E-02   0.166199E+06   0.166176E+06   0.187039E-01
   0.417587E+00   0.314881E+06   0.313061E+06   0.793559E-01  -0.462868E-01   0.753939E+05   0.303814E+06   0.314587E+06   0.303814E+06  -0.724847E-02   0.162814E+06   0.162791E+06   0.181711E-01
   0.422948E+00   0.308638E+06   0.306847E+06   0.757936E-01  -0.442462E-01   0.729413E+05   0.297746E+06   0.308348E+06   0.297746E+06  -0.710369E-02   0.159573E+06   0.159550E+06   0.176282E-01
   0.428308E+00   0.302676E+06   0.300919E+06   0.724531E-01  -0.423310E-01   0.706121E+05   0.291953E+06   0.302392E+06   0.291953E+06  -0.696549E-02   0.156478E+06   0.156456E+06   0.170737E-01
   0.433668E+00   0.296986E+06   0.295266E+06   0.693187E-01  -0.405325E-01   0.683999E+05   0.286425E+06   0.296708E+06   0.286425E+06  -0.683360E-02   0.153525E+06   0.153504E+06   0.165147E-01
   0.439028E+00   0.291539E+06   0.289857E+06   0.663718E-01  -0.388402E-01   0.662940E+05   0.281134E+06   0.291267E+06   0.281134E+06  -0.670738E-02   0.150699E+06   0.150678E+06   0.159636E-01
   0.444389E+00   0.286287E+06   0.284644E+06   0.635908E-01  -0.372418E-01   0.642803E+05   0.276035E+06   0.286022E+06   0.276035E+06  -0.658571E-02   0.147975E+06   0.147954E+06   0.154335E-01
   0.449749E+00   0.281179E+06   0.279572E+06   0.609549E-01  -0.357255E-01   0.623440E+05   0.271075E+06   0.280919E+06   0.271075E+06  -0.646737E-02   0.145324E+06   0.145304E+06   0.149346E-01
   0.455109E+00   0.276176E+06   0.274602E+06   0.584482E-01  -0.342821E-01   0.604745E+05   0.266218E+06   0.275922E+06   0.266218E+06  -0.635150E-02   0.142729E+06   0.142710E+06   0.144725E-01
   0.460470E+00   0.271262E+06   0.269717E+06   0.560605E-01  -0.329060E-01   0.586659E+05   0.261449E+06   0.271013E+06   0.261449E+06  -0.623771E-02   0.140181E+06   0.140161E+06   0.140475E-01
   0.465830E+00   0.266435E+06   0.264916E+06   0.537848E-01  -0.315932E-01   0.569160E+05   0.256764E+06   0.266190E+06   0.256764E+06  -0.612595E-02   0.137677E+06   0.137658E+06   0.136553E-01
   0.471190E+00   0.261700E+06   0.260203E+06   0.516166E-01  -0.303413E-01   0.552241E+05   0.252169E+06   0.261458E+06   0.252169E+06  -0.601632E-02   0.135221E+06   0.135202E+06   0.132884E-01
   0.476551E+00   0.257069E+06   0.255594E+06   0.495528E-01  -0.291486E-01   0.535911E+05   0.247677E+06   0.256831E+06   0.247677E+06  -0.590914E-02   0.132819E+06   0.132801E+06   0.129382E-01
   0.481911E+00   0.252562E+06   0.251109E+06   0.475917E-01  -0.280145E-01   0.520194E+05   0.243306E+06   0.252327E+06   0.243306E+06  -0.580485E-02   0.130482E+06   0.130464E+06   0.125978E-01
   0.487271E+00   0.248197E+06   0.246766E+06   0.457315E-01  -0.269377E-01   0.505106E+05   0.239072E+06   0.247966E+06   0.239072E+06  -0.570385E-02   0.128219E+06   0.128201E+06   0.122622E-01
   0.492631E+00   0.243981E+06   0.242573E+06   0.439681E-01  -0.259163E-01   0.490643E+05   0.234985E+06   0.243753E+06   0.234985E+06  -0.560632E-02   0.126033E+06   0.126015E+06   0.119296E-01
   0.497992E+00   0.239908E+06   0.238524E+06   0.422957E-01  -0.249469E-01   0.476775E+05   0.231036E+06   0.239684E+06   0.231036E+06  -0.551213E-02   0.123922E+06   0.123905E+06   0.116007E-01
   0.503352E+00   0.235966E+06   0.234606E+06   0.407073E-01  -0.240255E-01   0.463458E+05   0.227216E+06   0.235746E+06   0.227216E+06  -0.542097E-02   0.121879E+06   0.121862E+06   0.112779E-01
   0.508712E+00   0.232140E+06   0.230805E+06   0.391964E-01  -0.231484E-01   0.450647E+05   0.223508E+06   0.231924E+06   0.223508E+06  -0.533251E-02   0.119896E+06   0.119879E+06   0.109645E-01
   0.514073E+00   0.228417E+06   0.227106E+06   0.377569E-01  -0.223122E-01   0.438302E+05   0.219901E+06   0.228205E+06   0.219901E+06  -0.524644E-02   0.117967E+06   0.117950E+06   0.106638E-01
   0.519433E+00   0.224784E+06   0.223495E+06   0.363833E-01  -0.215136E-01   0.426384E+05   0.216381E+06   0.224575E+06   0.216381E+06  -0.516247E-02   0.116084E+06   0.116068E+06   0.103778E-01
   0.524793E+00   0.221227E+06   0.219960E+06   0.350702E-01  -0.207497E-01   0.414857E+05   0.212936E+06   0.221023E+06   0.212936E+06  -0.508029E-02   0.114242E+06   0.114226E+06   0.101069E-01
   0.530154E+00   0.217740E+06   0.216492E+06   0.338136E-01  -0.200181E-01   0.403692E+05   0.209559E+06   0.217538E+06   0.209559E+06  -0.499970E-02   0.112435E+06   0.112419E+06   0.985025E-02
   0.535514E+00   0.214321E+06   0.213092E+06   0.326110E-01  -0.193173E-01   0.392882E+05   0.206248E+06   0.214122E+06   0.206248E+06  -0.492071E-02   0.110664E+06   0.110648E+06   0.960609E-02
   0.540874E+00   0.210977E+06   0.209766E+06   0.314607E-01  -0.186467E-01   0.382426E+05   0.203010E+06   0.210782E+06   0.203010E+06  -0.484348E-02   0.108932E+06   0.108917E+06   0.937211E-02
   0.546235E+00   0.207714E+06   0.206520E+06   0.303612E-01  -0.180052E-01   0.372325E+05   0.199851E+06   0.207521E+06   0.199851E+06  -0.476809E-02   0.107241E+06   0.107226E+06   0.914600E-02
   0.551595E+00   0.204531E+06   0.203354E+06   0.293102E-01  -0.173916E-01   0.362570E+05   0.196770E+06   0.204341E+06   0.196770E+06  -0.469459E-02   0.105593E+06   0.105578E+06   0.892586E-02
   0.556955E+00   0.201429E+06   0.200270E+06   0.283057E-01  -0.168047E-01   0.353151E+05   0.193769E+06   0.201242E+06   0.193769E+06  -0.462298E-02   0.103987E+06   0.103972E+06   0.871054E-02
   0.562315E+00   0.198411E+06   0.197268E+06   0.273457E-01  -0.162435E-01   0.344062E+05   0.190848E+06   0.198226E+06   0.190848E+06  -0.455329E-02   0.102423E+06   0.102409E+06   0.849977E-02
   0.567676E+00   0.195474E+06   0.194349E+06   0.264281E-01  -0.157068E-01   0.335293E+05   0.188006E+06   0.195292E+06   0.188006E+06  -0.448550E-02   0.100903E+06   0.100889E+06   0.829394E-02
   0.573036E+00   0.192613E+06   0.191505E+06   0.255503E-01  -0.151930E-01   0.326824E+05   0.185239E+06   0.192434E+06   0.185239E+06  -0.441948E-02   0.994217E+05   0.994078E+05   0.809368E-02
   0.578396E+00   0.189820E+06   0.188729E+06   0.247095E-01  -0.147006E-01   0.318633E+05   0.182538E+06   0.189644E+06   0.182538E+06  -0.435503E-02   0.979758E+05   0.979621E+05   0.789971E-02
   0.629654E+00   0.165942E+06   0.164988E+06   0.181895E-01  -0.108708E-01   0.252064E+05   0.159456E+06   0.165788E+06   0.159456E+06  -0.380435E-02   0.856180E+05   0.856060E+05   0.635879E-02
   0.769061E+00   0.120502E+06   0.119809E+06   0.881530E-02  -0.531908E-02   0.143018E+05   0.115612E+06   0.120390E+06   0.115612E+06  -0.275830E-02   0.621240E+05   0.621153E+05   0.380050E-02
   0.939334E+00   0.870975E+05   0.865959E+05   0.425530E-02  -0.258839E-02   0.795491E+04   0.834555E+05   0.870164E+05   0.834555E+05  -0.199110E-02   0.448737E+05   0.448673E+05   0.226764E-02
   0.114731E+01   0.626935E+05   0.623322E+05   0.204700E-02  -0.125341E-02   0.434411E+04   0.600097E+05   0.626351E+05   0.600097E+05  -0.143173E-02   0.322841E+05   0.322795E+05   0.135264E-02
   0.140132E+01   0.449563E+05   0.446971E+05   0.981563E-03  -0.604237E-03   0.233197E+04   0.429966E+05   0.449144E+05   0.429966E+05  -0.102582E-02   0.231413E+05   0.231379E+05   0.808286E-03
   0.171158E+01   0.321236E+05   0.319382E+05   0.469251E-03  -0.290083E-03   0.123185E+04   0.307037E+05   0.320937E+05   0.307037E+05  -0.732536E-03   0.165307E+05   0.165282E+05   0.485193E-03
   0.209053E+01   0.228805E+05   0.227483E+05   0.223710E-03  -0.138746E-03   0.640983E+03   0.218584E+05   0.228591E+05   0.218584E+05  -0.521504E-03   0.117716E+05   0.117697E+05   0.293655E-03
   0.255338E+01   0.162478E+05   0.161538E+05   0.106366E-03  -0.661343E-04   0.328814E+03   0.155163E+05   0.162326E+05   0.155163E+05  -0.370192E-03   0.835777E+04   0.835640E+04   0.180021E-03
   0.311870E+01   0.115056E+05   0.114389E+05   0.504460E-04  -0.314249E-04   0.166441E+03   0.109846E+05   0.114948E+05   0.109846E+05  -0.262074E-03   0.591771E+04   0.591666E+04   0.112409E-03
   0.380919E+01   0.812733E+04   0.808002E+04   0.238705E-04  -0.148912E-04   0.832207E+02   0.775773E+04   0.811968E+04   0.775773E+04  -0.185086E-03   0.417977E+04   0.417894E+04   0.719456E-04
   0.465255E+01   0.572773E+04   0.569421E+04   0.112709E-04  -0.703874E-05   0.411437E+02   0.546644E+04   0.572231E+04   0.546644E+04  -0.130420E-03   0.294549E+04   0.294483E+04   0.474837E-04
   0.568264E+01   0.402765E+04   0.400390E+04   0.531043E-05  -0.331918E-05   0.201330E+02   0.384349E+04   0.402381E+04   0.384349E+04  -0.916989E-04   0.207113E+04   0.207057E+04   0.324659E-04
   0.694079E+01   0.282654E+04   0.280968E+04   0.249723E-05  -0.156190E-05   0.976252E+01   0.269707E+04   0.282382E+04   0.269707E+04  -0.643474E-04   0.145343E+04   0.145295E+04   0.230501E-04
   0.847750E+01   0.197989E+04   0.196787E+04   0.117211E-05  -0.733547E-06   0.469595E+01   0.188907E+04   0.197794E+04   0.188907E+04  -0.450699E-04   0.101804E+04   0.101761E+04   0.169798E-04
   0.103544E+02   0.138441E+04   0.137580E+04   0.549164E-06  -0.343896E-06   0.224313E+01   0.132083E+04   0.138302E+04   0.132083E+04  -0.315128E-04   0.711834E+03   0.711432E+03   0.129322E-04
   0.126469E+02   0.966454E+03   0.960223E+03   0.256848E-06  -0.160957E-06   0.106507E+01   0.922012E+03   0.965447E+03   0.922012E+03  -0.219976E-04   0.496913E+03   0.496529E+03   0.101289E-04
   0.154470E+02   0.673642E+03   0.669071E+03   0.119923E-06  -0.752196E-07   0.503131E+00   0.642619E+03   0.672904E+03   0.642619E+03  -0.153318E-04   0.346347E+03   0.345971E+03   0.810989E-05
   0.188670E+02   0.468869E+03   0.465450E+03   0.558946E-07  -0.351032E-07   0.236654E+00   0.447234E+03   0.468316E+03   0.447234E+03  -0.106702E-04   0.241052E+03   0.240679E+03   0.660056E-05
   0.230442E+02   0.325895E+03   0.323273E+03   0.260040E-07  -0.163608E-07   0.110910E+00   0.310817E+03   0.325471E+03   0.310817E+03  -0.741555E-05   0.167535E+03   0.167159E+03   0.543472E-05
   0.281463E+02   0.226221E+03   0.224147E+03   0.120736E-07  -0.761654E-08   0.518205E-01   0.215715E+03   0.225886E+03   0.215715E+03  -0.514657E-05   0.116282E+03   0.115902E+03   0.450971E-05
   0.343780E+02   0.156831E+03   0.155130E+03   0.559260E-08  -0.354199E-08   0.241484E-01   0.149506E+03   0.156556E+03   0.149506E+03  -0.356695E-05   0.806013E+02   0.802138E+02   0.376029E-05
   0.419893E+02   0.108587E+03   0.107140E+03   0.258319E-08  -0.164563E-08   0.112272E-01   0.103474E+03   0.108353E+03   0.103474E+03  -0.246870E-05   0.557940E+02   0.553983E+02   0.314360E-05
   0.512859E+02   0.750871E+02   0.738081E+02   0.118880E-08  -0.763963E-09   0.520862E-02   0.715081E+02   0.748804E+02   0.715081E+02  -0.170606E-05   0.385675E+02   0.381632E+02   0.263024E-05
   0.626408E+02   0.518516E+02   0.506836E+02   0.544415E-09  -0.354440E-09   0.241136E-02   0.493361E+02   0.516629E+02   0.493361E+02  -0.117707E-05   0.266191E+02   0.262061E+02   0.219917E-05
   0.765096E+02   0.357528E+02   0.346567E+02   0.247625E-09  -0.164373E-09   0.111386E-02   0.339734E+02   0.355757E+02   0.339734E+02  -0.810547E-06   0.183403E+02   0.179195E+02   0.183466E-05
   0.934490E+02   0.246100E+02   0.235606E+02   0.111543E-09  -0.762163E-10   0.513202E-03   0.233396E+02   0.244404E+02   0.233396E+02  -0.556843E-06   0.126100E+02   0.121829E+02   0.152451E-05
   0.114139E+03   0.169049E+02   0.158871E+02   0.495400E-10  -0.353446E-10   0.235716E-03   0.159864E+02   0.167404E+02   0.159864E+02  -0.381408E-06   0.864744E+01   0.821667E+01   0.125896E-05
