#          k/h    CDM            baryon         photon         nu             mass_nu        total          no_nu          total_de       Weyl           v_CDM          v_b            v_b-v_c     
   0.105163E-04   0.162259E+08   0.162259E+08   0.216258E+08   0.216255E+08   0.162260E+08   0.162259E+08   0.162259E+08   0.162334E+08  -0.533988E+00   0.116680E+08   0.116680E+08   0.756106E+01
   0.116112E-04   0.162259E+08   0.162259E+08   0.216238E+08   0.216235E+08   0.162260E+08   0.162259E+08   0.162259E+08   0.162334E+08  -0.533987E+00   0.116680E+08   0.116680E+08   0.834804E+01
   0.128200E-04   0.162259E+08   0.162259E+08   0.216215E+08   0.216211E+08   0.162260E+08   0.162259E+08   0.162259E+08   0.162334E+08  -0.533987E+00   0.116680E+08   0.116680E+08   0.921687E+01
   0.141547E-04   0.162259E+08   0.162259E+08   0.216186E+08   0.216181E+08   0.162260E+08   0.162259E+08   0.162259E+08   0.162334E+08  -0.533987E+00   0.116680E+08   0.116680E+08   0.101761E+02
   0.156284E-04   0.162259E+08   0.162259E+08   0.216151E+08   0.216145E+08   0.162260E+08   0.162259E+08   0.162259E+08   0.162334E+08  -0.533987E+00   0.116679E+08   0.116679E+08   0.112350E+02
   0.172555E-04   0.162258E+08   0.162258E+08   0.216109E+08   0.216101E+08   0.162260E+08   0.162259E+08   0.162258E+08   0.162334E+08  -0.533986E+00   0.116679E+08   0.116679E+08   0.124039E+02
   0.190520E-04   0.162258E+08   0.162258E+08   0.216057E+08   0.216048E+08   0.162260E+08   0.162258E+08   0.162258E+08   0.162334E+08  -0.533986E+00   0.116679E+08   0.116679E+08   0.136944E+02
   0.210355E-04   0.162258E+08   0.162258E+08   0.215994E+08   0.215983E+08   0.162260E+08   0.162258E+08   0.162258E+08   0.162334E+08  -0.533985E+00   0.116679E+08   0.116679E+08   0.151188E+02
   0.232256E-04   0.162258E+08   0.162258E+08   0.215917E+08   0.215903E+08   0.162260E+08   0.162258E+08   0.162258E+08   0.162333E+08  -0.533985E+00   0.116679E+08   0.116679E+08   0.166911E+02
   0.256436E-04   0.162258E+08   0.162258E+08   0.215824E+08   0.215807E+08   0.162259E+08   0.162258E+08   0.162258E+08   0.162333E+08  -0.533984E+00   0.116679E+08   0.116679E+08   0.184265E+02
   0.283134E-04   0.162258E+08   0.162258E+08   0.215710E+08   0.215689E+08   0.162259E+08   0.162258E+08   0.162258E+08   0.162333E+08  -0.533983E+00   0.116679E+08   0.116679E+08   0.203417E+02
   0.312612E-04   0.162257E+08   0.162257E+08   0.215571E+08   0.215545E+08   0.162259E+08   0.162257E+08   0.162257E+08   0.162332E+08  -0.533981E+00   0.116679E+08   0.116679E+08   0.224553E+02
   0.345158E-04   0.162257E+08   0.162257E+08   0.215401E+08   0.215370E+08   0.162258E+08   0.162257E+08   0.162257E+08   0.162332E+08  -0.533980E+00   0.116678E+08   0.116678E+08   0.247874E+02
   0.381093E-04   0.162256E+08   0.162256E+08   0.215195E+08   0.215157E+08   0.162258E+08   0.162257E+08   0.162256E+08   0.162332E+08  -0.533978E+00   0.116678E+08   0.116678E+08   0.273603E+02
   0.420769E-04   0.162256E+08   0.162256E+08   0.214944E+08   0.214898E+08   0.162257E+08   0.162256E+08   0.162256E+08   0.162331E+08  -0.533976E+00   0.116678E+08   0.116678E+08   0.301984E+02
   0.464576E-04   0.162255E+08   0.162255E+08   0.214638E+08   0.214582E+08   0.162257E+08   0.162255E+08   0.162255E+08   0.162330E+08  -0.533973E+00   0.116677E+08   0.116677E+08   0.333285E+02
   0.512944E-04   0.162254E+08   0.162254E+08   0.214265E+08   0.214198E+08   0.162256E+08   0.162255E+08   0.162254E+08   0.162329E+08  -0.533970E+00   0.116677E+08   0.116676E+08   0.367795E+02
   0.566347E-04   0.162253E+08   0.162253E+08   0.213812E+08   0.213730E+08   0.162255E+08   0.162254E+08   0.162253E+08   0.162328E+08  -0.533966E+00   0.116676E+08   0.116676E+08   0.405834E+02
   0.625311E-04   0.162252E+08   0.162252E+08   0.213261E+08   0.213161E+08   0.162254E+08   0.162252E+08   0.162252E+08   0.162327E+08  -0.533961E+00   0.116675E+08   0.116675E+08   0.447746E+02
   0.690413E-04   0.162251E+08   0.162251E+08   0.212591E+08   0.212469E+08   0.162252E+08   0.162251E+08   0.162251E+08   0.162325E+08  -0.533955E+00   0.116674E+08   0.116674E+08   0.493904E+02
   0.762293E-04   0.162249E+08   0.162249E+08   0.211777E+08   0.211629E+08   0.162250E+08   0.162249E+08   0.162249E+08   0.162323E+08  -0.533947E+00   0.116673E+08   0.116672E+08   0.544711E+02
   0.841656E-04   0.162247E+08   0.162246E+08   0.210788E+08   0.210608E+08   0.162248E+08   0.162247E+08   0.162247E+08   0.162320E+08  -0.533938E+00   0.116671E+08   0.116671E+08   0.600596E+02
   0.929282E-04   0.162244E+08   0.162244E+08   0.209589E+08   0.209371E+08   0.162245E+08   0.162244E+08   0.162244E+08   0.162317E+08  -0.533927E+00   0.116669E+08   0.116669E+08   0.662016E+02
   0.102603E-03   0.162241E+08   0.162240E+08   0.208135E+08   0.207871E+08   0.162242E+08   0.162241E+08   0.162241E+08   0.162313E+08  -0.533914E+00   0.116667E+08   0.116666E+08   0.729451E+02
   0.113285E-03   0.162237E+08   0.162236E+08   0.206376E+08   0.206056E+08   0.162238E+08   0.162237E+08   0.162237E+08   0.162309E+08  -0.533898E+00   0.116664E+08   0.116664E+08   0.803398E+02
   0.125080E-03   0.162232E+08   0.162231E+08   0.204251E+08   0.203864E+08   0.162233E+08   0.162232E+08   0.162232E+08   0.162303E+08  -0.533878E+00   0.116660E+08   0.116660E+08   0.884362E+02
   0.138102E-03   0.162226E+08   0.162225E+08   0.201688E+08   0.201221E+08   0.162227E+08   0.162226E+08   0.162226E+08   0.162296E+08  -0.533854E+00   0.116656E+08   0.116656E+08   0.972846E+02
   0.152480E-03   0.162219E+08   0.162218E+08   0.198604E+08   0.198042E+08   0.162220E+08   0.162219E+08   0.162219E+08   0.162288E+08  -0.533825E+00   0.116651E+08   0.116650E+08   0.106933E+03
   0.168355E-03   0.162211E+08   0.162209E+08   0.194905E+08   0.194231E+08   0.162211E+08   0.162210E+08   0.162210E+08   0.162278E+08  -0.533790E+00   0.116645E+08   0.116644E+08   0.117424E+03
   0.185882E-03   0.162200E+08   0.162198E+08   0.190484E+08   0.189677E+08   0.162200E+08   0.162200E+08   0.162200E+08   0.162266E+08  -0.533747E+00   0.116637E+08   0.116636E+08   0.128792E+03
   0.205235E-03   0.162187E+08   0.162185E+08   0.185223E+08   0.184261E+08   0.162187E+08   0.162187E+08   0.162187E+08   0.162251E+08  -0.533695E+00   0.116628E+08   0.116627E+08   0.141059E+03
   0.226602E-03   0.162172E+08   0.162169E+08   0.178995E+08   0.177854E+08   0.162171E+08   0.162171E+08   0.162171E+08   0.162234E+08  -0.533633E+00   0.116617E+08   0.116615E+08   0.154228E+03
   0.250194E-03   0.162153E+08   0.162150E+08   0.171672E+08   0.170328E+08   0.162151E+08   0.162152E+08   0.162152E+08   0.162212E+08  -0.533557E+00   0.116603E+08   0.116602E+08   0.168273E+03
   0.276242E-03   0.162130E+08   0.162126E+08   0.163131E+08   0.161559E+08   0.162127E+08   0.162129E+08   0.162129E+08   0.162186E+08  -0.533465E+00   0.116586E+08   0.116585E+08   0.183134E+03
   0.305002E-03   0.162102E+08   0.162098E+08   0.153267E+08   0.151447E+08   0.162099E+08   0.162102E+08   0.162102E+08   0.162155E+08  -0.533355E+00   0.116566E+08   0.116564E+08   0.198702E+03
   0.336756E-03   0.162069E+08   0.162063E+08   0.142018E+08   0.139934E+08   0.162064E+08   0.162068E+08   0.162068E+08   0.162117E+08  -0.533223E+00   0.116542E+08   0.116540E+08   0.214807E+03
   0.371817E-03   0.162029E+08   0.162022E+08   0.129382E+08   0.127030E+08   0.162023E+08   0.162027E+08   0.162027E+08   0.162072E+08  -0.533065E+00   0.116513E+08   0.116510E+08   0.231205E+03
   0.410527E-03   0.161980E+08   0.161972E+08   0.115457E+08   0.112851E+08   0.161972E+08   0.161978E+08   0.161979E+08   0.162018E+08  -0.532876E+00   0.116477E+08   0.116474E+08   0.247562E+03
   0.453268E-03   0.161921E+08   0.161912E+08   0.100475E+08   0.976502E+07   0.161912E+08   0.161920E+08   0.161920E+08   0.161954E+08  -0.532652E+00   0.116435E+08   0.116431E+08   0.263447E+03
   0.500458E-03   0.161851E+08   0.161840E+08   0.848317E+07   0.818562E+07   0.161839E+08   0.161849E+08   0.161850E+08   0.161878E+08  -0.532387E+00   0.116384E+08   0.116379E+08   0.278326E+03
   0.552561E-03   0.161767E+08   0.161754E+08   0.691103E+07   0.660871E+07   0.161753E+08   0.161765E+08   0.161765E+08   0.161789E+08  -0.532074E+00   0.116323E+08   0.116317E+08   0.291573E+03
   0.610090E-03   0.161668E+08   0.161652E+08   0.540655E+07   0.511338E+07   0.161649E+08   0.161664E+08   0.161665E+08   0.161683E+08  -0.531708E+00   0.116250E+08   0.116244E+08   0.302495E+03
   0.673607E-03   0.161549E+08   0.161531E+08   0.405551E+07   0.378819E+07   0.161526E+08   0.161545E+08   0.161546E+08   0.161559E+08  -0.531281E+00   0.116163E+08   0.116156E+08   0.310381E+03
   0.743737E-03   0.161409E+08   0.161389E+08   0.293975E+07   0.271557E+07   0.161381E+08   0.161405E+08   0.161406E+08   0.161415E+08  -0.530784E+00   0.116061E+08   0.116053E+08   0.314584E+03
   0.821169E-03   0.161244E+08   0.161221E+08   0.211544E+07   0.194873E+07   0.161209E+08   0.161239E+08   0.161240E+08   0.161246E+08  -0.530210E+00   0.115941E+08   0.115932E+08   0.314608E+03
   0.906662E-03   0.161051E+08   0.161025E+08   0.158887E+07   0.148640E+07   0.161008E+08   0.161045E+08   0.161046E+08   0.161050E+08  -0.529548E+00   0.115800E+08   0.115790E+08   0.310208E+03
   0.100106E-02   0.160825E+08   0.160796E+08   0.130112E+07   0.125809E+07   0.160773E+08   0.160818E+08   0.160820E+08   0.160822E+08  -0.528784E+00   0.115635E+08   0.115625E+08   0.301451E+03
   0.110528E-02   0.160562E+08   0.160531E+08   0.113842E+07   0.113758E+07   0.160499E+08   0.160554E+08   0.160557E+08   0.160558E+08  -0.527905E+00   0.115444E+08   0.115434E+08   0.288714E+03
   0.122035E-02   0.160258E+08   0.160224E+08   0.979589E+06   0.995936E+06   0.160180E+08   0.160249E+08   0.160252E+08   0.160253E+08  -0.526891E+00   0.115223E+08   0.115212E+08   0.272603E+03
   0.134740E-02   0.159906E+08   0.159870E+08   0.766345E+06   0.777211E+06   0.159811E+08   0.159896E+08   0.159900E+08   0.159899E+08  -0.525723E+00   0.114968E+08   0.114957E+08   0.253828E+03
   0.148768E-02   0.159501E+08   0.159463E+08   0.542740E+06   0.537916E+06   0.159384E+08   0.159490E+08   0.159495E+08   0.159492E+08  -0.524380E+00   0.114675E+08   0.114664E+08   0.233124E+03
   0.164257E-02   0.159035E+08   0.158997E+08   0.401114E+06   0.384800E+06   0.158893E+08   0.159022E+08   0.159029E+08   0.159024E+08  -0.522837E+00   0.114339E+08   0.114327E+08   0.211313E+03
   0.181358E-02   0.158501E+08   0.158462E+08   0.356858E+06   0.178294E+06   0.158328E+08   0.158487E+08   0.158494E+08   0.158488E+08  -0.521071E+00   0.113953E+08   0.113941E+08   0.189414E+03
   0.200239E-02   0.157890E+08   0.157851E+08   0.312646E+06   0.145701E+06   0.157679E+08   0.157874E+08   0.157883E+08   0.157875E+08  -0.519053E+00   0.113512E+08   0.113501E+08   0.168591E+03
   0.221086E-02   0.157193E+08   0.157154E+08   0.215339E+06   0.118998E+06   0.156937E+08   0.157175E+08   0.157186E+08   0.157176E+08  -0.516752E+00   0.113009E+08   0.112998E+08   0.149824E+03
   0.244104E-02   0.156399E+08   0.156360E+08   0.152680E+06   0.971248E+05   0.156090E+08   0.156379E+08   0.156393E+08   0.156380E+08  -0.514134E+00   0.112437E+08   0.112426E+08   0.133621E+03
   0.269518E-02   0.155499E+08   0.155459E+08   0.146036E+06   0.792136E+05   0.155125E+08   0.155476E+08   0.155492E+08   0.155476E+08  -0.511161E+00   0.111787E+08   0.111776E+08   0.120050E+03
   0.297578E-02   0.154479E+08   0.154437E+08   0.107679E+06   0.645525E+05   0.154027E+08   0.154452E+08   0.154472E+08   0.154452E+08  -0.507794E+00   0.111051E+08   0.111040E+08   0.108751E+03
   0.328559E-02   0.153327E+08   0.153283E+08   0.858715E+05   0.525563E+05   0.152783E+08   0.153295E+08   0.153320E+08   0.153296E+08  -0.503990E+00   0.110220E+08   0.110209E+08   0.989001E+02
   0.362766E-02   0.152029E+08   0.151983E+08   0.708374E+05   0.427452E+05   0.151375E+08   0.151992E+08   0.152022E+08   0.151993E+08  -0.499705E+00   0.109283E+08   0.109272E+08   0.897156E+02
   0.400534E-02   0.150571E+08   0.150522E+08   0.501542E+05   0.347256E+05   0.149788E+08   0.150528E+08   0.150563E+08   0.150529E+08  -0.494891E+00   0.108231E+08   0.108220E+08   0.808614E+02
   0.442234E-02   0.148938E+08   0.148886E+08   0.391807E+05   0.281742E+05   0.148003E+08   0.148888E+08   0.148930E+08   0.148888E+08  -0.489497E+00   0.107052E+08   0.107041E+08   0.725363E+02
   0.488276E-02   0.147114E+08   0.147057E+08   0.331686E+05   0.228258E+05   0.146002E+08   0.147055E+08   0.147105E+08   0.147055E+08  -0.483471E+00   0.105735E+08   0.105724E+08   0.651466E+02
   0.539111E-02   0.145082E+08   0.145020E+08   0.250533E+05   0.184629E+05   0.143766E+08   0.145013E+08   0.145072E+08   0.145013E+08  -0.476757E+00   0.104268E+08   0.104257E+08   0.587572E+02
   0.595239E-02   0.142826E+08   0.142758E+08   0.220616E+05   0.149071E+05   0.141277E+08   0.142746E+08   0.142815E+08   0.142746E+08  -0.469302E+00   0.102639E+08   0.102628E+08   0.530127E+02
   0.657210E-02   0.140329E+08   0.140254E+08   0.184947E+05   0.120122E+05   0.138516E+08   0.140236E+08   0.140317E+08   0.140236E+08  -0.461051E+00   0.100836E+08   0.100825E+08   0.476619E+02
   0.725633E-02   0.137576E+08   0.137492E+08   0.144164E+05   0.965800E+04   0.135467E+08   0.137468E+08   0.137563E+08   0.137468E+08  -0.451951E+00   0.988474E+07   0.988370E+07   0.428453E+02
   0.801180E-02   0.134552E+08   0.134457E+08   0.111564E+05   0.774612E+04   0.132116E+08   0.134427E+08   0.134536E+08   0.134427E+08  -0.441953E+00   0.966629E+07   0.966525E+07   0.386144E+02
   0.884592E-02   0.131242E+08   0.131136E+08   0.913893E+04   0.619581E+04   0.128451E+08   0.131100E+08   0.131225E+08   0.131100E+08  -0.431014E+00   0.942725E+07   0.942622E+07   0.347812E+02
   0.976688E-02   0.127636E+08   0.127515E+08   0.562049E+04   0.494090E+04   0.124462E+08   0.127475E+08   0.127617E+08   0.127475E+08  -0.419095E+00   0.916684E+07   0.916581E+07   0.313372E+02
   0.107837E-01   0.123725E+08   0.123587E+08   0.463543E+04   0.392707E+04   0.120144E+08   0.123543E+08   0.123703E+08   0.123543E+08  -0.406168E+00   0.888441E+07   0.888339E+07   0.282857E+02
   0.119064E-01   0.119504E+08   0.119346E+08   0.387591E+04   0.310984E+04   0.115494E+08   0.119299E+08   0.119478E+08   0.119299E+08  -0.392215E+00   0.857956E+07   0.857854E+07   0.255492E+02
   0.131460E-01   0.114969E+08   0.114787E+08   0.323857E+04   0.245271E+04   0.110514E+08   0.114740E+08   0.114940E+08   0.114740E+08  -0.377228E+00   0.825213E+07   0.825110E+07   0.231223E+02
   0.145147E-01   0.110122E+08   0.109914E+08   0.230004E+04   0.192580E+04   0.105213E+08   0.109869E+08   0.110089E+08   0.109869E+08  -0.361214E+00   0.790225E+07   0.790123E+07   0.209571E+02
   0.160258E-01   0.104971E+08   0.104734E+08   0.168769E+04   0.150463E+04   0.996048E+07   0.104693E+08   0.104933E+08   0.104693E+08  -0.344196E+00   0.753046E+07   0.752944E+07   0.190277E+02
   0.176943E-01   0.995305E+07   0.992598E+07   0.151180E+04   0.116919E+04   0.937161E+07   0.992268E+07   0.994867E+07   0.992268E+07  -0.326225E+00   0.713782E+07   0.713679E+07   0.172994E+02
   0.195365E-01   0.938231E+07   0.935167E+07   0.103482E+04   0.903138E+03   0.875836E+07   0.934948E+07   0.937736E+07   0.934948E+07  -0.307380E+00   0.672608E+07   0.672505E+07   0.157375E+02
   0.215705E-01   0.878844E+07   0.875407E+07   0.831291E+03   0.693115E+03   0.812514E+07   0.875326E+07   0.878288E+07   0.875326E+07  -0.287778E+00   0.629780E+07   0.629676E+07   0.143076E+02
   0.238162E-01   0.817625E+07   0.813815E+07   0.705949E+03   0.528231E+03   0.747746E+07   0.813890E+07   0.817009E+07   0.813890E+07  -0.267580E+00   0.585646E+07   0.585542E+07   0.129748E+02
   0.262957E-01   0.755224E+07   0.751064E+07   0.471435E+03   0.399616E+03   0.682265E+07   0.751296E+07   0.754552E+07   0.751296E+07  -0.247001E+00   0.540678E+07   0.540574E+07   0.117025E+02
   0.290334E-01   0.692849E+07   0.688396E+07   0.368926E+03   0.300201E+03   0.617081E+07   0.688749E+07   0.692129E+07   0.688749E+07  -0.226438E+00   0.495740E+07   0.495638E+07   0.104601E+02
   0.320561E-01   0.631037E+07   0.626389E+07   0.301477E+03   0.223851E+03   0.553445E+07   0.626825E+07   0.630286E+07   0.626825E+07  -0.206079E+00   0.451246E+07   0.451147E+07   0.921854E+01
   0.353936E-01   0.571578E+07   0.566874E+07   0.159930E+03   0.165970E+03   0.492833E+07   0.567306E+07   0.570818E+07   0.567306E+07  -0.186511E+00   0.408476E+07   0.408381E+07   0.796415E+01
   0.390784E-01   0.515930E+07   0.511353E+07   0.127744E+03   0.122608E+03   0.436552E+07   0.511649E+07   0.515190E+07   0.511649E+07  -0.168213E+00   0.368479E+07   0.368391E+07   0.669636E+01
   0.431470E-01   0.465744E+07   0.461502E+07   0.111915E+03   0.905690E+02   0.385972E+07   0.461497E+07   0.465059E+07   0.461497E+07  -0.151725E+00   0.332438E+07   0.332360E+07   0.543717E+01
   0.474616E-01   0.423338E+07   0.419611E+07   0.698887E+02   0.678655E+02   0.343209E+07   0.419154E+07   0.422736E+07   0.419154E+07  -0.137804E+00   0.302011E+07   0.301943E+07   0.427395E+01
   0.517763E-01   0.390203E+07   0.387071E+07   0.540035E+02   0.524372E+02   0.309546E+07   0.386087E+07   0.389697E+07   0.386087E+07  -0.126933E+00   0.278254E+07   0.278197E+07   0.330436E+01
   0.560910E-01   0.363454E+07   0.360913E+07   0.427639E+02   0.415211E+02   0.282167E+07   0.359401E+07   0.363043E+07   0.359401E+07  -0.118159E+00   0.259084E+07   0.259036E+07   0.253454E+01
   0.604057E-01   0.340895E+07   0.338870E+07   0.345077E+02   0.335030E+02   0.259035E+07   0.336895E+07   0.340568E+07   0.336895E+07  -0.110760E+00   0.242918E+07   0.242878E+07   0.195942E+01
   0.647204E-01   0.320956E+07   0.319323E+07   0.282392E+02   0.274155E+02   0.238745E+07   0.317001E+07   0.320692E+07   0.317001E+07  -0.104219E+00   0.228628E+07   0.228594E+07   0.156104E+01
   0.690351E-01   0.302230E+07   0.300842E+07   0.233192E+02   0.226377E+02   0.220104E+07   0.298317E+07   0.302006E+07   0.298317E+07  -0.980766E-01   0.215203E+07   0.215172E+07   0.130957E+01
   0.733498E-01   0.283844E+07   0.282561E+07   0.193557E+02   0.187891E+02   0.202402E+07   0.279978E+07   0.283637E+07   0.279978E+07  -0.920476E-01   0.202021E+07   0.201992E+07   0.116903E+01
   0.776645E-01   0.265521E+07   0.264227E+07   0.161131E+02   0.156405E+02   0.185411E+07   0.261713E+07   0.265312E+07   0.261713E+07  -0.860427E-01   0.188885E+07   0.188856E+07   0.110213E+01
   0.819792E-01   0.247490E+07   0.246108E+07   0.134481E+02   0.130530E+02   0.169261E+07   0.243754E+07   0.247267E+07   0.243754E+07  -0.801381E-01   0.175963E+07   0.175933E+07   0.107464E+01
   0.862939E-01   0.230240E+07   0.228741E+07   0.112647E+02   0.109331E+02   0.154244E+07   0.226586E+07   0.229998E+07   0.226586E+07  -0.744939E-01   0.163606E+07   0.163576E+07   0.105853E+01
   0.906086E-01   0.214249E+07   0.212644E+07   0.948599E+01   0.920630E+01   0.140621E+07   0.210685E+07   0.213989E+07   0.210685E+07  -0.692662E-01   0.152159E+07   0.152127E+07   0.103380E+01
   0.959689E-01   0.196682E+07   0.195011E+07   0.774126E+01   0.751253E+01   0.125887E+07   0.193235E+07   0.196412E+07   0.193235E+07  -0.635294E-01   0.139594E+07   0.139562E+07   0.974936E+00
   0.101329E+00   0.182085E+07   0.180446E+07   0.641190E+01   0.622206E+01   0.113692E+07   0.178751E+07   0.181820E+07   0.178751E+07  -0.587675E-01   0.129164E+07   0.129134E+07   0.881652E+00
   0.106690E+00   0.170549E+07   0.169039E+07   0.540431E+01   0.524399E+01   0.103923E+07   0.167315E+07   0.170305E+07   0.167315E+07  -0.550076E-01   0.120930E+07   0.120903E+07   0.763694E+00
   0.112050E+00   0.161633E+07   0.160318E+07   0.463308E+01   0.449536E+01   0.961538E+06   0.158481E+07   0.161421E+07   0.158481E+07  -0.521034E-01   0.114574E+07   0.114550E+07   0.637843E+00
   0.117410E+00   0.154473E+07   0.153376E+07   0.402418E+01   0.390434E+01   0.897424E+06   0.151388E+07   0.154296E+07   0.151388E+07  -0.497714E-01   0.109472E+07   0.109451E+07   0.521336E+00
   0.122770E+00   0.148131E+07   0.147229E+07   0.352202E+01   0.341693E+01   0.840637E+06   0.145106E+07   0.147985E+07   0.145106E+07  -0.477061E-01   0.104953E+07   0.104936E+07   0.427176E+00
   0.128131E+00   0.141889E+07   0.141127E+07   0.309084E+01   0.299845E+01   0.786747E+06   0.138925E+07   0.141766E+07   0.138925E+07  -0.456738E-01   0.100505E+07   0.100490E+07   0.361649E+00
   0.133491E+00   0.135351E+07   0.134659E+07   0.271067E+01   0.262950E+01   0.733415E+06   0.132451E+07   0.135239E+07   0.132451E+07  -0.435456E-01   0.958436E+06   0.958290E+06   0.324028E+00
   0.138851E+00   0.128429E+07   0.127744E+07   0.237220E+01   0.230104E+01   0.680194E+06   0.125602E+07   0.128318E+07   0.125602E+07  -0.412938E-01   0.909073E+06   0.908930E+06   0.308094E+00
   0.144212E+00   0.121282E+07   0.120561E+07   0.207229E+01   0.201002E+01   0.627962E+06   0.118537E+07   0.121166E+07   0.118537E+07  -0.389710E-01   0.858122E+06   0.857974E+06   0.304725E+00
   0.149572E+00   0.114221E+07   0.113445E+07   0.181036E+01   0.175587E+01   0.578282E+06   0.111561E+07   0.114095E+07   0.111561E+07  -0.366776E-01   0.807793E+06   0.807640E+06   0.304659E+00
   0.154932E+00   0.107606E+07   0.106787E+07   0.158623E+01   0.153841E+01   0.532843E+06   0.105033E+07   0.107474E+07   0.105033E+07  -0.345314E-01   0.760682E+06   0.760525E+06   0.300715E+00
   0.160293E+00   0.101769E+07   0.100934E+07   0.139873E+01   0.135649E+01   0.493023E+06   0.992768E+06   0.101634E+07   0.992768E+06  -0.326389E-01   0.719136E+06   0.718980E+06   0.289003E+00
   0.165653E+00   0.968935E+06   0.960793E+06   0.124459E+01   0.120695E+01   0.459379E+06   0.944728E+06   0.967619E+06   0.944728E+06  -0.310595E-01   0.684469E+06   0.684319E+06   0.269038E+00
   0.171013E+00   0.929448E+06   0.921847E+06   0.111824E+01   0.108437E+01   0.431380E+06   0.905843E+06   0.928220E+06   0.905843E+06  -0.297811E-01   0.656418E+06   0.656279E+06   0.242992E+00
   0.176373E+00   0.897089E+06   0.890240E+06   0.101304E+01   0.982306E+00   0.407712E+06   0.873991E+06   0.895982E+06   0.873991E+06  -0.287339E-01   0.633452E+06   0.633325E+06   0.214527E+00
   0.181734E+00   0.869129E+06   0.863086E+06   0.922963E+00   0.894925E+00   0.386898E+06   0.846477E+06   0.868152E+06   0.846477E+06  -0.278293E-01   0.613618E+06   0.613504E+06   0.187545E+00
   0.187094E+00   0.843023E+06   0.837690E+06   0.843376E+00   0.817719E+00   0.367655E+06   0.820790E+06   0.842161E+06   0.820790E+06  -0.269848E-01   0.595100E+06   0.594996E+06   0.165120E+00
   0.192454E+00   0.816614E+06   0.811787E+06   0.770893E+00   0.747409E+00   0.348972E+06   0.794807E+06   0.815834E+06   0.794807E+06  -0.261306E-01   0.576358E+06   0.576262E+06   0.148849E+00
   0.197815E+00   0.788470E+06   0.783906E+06   0.703439E+00   0.681981E+00   0.330223E+06   0.767126E+06   0.787732E+06   0.767126E+06  -0.252206E-01   0.556378E+06   0.556286E+06   0.138727E+00
   0.203175E+00   0.758387E+06   0.753866E+06   0.640365E+00   0.620805E+00   0.311339E+06   0.737554E+06   0.757656E+06   0.737554E+06  -0.242483E-01   0.535017E+06   0.534926E+06   0.133479E+00
   0.208535E+00   0.727326E+06   0.722700E+06   0.582056E+00   0.564255E+00   0.292731E+06   0.707038E+06   0.726578E+06   0.707038E+06  -0.232451E-01   0.512962E+06   0.512870E+06   0.131120E+00
   0.213896E+00   0.696726E+06   0.691943E+06   0.529150E+00   0.512946E+00   0.274968E+06   0.676992E+06   0.695953E+06   0.676992E+06  -0.222573E-01   0.491239E+06   0.491146E+06   0.129549E+00
   0.219256E+00   0.667894E+06   0.662992E+06   0.482025E+00   0.467246E+00   0.258522E+06   0.648700E+06   0.667102E+06   0.648700E+06  -0.213271E-01   0.470781E+06   0.470687E+06   0.127063E+00
   0.224616E+00   0.641808E+06   0.636889E+06   0.440717E+00   0.427188E+00   0.243704E+06   0.623119E+06   0.641014E+06   0.623119E+06  -0.204861E-01   0.452282E+06   0.452190E+06   0.122679E+00
   0.229977E+00   0.619029E+06   0.614221E+06   0.404934E+00   0.392490E+00   0.230641E+06   0.600794E+06   0.618252E+06   0.600794E+06  -0.197521E-01   0.436140E+06   0.436051E+06   0.116227E+00
   0.235337E+00   0.599532E+06   0.594950E+06   0.374033E+00   0.362525E+00   0.219232E+06   0.581696E+06   0.598791E+06   0.581696E+06  -0.191242E-01   0.422335E+06   0.422249E+06   0.108207E+00
   0.240697E+00   0.582698E+06   0.578418E+06   0.347092E+00   0.336401E+00   0.209169E+06   0.565214E+06   0.582007E+06   0.565214E+06  -0.185824E-01   0.410423E+06   0.410343E+06   0.995096E-01
   0.246057E+00   0.567575E+06   0.563617E+06   0.323130E+00   0.313166E+00   0.200043E+06   0.550411E+06   0.566936E+06   0.550411E+06  -0.180957E-01   0.399726E+06   0.399651E+06   0.911138E-01
   0.251418E+00   0.553187E+06   0.549519E+06   0.301302E+00   0.292001E+00   0.191467E+06   0.536329E+06   0.552594E+06   0.536329E+06  -0.176327E-01   0.389550E+06   0.389479E+06   0.838225E-01
   0.256778E+00   0.538747E+06   0.535300E+06   0.280989E+00   0.272306E+00   0.183146E+06   0.522199E+06   0.538190E+06   0.522199E+06  -0.171682E-01   0.379334E+06   0.379267E+06   0.780941E-01
   0.262138E+00   0.523797E+06   0.520485E+06   0.261830E+00   0.253731E+00   0.174917E+06   0.507573E+06   0.523262E+06   0.507573E+06  -0.166873E-01   0.368755E+06   0.368689E+06   0.739908E-01
   0.267499E+00   0.508282E+06   0.505026E+06   0.243711E+00   0.236166E+00   0.166760E+06   0.492398E+06   0.507756E+06   0.492398E+06  -0.161884E-01   0.357773E+06   0.357709E+06   0.712368E-01
   0.272859E+00   0.492495E+06   0.489241E+06   0.226693E+00   0.219668E+00   0.158772E+06   0.476962E+06   0.491969E+06   0.476962E+06  -0.156809E-01   0.346599E+06   0.346535E+06   0.693464E-01
   0.278219E+00   0.476902E+06   0.473628E+06   0.210899E+00   0.204357E+00   0.151096E+06   0.461723E+06   0.476373E+06   0.461723E+06  -0.151799E-01   0.335563E+06   0.335500E+06   0.677767E-01
   0.283580E+00   0.461977E+06   0.458691E+06   0.196430E+00   0.190331E+00   0.143868E+06   0.447142E+06   0.461446E+06   0.447142E+06  -0.147006E-01   0.325003E+06   0.324940E+06   0.660664E-01
   0.288940E+00   0.448101E+06   0.444835E+06   0.183329E+00   0.177632E+00   0.137188E+06   0.433594E+06   0.447573E+06   0.433594E+06  -0.142551E-01   0.315190E+06   0.315128E+06   0.639273E-01
   0.294300E+00   0.435494E+06   0.432291E+06   0.171564E+00   0.166227E+00   0.131097E+06   0.421290E+06   0.434977E+06   0.421290E+06  -0.138506E-01   0.306279E+06   0.306219E+06   0.612769E-01
   0.299661E+00   0.424160E+06   0.421061E+06   0.161015E+00   0.156002E+00   0.125569E+06   0.410233E+06   0.423659E+06   0.410233E+06  -0.134871E-01   0.298272E+06   0.298214E+06   0.582138E-01
   0.305021E+00   0.413898E+06   0.410929E+06   0.151502E+00   0.146782E+00   0.120521E+06   0.400226E+06   0.413418E+06   0.400226E+06  -0.131581E-01   0.291026E+06   0.290970E+06   0.549551E-01
   0.310381E+00   0.404391E+06   0.401562E+06   0.142823E+00   0.138369E+00   0.115839E+06   0.390958E+06   0.403934E+06   0.390958E+06  -0.128534E-01   0.284315E+06   0.284261E+06   0.517591E-01
   0.315741E+00   0.395305E+06   0.392608E+06   0.134793E+00   0.130586E+00   0.111412E+06   0.382102E+06   0.394869E+06   0.382102E+06  -0.125623E-01   0.277901E+06   0.277850E+06   0.488521E-01
   0.321102E+00   0.386360E+06   0.383772E+06   0.127268E+00   0.123293E+00   0.107150E+06   0.373385E+06   0.385942E+06   0.373385E+06  -0.122757E-01   0.271587E+06   0.271537E+06   0.463774E-01
   0.326462E+00   0.377373E+06   0.374864E+06   0.120153E+00   0.116397E+00   0.102999E+06   0.364628E+06   0.376967E+06   0.364628E+06  -0.119878E-01   0.265243E+06   0.265194E+06   0.443742E-01
   0.331822E+00   0.368288E+06   0.365830E+06   0.113403E+00   0.109856E+00   0.989375E+05   0.355777E+06   0.367890E+06   0.355777E+06  -0.116968E-01   0.258828E+06   0.258780E+06   0.427873E-01
   0.337183E+00   0.359175E+06   0.356748E+06   0.107016E+00   0.103666E+00   0.949835E+05   0.346902E+06   0.358783E+06   0.346902E+06  -0.114050E-01   0.252394E+06   0.252347E+06   0.414968E-01
   0.342543E+00   0.350188E+06   0.347780E+06   0.101012E+00   0.978472E-01   0.911729E+05   0.338150E+06   0.349799E+06   0.338150E+06  -0.111173E-01   0.246048E+06   0.246002E+06   0.403574E-01
   0.347903E+00   0.341494E+06   0.339105E+06   0.954120E-01   0.924207E-01   0.875442E+05   0.329687E+06   0.341108E+06   0.329687E+06  -0.108390E-01   0.239911E+06   0.239865E+06   0.392360E-01
   0.353264E+00   0.333229E+06   0.330868E+06   0.902253E-01   0.873946E-01   0.841249E+05   0.321645E+06   0.332848E+06   0.321645E+06  -0.105746E-01   0.234079E+06   0.234034E+06   0.380397E-01
   0.358624E+00   0.325474E+06   0.323154E+06   0.854433E-01   0.827608E-01   0.809270E+05   0.314102E+06   0.325099E+06   0.314102E+06  -0.103266E-01   0.228608E+06   0.228563E+06   0.367301E-01
   0.363984E+00   0.318242E+06   0.315976E+06   0.810403E-01   0.784943E-01   0.779449E+05   0.307070E+06   0.317876E+06   0.307070E+06  -0.100954E-01   0.223508E+06   0.223464E+06   0.353203E-01
   0.369344E+00   0.311483E+06   0.309280E+06   0.769763E-01   0.745564E-01   0.751575E+05   0.300499E+06   0.311127E+06   0.300499E+06  -0.987940E-02   0.218742E+06   0.218700E+06   0.338608E-01
   0.374705E+00   0.305095E+06   0.302961E+06   0.732031E-01   0.709004E-01   0.725331E+05   0.294291E+06   0.304750E+06   0.294291E+06  -0.967531E-02   0.214240E+06   0.214199E+06   0.324191E-01
   0.380065E+00   0.298962E+06   0.296895E+06   0.696735E-01   0.674804E-01   0.700378E+05   0.288333E+06   0.298628E+06   0.288333E+06  -0.947942E-02   0.209918E+06   0.209878E+06   0.310597E-01
   0.385425E+00   0.292984E+06   0.290976E+06   0.663481E-01   0.642584E-01   0.676429E+05   0.282524E+06   0.292659E+06   0.282524E+06  -0.928847E-02   0.205705E+06   0.205666E+06   0.298289E-01
   0.390786E+00   0.287088E+06   0.285131E+06   0.631984E-01   0.612066E-01   0.653289E+05   0.276798E+06   0.286772E+06   0.276798E+06  -0.910020E-02   0.201550E+06   0.201512E+06   0.287459E-01
   0.396146E+00   0.281241E+06   0.279323E+06   0.602063E-01   0.583078E-01   0.630852E+05   0.271120E+06   0.280931E+06   0.271120E+06  -0.891351E-02   0.197429E+06   0.197392E+06   0.278027E-01
   0.401506E+00   0.275446E+06   0.273560E+06   0.573635E-01   0.555535E-01   0.609101E+05   0.265493E+06   0.275142E+06   0.265493E+06  -0.872852E-02   0.193345E+06   0.193309E+06   0.269704E-01
   0.406867E+00   0.269742E+06   0.267882E+06   0.546690E-01   0.529431E-01   0.588100E+05   0.259955E+06   0.269442E+06   0.259955E+06  -0.854645E-02   0.189325E+06   0.189289E+06   0.262097E-01
   0.412227E+00   0.264188E+06   0.262351E+06   0.521260E-01   0.504794E-01   0.567952E+05   0.254563E+06   0.263891E+06   0.254563E+06  -0.836919E-02   0.185411E+06   0.185376E+06   0.254820E-01
   0.417587E+00   0.258833E+06   0.257022E+06   0.497352E-01   0.481633E-01   0.548733E+05   0.249367E+06   0.258540E+06   0.249367E+06  -0.819836E-02   0.181638E+06   0.181604E+06   0.247568E-01
   0.422948E+00   0.253705E+06   0.251923E+06   0.474926E-01   0.459907E-01   0.530469E+05   0.244392E+06   0.253417E+06   0.244392E+06  -0.803480E-02   0.178026E+06   0.177992E+06   0.240174E-01
   0.428308E+00   0.248808E+06   0.247059E+06   0.453901E-01   0.439539E-01   0.513135E+05   0.239643E+06   0.248525E+06   0.239643E+06  -0.787866E-02   0.174578E+06   0.174544E+06   0.232613E-01
   0.433668E+00   0.244134E+06   0.242422E+06   0.434176E-01   0.420432E-01   0.496680E+05   0.235111E+06   0.243857E+06   0.235111E+06  -0.772966E-02   0.171287E+06   0.171254E+06   0.224988E-01
   0.439028E+00   0.239659E+06   0.237985E+06   0.415636E-01   0.402471E-01   0.481026E+05   0.230773E+06   0.239389E+06   0.230773E+06  -0.758705E-02   0.168137E+06   0.168105E+06   0.217467E-01
   0.444389E+00   0.235345E+06   0.233710E+06   0.398143E-01   0.385526E-01   0.466067E+05   0.226592E+06   0.235081E+06   0.226592E+06  -0.744959E-02   0.165100E+06   0.165069E+06   0.210232E-01
   0.449749E+00   0.231148E+06   0.229549E+06   0.381567E-01   0.369469E-01   0.451694E+05   0.222525E+06   0.230890E+06   0.222525E+06  -0.731588E-02   0.162146E+06   0.162116E+06   0.203424E-01
   0.455109E+00   0.227038E+06   0.225472E+06   0.365807E-01   0.354203E-01   0.437829E+05   0.218543E+06   0.226785E+06   0.218543E+06  -0.718496E-02   0.159254E+06   0.159224E+06   0.197122E-01
   0.460470E+00   0.223002E+06   0.221464E+06   0.350798E-01   0.339666E-01   0.424428E+05   0.214632E+06   0.222753E+06   0.214632E+06  -0.705639E-02   0.156413E+06   0.156383E+06   0.191329E-01
   0.465830E+00   0.219036E+06   0.217524E+06   0.336498E-01   0.325814E-01   0.411474E+05   0.210791E+06   0.218792E+06   0.210791E+06  -0.693010E-02   0.153622E+06   0.153593E+06   0.185985E-01
   0.471190E+00   0.215146E+06   0.213657E+06   0.322876E-01   0.312620E-01   0.398960E+05   0.207023E+06   0.214905E+06   0.207023E+06  -0.680623E-02   0.150884E+06   0.150856E+06   0.180987E-01
   0.476551E+00   0.211341E+06   0.209874E+06   0.309912E-01   0.300064E-01   0.386891E+05   0.203339E+06   0.211104E+06   0.203339E+06  -0.668511E-02   0.148207E+06   0.148179E+06   0.176219E-01
   0.481911E+00   0.207639E+06   0.206193E+06   0.297597E-01   0.288136E-01   0.375284E+05   0.199754E+06   0.207405E+06   0.199754E+06  -0.656725E-02   0.145602E+06   0.145574E+06   0.171582E-01
   0.487271E+00   0.204053E+06   0.202629E+06   0.285917E-01   0.276823E-01   0.364149E+05   0.196282E+06   0.203822E+06   0.196282E+06  -0.645312E-02   0.143079E+06   0.143052E+06   0.167010E-01
   0.492631E+00   0.200588E+06   0.199188E+06   0.274847E-01   0.266101E-01   0.353482E+05   0.192930E+06   0.200362E+06   0.192930E+06  -0.634289E-02   0.140642E+06   0.140615E+06   0.162477E-01
   0.497992E+00   0.197242E+06   0.195865E+06   0.264350E-01   0.255935E-01   0.343259E+05   0.189692E+06   0.197020E+06   0.189692E+06  -0.623644E-02   0.138289E+06   0.138262E+06   0.157993E-01
   0.503352E+00   0.194003E+06   0.192651E+06   0.254383E-01   0.246282E-01   0.333449E+05   0.186558E+06   0.193784E+06   0.186558E+06  -0.613342E-02   0.136011E+06   0.135985E+06   0.153591E-01
   0.508712E+00   0.190859E+06   0.189531E+06   0.244903E-01   0.237101E-01   0.324018E+05   0.183517E+06   0.190645E+06   0.183517E+06  -0.603344E-02   0.133800E+06   0.133775E+06   0.149317E-01
   0.514073E+00   0.187800E+06   0.186496E+06   0.235873E-01   0.228356E-01   0.314936E+05   0.180559E+06   0.187589E+06   0.180559E+06  -0.593617E-02   0.131650E+06   0.131624E+06   0.145216E-01
   0.519433E+00   0.184815E+06   0.183533E+06   0.227258E-01   0.220012E-01   0.306175E+05   0.177672E+06   0.184608E+06   0.177672E+06  -0.584127E-02   0.129551E+06   0.129526E+06   0.141315E-01
   0.524793E+00   0.181893E+06   0.180632E+06   0.219024E-01   0.212038E-01   0.297706E+05   0.174847E+06   0.181689E+06   0.174847E+06  -0.574838E-02   0.127496E+06   0.127472E+06   0.137622E-01
   0.530154E+00   0.179027E+06   0.177786E+06   0.211146E-01   0.204409E-01   0.289510E+05   0.172076E+06   0.178826E+06   0.172076E+06  -0.565729E-02   0.125482E+06   0.125458E+06   0.134125E-01
   0.535514E+00   0.176218E+06   0.174995E+06   0.203608E-01   0.197108E-01   0.281580E+05   0.169361E+06   0.176020E+06   0.169361E+06  -0.556801E-02   0.123507E+06   0.123483E+06   0.130798E-01
   0.540874E+00   0.173470E+06   0.172265E+06   0.196399E-01   0.190127E-01   0.273916E+05   0.166705E+06   0.173276E+06   0.166705E+06  -0.548071E-02   0.121576E+06   0.121552E+06   0.127610E-01
   0.546235E+00   0.170788E+06   0.169601E+06   0.189509E-01   0.183455E-01   0.266516E+05   0.164113E+06   0.170596E+06   0.164113E+06  -0.539550E-02   0.119690E+06   0.119668E+06   0.124529E-01
   0.551595E+00   0.168173E+06   0.167002E+06   0.182925E-01   0.177079E-01   0.259374E+05   0.161586E+06   0.167984E+06   0.161586E+06  -0.531241E-02   0.117852E+06   0.117830E+06   0.121530E-01
   0.556955E+00   0.165624E+06   0.164471E+06   0.176632E-01   0.170986E-01   0.252483E+05   0.159124E+06   0.165438E+06   0.159124E+06  -0.523146E-02   0.116061E+06   0.116039E+06   0.118595E-01
   0.562315E+00   0.163143E+06   0.162007E+06   0.170620E-01   0.165163E-01   0.245838E+05   0.156727E+06   0.162960E+06   0.156727E+06  -0.515268E-02   0.114318E+06   0.114296E+06   0.115722E-01
   0.567676E+00   0.160730E+06   0.159611E+06   0.164874E-01   0.159600E-01   0.239429E+05   0.154397E+06   0.160549E+06   0.154397E+06  -0.507604E-02   0.112622E+06   0.112601E+06   0.112916E-01
   0.573036E+00   0.158379E+06   0.157277E+06   0.159378E-01   0.154278E-01   0.233244E+05   0.152126E+06   0.158201E+06   0.152126E+06  -0.500141E-02   0.110971E+06   0.110950E+06   0.110186E-01
   0.578396E+00   0.156084E+06   0.154998E+06   0.154114E-01   0.149181E-01   0.227265E+05   0.149910E+06   0.155909E+06   0.149910E+06  -0.492855E-02   0.109358E+06   0.109337E+06   0.107542E-01
   0.629654E+00   0.136460E+06   0.135510E+06   0.113327E-01   0.109689E-01   0.178827E+05   0.130972E+06   0.136306E+06   0.130972E+06  -0.430593E-02   0.955756E+05   0.955573E+05   0.865379E-02
   0.769061E+00   0.991073E+05   0.984174E+05   0.548013E-02   0.530314E-02   0.100194E+05   0.949884E+05   0.989958E+05   0.949884E+05  -0.312290E-02   0.693658E+05   0.693525E+05   0.516754E-02
   0.939334E+00   0.716418E+05   0.711428E+05   0.264065E-02   0.255493E-02   0.550359E+04   0.685859E+05   0.715611E+05   0.685859E+05  -0.225488E-02   0.501146E+05   0.501049E+05   0.307925E-02
   0.114731E+01   0.515731E+05   0.512137E+05   0.126850E-02   0.122716E-02   0.296856E+04   0.493285E+05   0.515150E+05   0.493285E+05  -0.162176E-02   0.360606E+05   0.360535E+05   0.183321E-02
   0.140132E+01   0.369847E+05   0.367268E+05   0.607610E-03   0.587743E-03   0.157438E+04   0.353500E+05   0.369430E+05   0.353500E+05  -0.116219E-02   0.258516E+05   0.258464E+05   0.109238E-02
   0.171158E+01   0.264289E+05   0.262445E+05   0.290244E-03   0.280730E-03   0.821891E+03   0.252471E+05   0.263991E+05   0.252471E+05  -0.830041E-03   0.184686E+05   0.184649E+05   0.653084E-03
   0.209053E+01   0.188251E+05   0.186936E+05   0.138289E-03   0.133747E-03   0.422780E+03   0.179760E+05   0.188038E+05   0.179760E+05  -0.590990E-03   0.131526E+05   0.131498E+05   0.393029E-03
   0.255338E+01   0.133684E+05   0.132749E+05   0.657234E-04   0.635618E-04   0.214479E+03   0.127615E+05   0.133533E+05   0.127615E+05  -0.419556E-03   0.933886E+04   0.933681E+04   0.239067E-03
   0.311870E+01   0.946683E+04   0.940050E+04   0.311614E-04   0.301354E-04   0.107408E+03   0.903505E+04   0.945611E+04   0.903505E+04  -0.297042E-03   0.661266E+04   0.661111E+04   0.147742E-03
   0.380919E+01   0.668727E+04   0.664027E+04   0.147423E-04   0.142566E-04   0.531560E+02   0.638122E+04   0.667967E+04   0.638122E+04  -0.209793E-03   0.467077E+04   0.466958E+04   0.933296E-04
   0.465255E+01   0.471290E+04   0.467964E+04   0.696004E-05   0.673058E-05   0.260264E+02   0.449667E+04   0.470752E+04   0.449667E+04  -0.147836E-03   0.329159E+04   0.329064E+04   0.606399E-04
   0.568264E+01   0.331406E+04   0.329052E+04   0.327916E-05   0.317101E-05   0.126213E+02   0.316174E+04   0.331026E+04   0.316174E+04  -0.103947E-03   0.231452E+04   0.231375E+04   0.407426E-04
   0.694079E+01   0.232577E+04   0.230909E+04   0.154204E-05   0.149117E-05   0.606990E+01   0.221872E+04   0.232308E+04   0.221872E+04  -0.729442E-04   0.162426E+04   0.162360E+04   0.284080E-04
   0.847750E+01   0.162913E+04   0.161728E+04   0.723831E-06   0.699949E-06   0.289841E+01   0.155405E+04   0.162721E+04   0.155405E+04  -0.510921E-04   0.113771E+04   0.113712E+04   0.205678E-04
   0.103544E+02   0.113916E+04   0.113070E+04   0.339183E-06   0.327991E-06   0.137572E+01   0.108660E+04   0.113779E+04   0.108660E+04  -0.357240E-04   0.795515E+03   0.794979E+03   0.154264E-04
   0.126469E+02   0.795244E+03   0.789157E+03   0.158677E-06   0.153441E-06   0.649726E+00   0.758517E+03   0.794260E+03   0.758517E+03  -0.249375E-04   0.555333E+03   0.554827E+03   0.119297E-04
   0.154470E+02   0.554309E+03   0.549878E+03   0.741150E-07   0.716696E-07   0.305589E+00   0.528673E+03   0.553593E+03   0.528673E+03  -0.173810E-04   0.387070E+03   0.386580E+03   0.945693E-05
   0.188670E+02   0.385814E+03   0.382534E+03   0.345642E-07   0.334239E-07   0.143241E+00   0.367937E+03   0.385284E+03   0.367937E+03  -0.120966E-04   0.269398E+03   0.268914E+03   0.763961E-05
   0.230442E+02   0.268170E+03   0.265687E+03   0.160945E-07   0.155637E-07   0.669537E-01   0.255712E+03   0.267769E+03   0.255712E+03  -0.840695E-05   0.187239E+03   0.186755E+03   0.625633E-05
   0.281463E+02   0.186155E+03   0.184222E+03   0.748245E-08   0.723576E-08   0.312208E-01   0.177474E+03   0.185843E+03   0.177474E+03  -0.583475E-05   0.129962E+03   0.129473E+03   0.517178E-05
   0.343780E+02   0.129058E+03   0.127501E+03   0.347277E-08   0.335835E-08   0.145281E-01   0.123006E+03   0.128807E+03   0.123006E+03  -0.404402E-05   0.900870E+02   0.895905E+02   0.430111E-05
   0.419893E+02   0.893620E+02   0.880605E+02   0.160877E-08   0.155582E-08   0.674771E-02   0.851366E+02   0.891517E+02   0.851366E+02  -0.279901E-05   0.623638E+02   0.618577E+02   0.358950E-05
   0.512859E+02   0.617972E+02   0.606674E+02   0.743631E-09   0.719187E-09   0.312836E-02   0.588396E+02   0.616146E+02   0.588396E+02  -0.193445E-05   0.431126E+02   0.425959E+02   0.300006E-05
   0.626408E+02   0.426785E+02   0.416628E+02   0.342804E-09   0.331559E-09   0.144769E-02   0.405996E+02   0.425143E+02   0.405996E+02  -0.133478E-05   0.297598E+02   0.292325E+02   0.250687E-05
   0.765096E+02   0.294320E+02   0.284912E+02   0.157476E-09   0.152326E-09   0.668583E-03   0.279612E+02   0.292800E+02   0.279612E+02  -0.919273E-06   0.205080E+02   0.199708E+02   0.209094E-05
   0.934490E+02   0.202635E+02   0.193717E+02   0.720025E-10   0.696589E-10   0.308036E-03   0.192132E+02   0.201194E+02   0.192132E+02  -0.631668E-06   0.141042E+02   0.135589E+02   0.173776E-05
   0.114139E+03   0.139237E+02   0.130648E+02   0.327101E-10   0.316528E-10   0.141504E-03   0.131640E+02   0.137849E+02   0.131640E+02  -0.432789E-06   0.967601E+01   0.912569E+01   0.143588E-05
