#          k/h    CDM            baryon         photon         nu             mass_nu        total          no_nu          total_de       Weyl           v_CDM          v_b            v_b-v_c     
   0.105163E-04   0.689520E+07   0.689520E+07   0.919210E+07   0.919205E+07   0.689537E+07   0.689520E+07   0.689520E+07   0.690359E+07  -0.595347E+00   0.672728E+07   0.672728E+07   0.113438E+02
   0.116112E-04   0.689519E+07   0.689519E+07   0.919178E+07   0.919170E+07   0.689537E+07   0.689520E+07   0.689519E+07   0.690359E+07  -0.595347E+00   0.672728E+07   0.672728E+07   0.125246E+02
   0.128200E-04   0.689519E+07   0.689519E+07   0.919138E+07   0.919129E+07   0.689537E+07   0.689520E+07   0.689519E+07   0.690359E+07  -0.595347E+00   0.672727E+07   0.672727E+07   0.138283E+02
   0.141547E-04   0.689519E+07   0.689519E+07   0.919089E+07   0.919078E+07   0.689536E+07   0.689520E+07   0.689519E+07   0.690359E+07  -0.595347E+00   0.672727E+07   0.672727E+07   0.152677E+02
   0.156284E-04   0.689519E+07   0.689519E+07   0.919030E+07   0.919016E+07   0.689536E+07   0.689520E+07   0.689519E+07   0.690358E+07  -0.595346E+00   0.672727E+07   0.672727E+07   0.168567E+02
   0.172555E-04   0.689518E+07   0.689518E+07   0.918957E+07   0.918941E+07   0.689536E+07   0.689519E+07   0.689518E+07   0.690358E+07  -0.595346E+00   0.672727E+07   0.672726E+07   0.186111E+02
   0.190520E-04   0.689518E+07   0.689518E+07   0.918869E+07   0.918849E+07   0.689535E+07   0.689519E+07   0.689518E+07   0.690357E+07  -0.595346E+00   0.672726E+07   0.672726E+07   0.205479E+02
   0.210355E-04   0.689518E+07   0.689517E+07   0.918761E+07   0.918738E+07   0.689535E+07   0.689518E+07   0.689518E+07   0.690357E+07  -0.595345E+00   0.672726E+07   0.672726E+07   0.226861E+02
   0.232256E-04   0.689517E+07   0.689517E+07   0.918630E+07   0.918601E+07   0.689534E+07   0.689518E+07   0.689517E+07   0.690356E+07  -0.595344E+00   0.672725E+07   0.672725E+07   0.250464E+02
   0.256436E-04   0.689516E+07   0.689516E+07   0.918470E+07   0.918435E+07   0.689534E+07   0.689517E+07   0.689516E+07   0.690355E+07  -0.595344E+00   0.672724E+07   0.672724E+07   0.276520E+02
   0.283134E-04   0.689515E+07   0.689515E+07   0.918275E+07   0.918232E+07   0.689533E+07   0.689516E+07   0.689515E+07   0.690354E+07  -0.595343E+00   0.672724E+07   0.672723E+07   0.305282E+02
   0.312612E-04   0.689514E+07   0.689514E+07   0.918038E+07   0.917985E+07   0.689531E+07   0.689515E+07   0.689514E+07   0.690353E+07  -0.595341E+00   0.672723E+07   0.672722E+07   0.337029E+02
   0.345158E-04   0.689513E+07   0.689513E+07   0.917748E+07   0.917684E+07   0.689530E+07   0.689514E+07   0.689513E+07   0.690351E+07  -0.595340E+00   0.672721E+07   0.672721E+07   0.372068E+02
   0.381093E-04   0.689511E+07   0.689511E+07   0.917396E+07   0.917318E+07   0.689528E+07   0.689512E+07   0.689511E+07   0.690349E+07  -0.595338E+00   0.672720E+07   0.672719E+07   0.410738E+02
   0.420769E-04   0.689510E+07   0.689509E+07   0.916966E+07   0.916871E+07   0.689526E+07   0.689510E+07   0.689510E+07   0.690347E+07  -0.595336E+00   0.672718E+07   0.672717E+07   0.453411E+02
   0.464576E-04   0.689507E+07   0.689507E+07   0.916442E+07   0.916326E+07   0.689524E+07   0.689508E+07   0.689507E+07   0.690344E+07  -0.595334E+00   0.672716E+07   0.672715E+07   0.500496E+02
   0.512944E-04   0.689504E+07   0.689504E+07   0.915804E+07   0.915663E+07   0.689521E+07   0.689505E+07   0.689504E+07   0.690341E+07  -0.595331E+00   0.672713E+07   0.672712E+07   0.552441E+02
   0.566347E-04   0.689501E+07   0.689500E+07   0.915027E+07   0.914855E+07   0.689517E+07   0.689502E+07   0.689501E+07   0.690337E+07  -0.595327E+00   0.672710E+07   0.672709E+07   0.609739E+02
   0.625311E-04   0.689497E+07   0.689496E+07   0.914081E+07   0.913871E+07   0.689513E+07   0.689497E+07   0.689497E+07   0.690332E+07  -0.595322E+00   0.672706E+07   0.672704E+07   0.672927E+02
   0.690413E-04   0.689492E+07   0.689490E+07   0.912928E+07   0.912673E+07   0.689507E+07   0.689492E+07   0.689491E+07   0.690325E+07  -0.595316E+00   0.672701E+07   0.672699E+07   0.742592E+02
   0.762293E-04   0.689485E+07   0.689484E+07   0.911524E+07   0.911214E+07   0.689500E+07   0.689486E+07   0.689485E+07   0.690318E+07  -0.595309E+00   0.672694E+07   0.672693E+07   0.819373E+02
   0.841656E-04   0.689478E+07   0.689476E+07   0.909817E+07   0.909438E+07   0.689492E+07   0.689478E+07   0.689477E+07   0.690308E+07  -0.595301E+00   0.672687E+07   0.672685E+07   0.903966E+02
   0.929282E-04   0.689468E+07   0.689466E+07   0.907739E+07   0.907278E+07   0.689482E+07   0.689469E+07   0.689468E+07   0.690297E+07  -0.595291E+00   0.672678E+07   0.672676E+07   0.997120E+02
   0.102603E-03   0.689457E+07   0.689454E+07   0.905212E+07   0.904652E+07   0.689470E+07   0.689457E+07   0.689457E+07   0.690283E+07  -0.595278E+00   0.672667E+07   0.672664E+07   0.109964E+03
   0.113285E-03   0.689443E+07   0.689440E+07   0.902140E+07   0.901459E+07   0.689455E+07   0.689443E+07   0.689443E+07   0.690266E+07  -0.595263E+00   0.672654E+07   0.672650E+07   0.121239E+03
   0.125080E-03   0.689426E+07   0.689423E+07   0.898410E+07   0.897582E+07   0.689437E+07   0.689426E+07   0.689426E+07   0.690246E+07  -0.595245E+00   0.672637E+07   0.672633E+07   0.133629E+03
   0.138102E-03   0.689406E+07   0.689401E+07   0.893882E+07   0.892876E+07   0.689415E+07   0.689406E+07   0.689405E+07   0.690221E+07  -0.595222E+00   0.672617E+07   0.672612E+07   0.147229E+03
   0.152480E-03   0.689381E+07   0.689375E+07   0.888392E+07   0.887172E+07   0.689388E+07   0.689380E+07   0.689380E+07   0.690191E+07  -0.595195E+00   0.672593E+07   0.672586E+07   0.162137E+03
   0.168355E-03   0.689350E+07   0.689344E+07   0.881743E+07   0.880264E+07   0.689356E+07   0.689350E+07   0.689349E+07   0.690154E+07  -0.595161E+00   0.672564E+07   0.672556E+07   0.178454E+03
   0.185882E-03   0.689313E+07   0.689305E+07   0.873702E+07   0.871912E+07   0.689316E+07   0.689312E+07   0.689312E+07   0.690109E+07  -0.595121E+00   0.672528E+07   0.672518E+07   0.196278E+03
   0.205235E-03   0.689268E+07   0.689258E+07   0.863996E+07   0.861831E+07   0.689268E+07   0.689267E+07   0.689267E+07   0.690055E+07  -0.595071E+00   0.672484E+07   0.672472E+07   0.215702E+03
   0.226602E-03   0.689213E+07   0.689202E+07   0.852303E+07   0.849691E+07   0.689209E+07   0.689211E+07   0.689211E+07   0.689988E+07  -0.595011E+00   0.672431E+07   0.672416E+07   0.236807E+03
   0.250194E-03   0.689146E+07   0.689132E+07   0.838256E+07   0.835110E+07   0.689137E+07   0.689144E+07   0.689144E+07   0.689908E+07  -0.594938E+00   0.672366E+07   0.672348E+07   0.259653E+03
   0.276242E-03   0.689065E+07   0.689048E+07   0.821434E+07   0.817657E+07   0.689050E+07   0.689062E+07   0.689063E+07   0.689811E+07  -0.594850E+00   0.672287E+07   0.672266E+07   0.284275E+03
   0.305002E-03   0.688967E+07   0.688946E+07   0.801370E+07   0.796848E+07   0.688945E+07   0.688962E+07   0.688963E+07   0.689693E+07  -0.594743E+00   0.672192E+07   0.672166E+07   0.310661E+03
   0.336756E-03   0.688847E+07   0.688822E+07   0.777552E+07   0.772163E+07   0.688816E+07   0.688842E+07   0.688843E+07   0.689550E+07  -0.594614E+00   0.672075E+07   0.672044E+07   0.338741E+03
   0.371817E-03   0.688702E+07   0.688671E+07   0.749448E+07   0.743056E+07   0.688660E+07   0.688695E+07   0.688697E+07   0.689377E+07  -0.594457E+00   0.671934E+07   0.671897E+07   0.368361E+03
   0.410527E-03   0.688526E+07   0.688489E+07   0.716528E+07   0.708991E+07   0.688471E+07   0.688518E+07   0.688520E+07   0.689170E+07  -0.594269E+00   0.671763E+07   0.671718E+07   0.399260E+03
   0.453268E-03   0.688313E+07   0.688269E+07   0.678313E+07   0.669491E+07   0.688243E+07   0.688303E+07   0.688306E+07   0.688919E+07  -0.594042E+00   0.671555E+07   0.671502E+07   0.431036E+03
   0.500458E-03   0.688055E+07   0.688003E+07   0.634442E+07   0.624209E+07   0.687966E+07   0.688043E+07   0.688047E+07   0.688619E+07  -0.593769E+00   0.671304E+07   0.671241E+07   0.463113E+03
   0.552561E-03   0.687745E+07   0.687683E+07   0.584766E+07   0.573026E+07   0.687632E+07   0.687730E+07   0.687735E+07   0.688261E+07  -0.593443E+00   0.671001E+07   0.670927E+07   0.494706E+03
   0.610090E-03   0.687371E+07   0.687298E+07   0.529473E+07   0.516182E+07   0.687230E+07   0.687354E+07   0.687359E+07   0.687833E+07  -0.593055E+00   0.670636E+07   0.670548E+07   0.524789E+03
   0.673607E-03   0.686922E+07   0.686836E+07   0.469228E+07   0.454426E+07   0.686747E+07   0.686901E+07   0.686908E+07   0.687325E+07  -0.592593E+00   0.670197E+07   0.670095E+07   0.552080E+03
   0.743737E-03   0.686385E+07   0.686284E+07   0.405324E+07   0.389164E+07   0.686167E+07   0.686360E+07   0.686369E+07   0.686725E+07  -0.592048E+00   0.669670E+07   0.669553E+07   0.575051E+03
   0.821169E-03   0.685744E+07   0.685627E+07   0.339800E+07   0.322581E+07   0.685475E+07   0.685714E+07   0.685725E+07   0.686019E+07  -0.591407E+00   0.669039E+07   0.668906E+07   0.591978E+03
   0.906662E-03   0.684982E+07   0.684848E+07   0.275459E+07   0.257645E+07   0.684650E+07   0.684946E+07   0.684960E+07   0.685192E+07  -0.590658E+00   0.668289E+07   0.668140E+07   0.601067E+03
   0.100106E-02   0.684080E+07   0.683928E+07   0.215709E+07   0.197921E+07   0.683672E+07   0.684038E+07   0.684055E+07   0.684230E+07  -0.589787E+00   0.667398E+07   0.667234E+07   0.600655E+03
   0.110528E-02   0.683016E+07   0.682847E+07   0.164118E+07   0.147092E+07   0.682516E+07   0.682968E+07   0.682989E+07   0.683112E+07  -0.588780E+00   0.666347E+07   0.666169E+07   0.589504E+03
   0.122035E-02   0.681769E+07   0.681584E+07   0.123645E+07   0.108132E+07   0.681156E+07   0.681713E+07   0.681739E+07   0.681821E+07  -0.587623E+00   0.665113E+07   0.664924E+07   0.567165E+03
   0.134740E-02   0.680314E+07   0.680114E+07   0.956228E+06   0.822445E+06   0.679562E+07   0.680250E+07   0.680282E+07   0.680333E+07  -0.586297E+00   0.663672E+07   0.663475E+07   0.534326E+03
   0.148768E-02   0.678625E+07   0.678413E+07   0.788310E+06   0.679325E+06   0.677703E+07   0.678551E+07   0.678591E+07   0.678620E+07  -0.584782E+00   0.661999E+07   0.661798E+07   0.493027E+03
   0.164257E-02   0.676673E+07   0.676453E+07   0.693032E+06   0.608693E+06   0.675547E+07   0.676589E+07   0.676638E+07   0.676650E+07  -0.583054E+00   0.660067E+07   0.659866E+07   0.446556E+03
   0.181358E-02   0.674428E+07   0.674202E+07   0.615668E+06   0.552880E+06   0.673055E+07   0.674331E+07   0.674391E+07   0.674385E+07  -0.581082E+00   0.657847E+07   0.657649E+07   0.398893E+03
   0.200239E-02   0.671853E+07   0.671624E+07   0.514167E+06   0.469030E+06   0.670184E+07   0.671743E+07   0.671816E+07   0.671788E+07  -0.578832E+00   0.655308E+07   0.655114E+07   0.353777E+03
   0.221086E-02   0.668912E+07   0.668679E+07   0.387875E+06   0.357744E+06   0.666885E+07   0.668785E+07   0.668874E+07   0.668819E+07  -0.576264E+00   0.652411E+07   0.652221E+07   0.313750E+03
   0.244104E-02   0.665560E+07   0.665321E+07   0.277823E+06   0.260823E+06   0.663104E+07   0.665412E+07   0.665521E+07   0.665437E+07  -0.573341E+00   0.649114E+07   0.648927E+07   0.279738E+03
   0.269518E-02   0.661751E+07   0.661502E+07   0.221347E+06   0.213367E+06   0.658780E+07   0.661579E+07   0.661711E+07   0.661599E+07  -0.570024E+00   0.645369E+07   0.645184E+07   0.251439E+03
   0.297578E-02   0.657436E+07   0.657170E+07   0.200724E+06   0.181385E+06   0.653850E+07   0.657233E+07   0.657393E+07   0.657251E+07  -0.566269E+00   0.641126E+07   0.640941E+07   0.227959E+03
   0.328559E-02   0.652561E+07   0.652272E+07   0.166797E+06   0.147686E+06   0.648242E+07   0.652322E+07   0.652514E+07   0.652336E+07  -0.562029E+00   0.636334E+07   0.636147E+07   0.207884E+03
   0.362766E-02   0.647068E+07   0.646752E+07   0.122514E+06   0.120123E+06   0.641881E+07   0.646785E+07   0.647017E+07   0.646796E+07  -0.557252E+00   0.630935E+07   0.630747E+07   0.189226E+03
   0.400534E-02   0.640896E+07   0.640551E+07   0.106020E+06   0.975911E+05   0.634686E+07   0.640563E+07   0.640840E+07   0.640573E+07  -0.551886E+00   0.624869E+07   0.624682E+07   0.170720E+03
   0.442234E-02   0.633982E+07   0.633604E+07   0.920237E+05   0.791830E+05   0.626575E+07   0.633590E+07   0.633921E+07   0.633598E+07  -0.545874E+00   0.618073E+07   0.617888E+07   0.153155E+03
   0.488276E-02   0.626259E+07   0.625840E+07   0.660504E+05   0.641548E+05   0.617461E+07   0.625798E+07   0.626191E+07   0.625804E+07  -0.539157E+00   0.610481E+07   0.610297E+07   0.137771E+03
   0.539111E-02   0.617658E+07   0.617188E+07   0.606617E+05   0.518949E+05   0.607259E+07   0.617117E+07   0.617582E+07   0.617122E+07  -0.531675E+00   0.602024E+07   0.601840E+07   0.124509E+03
   0.595239E-02   0.608109E+07   0.607576E+07   0.448101E+05   0.419029E+05   0.595886E+07   0.607476E+07   0.608022E+07   0.607480E+07  -0.523366E+00   0.592633E+07   0.592450E+07   0.112685E+03
   0.657210E-02   0.597542E+07   0.596936E+07   0.375054E+05   0.337675E+05   0.583267E+07   0.596805E+07   0.597444E+07   0.596809E+07  -0.514171E+00   0.582241E+07   0.582058E+07   0.101555E+03
   0.725633E-02   0.585889E+07   0.585197E+07   0.277655E+05   0.271516E+05   0.569337E+07   0.585037E+07   0.585777E+07   0.585039E+07  -0.504030E+00   0.570780E+07   0.570598E+07   0.915680E+02
   0.801180E-02   0.573088E+07   0.572291E+07   0.237699E+05   0.217784E+05   0.554043E+07   0.572107E+07   0.572959E+07   0.572109E+07  -0.492889E+00   0.558190E+07   0.558008E+07   0.828431E+02
   0.884592E-02   0.559080E+07   0.558159E+07   0.191615E+05   0.174213E+05   0.537349E+07   0.557959E+07   0.558931E+07   0.557961E+07  -0.480699E+00   0.544413E+07   0.544232E+07   0.749420E+02
   0.976688E-02   0.543817E+07   0.542750E+07   0.140284E+05   0.138943E+05   0.519237E+07   0.542545E+07   0.543644E+07   0.542546E+07  -0.467419E+00   0.529405E+07   0.529224E+07   0.678552E+02
   0.107837E-01   0.527261E+07   0.526022E+07   0.113706E+05   0.110447E+05   0.499703E+07   0.525828E+07   0.527060E+07   0.525829E+07  -0.453016E+00   0.513129E+07   0.512947E+07   0.616022E+02
   0.119064E-01   0.509386E+07   0.507947E+07   0.865482E+04   0.874767E+04   0.478760E+07   0.507784E+07   0.509153E+07   0.507785E+07  -0.437470E+00   0.495561E+07   0.495378E+07   0.560021E+02
   0.131460E-01   0.490182E+07   0.488511E+07   0.678826E+04   0.690051E+04   0.456439E+07   0.488404E+07   0.489912E+07   0.488405E+07  -0.420773E+00   0.476691E+07   0.476508E+07   0.510538E+02
   0.145147E-01   0.469654E+07   0.467719E+07   0.564263E+04   0.541926E+04   0.432797E+07   0.467695E+07   0.469341E+07   0.467696E+07  -0.402932E+00   0.456528E+07   0.456343E+07   0.466447E+02
   0.160258E-01   0.447832E+07   0.445599E+07   0.472860E+04   0.423517E+04   0.407933E+07   0.445690E+07   0.447471E+07   0.445690E+07  -0.383974E+00   0.435102E+07   0.434915E+07   0.427205E+02
   0.176943E-01   0.424773E+07   0.422212E+07   0.355986E+04   0.329199E+04   0.381996E+07   0.422451E+07   0.424359E+07   0.422452E+07  -0.363952E+00   0.412474E+07   0.412284E+07   0.392023E+02
   0.195365E-01   0.400577E+07   0.397660E+07   0.281124E+04   0.254380E+04   0.355183E+07   0.398083E+07   0.400106E+07   0.398083E+07  -0.342958E+00   0.388742E+07   0.388550E+07   0.360076E+02
   0.215705E-01   0.375390E+07   0.372101E+07   0.191264E+04   0.195307E+04   0.327706E+07   0.372735E+07   0.374859E+07   0.372735E+07  -0.321120E+00   0.364054E+07   0.363859E+07   0.330559E+02
   0.238162E-01   0.349415E+07   0.345754E+07   0.154593E+04   0.148920E+04   0.299795E+07   0.346615E+07   0.348823E+07   0.346615E+07  -0.298617E+00   0.338612E+07   0.338415E+07   0.302628E+02
   0.262957E-01   0.322926E+07   0.318915E+07   0.124522E+04   0.112725E+04   0.271755E+07   0.320002E+07   0.322278E+07   0.320002E+07  -0.275690E+00   0.312684E+07   0.312486E+07   0.275407E+02
   0.290334E-01   0.296440E+07   0.292135E+07   0.993260E+03   0.847370E+03   0.243851E+07   0.293407E+07   0.295744E+07   0.293407E+07  -0.252777E+00   0.286771E+07   0.286574E+07   0.248146E+02
   0.320561E-01   0.270167E+07   0.265662E+07   0.620427E+03   0.632343E+03   0.216974E+07   0.267076E+07   0.269439E+07   0.267076E+07  -0.230092E+00   0.261108E+07   0.260915E+07   0.220168E+02
   0.353936E-01   0.244870E+07   0.240304E+07   0.493606E+03   0.469249E+03   0.191577E+07   0.241765E+07   0.244133E+07   0.241765E+07  -0.208287E+00   0.236435E+07   0.236250E+07   0.191149E+02
   0.390784E-01   0.221172E+07   0.216722E+07   0.377717E+03   0.346997E+03   0.168152E+07   0.218097E+07   0.220452E+07   0.218097E+07  -0.187896E+00   0.213359E+07   0.213186E+07   0.161134E+02
   0.431470E-01   0.199775E+07   0.195648E+07   0.274082E+03   0.256612E+03   0.147200E+07   0.196770E+07   0.199108E+07   0.196770E+07  -0.169522E+00   0.192564E+07   0.192409E+07   0.130758E+02
   0.474616E-01   0.181674E+07   0.178045E+07   0.202374E+03   0.192521E+03   0.129554E+07   0.178766E+07   0.181087E+07   0.178766E+07  -0.154011E+00   0.175008E+07   0.174876E+07   0.102314E+02
   0.517763E-01   0.167514E+07   0.164465E+07   0.156570E+03   0.148938E+03   0.115694E+07   0.164710E+07   0.167022E+07   0.164710E+07  -0.141901E+00   0.161304E+07   0.161193E+07   0.784089E+01
   0.560910E-01   0.156075E+07   0.153603E+07   0.124137E+03   0.118080E+03   0.104443E+07   0.153368E+07   0.155676E+07   0.153368E+07  -0.132130E+00   0.150248E+07   0.150157E+07   0.593833E+01
   0.604057E-01   0.146426E+07   0.144458E+07   0.100296E+03   0.953965E+02   0.949760E+06   0.143805E+07   0.146108E+07   0.143805E+07  -0.123891E+00   0.140926E+07   0.140852E+07   0.452204E+01
   0.647204E-01   0.137899E+07   0.136315E+07   0.821785E+02   0.781602E+02   0.867332E+06   0.135350E+07   0.137643E+07   0.135350E+07  -0.116607E+00   0.132685E+07   0.132622E+07   0.355239E+01
   0.690351E-01   0.129897E+07   0.128552E+07   0.679450E+02   0.646194E+02   0.792486E+06   0.127408E+07   0.129680E+07   0.127408E+07  -0.109765E+00   0.124939E+07   0.124883E+07   0.295655E+01
   0.733498E-01   0.122044E+07   0.120801E+07   0.564661E+02   0.536997E+02   0.722396E+06   0.119609E+07   0.121843E+07   0.119609E+07  -0.103046E+00   0.117328E+07   0.117275E+07   0.264349E+01
   0.776645E-01   0.114219E+07   0.112965E+07   0.470637E+02   0.447559E+02   0.656137E+06   0.111837E+07   0.114017E+07   0.111837E+07  -0.963497E-01   0.109738E+07   0.109685E+07   0.251719E+01
   0.819792E-01   0.106519E+07   0.105179E+07   0.393275E+02   0.373974E+02   0.594047E+06   0.104190E+07   0.106302E+07   0.104190E+07  -0.897621E-01   0.102267E+07   0.102211E+07   0.248864E+01
   0.862939E-01   0.991494E+06   0.976945E+06   0.329820E+02   0.313619E+02   0.536990E+06   0.968778E+06   0.989142E+06   0.968778E+06  -0.834623E-01   0.951180E+06   0.950594E+06   0.248455E+01
   0.906086E-01   0.923138E+06   0.907550E+06   0.278073E+02   0.264402E+02   0.485726E+06   0.901031E+06   0.920619E+06   0.901031E+06  -0.776259E-01   0.884922E+06   0.884314E+06   0.245274E+01
   0.959689E-01   0.847975E+06   0.831719E+06   0.227261E+02   0.216078E+02   0.430728E+06   0.826674E+06   0.845348E+06   0.826674E+06  -0.712198E-01   0.812174E+06   0.811561E+06   0.233271E+01
   0.101329E+00   0.785432E+06   0.769479E+06   0.188509E+02   0.179224E+02   0.385444E+06   0.764955E+06   0.782854E+06   0.764955E+06  -0.659026E-01   0.751783E+06   0.751196E+06   0.211565E+01
   0.106690E+00   0.735925E+06   0.721221E+06   0.159115E+02   0.151270E+02   0.349203E+06   0.716238E+06   0.733549E+06   0.716238E+06  -0.617055E-01   0.704120E+06   0.703586E+06   0.182805E+01
   0.112050E+00   0.697601E+06   0.684800E+06   0.136603E+02   0.129861E+02   0.320324E+06   0.678633E+06   0.695532E+06   0.678633E+06  -0.584657E-01   0.667342E+06   0.666877E+06   0.151515E+01
   0.117410E+00   0.666782E+06   0.656105E+06   0.118817E+02   0.112948E+02   0.296477E+06   0.648456E+06   0.665057E+06   0.648456E+06  -0.558659E-01   0.637841E+06   0.637448E+06   0.122356E+01
   0.122770E+00   0.639480E+06   0.630710E+06   0.104135E+02   0.989866E+01   0.275485E+06   0.621733E+06   0.638063E+06   0.621733E+06  -0.535636E-01   0.611715E+06   0.611383E+06   0.988614E+00
   0.128131E+00   0.612634E+06   0.605233E+06   0.915107E+01   0.869831E+01   0.255809E+06   0.595421E+06   0.611438E+06   0.595421E+06  -0.512968E-01   0.585977E+06   0.585687E+06   0.827634E+00
   0.133491E+00   0.584543E+06   0.577836E+06   0.803626E+01   0.763835E+01   0.236657E+06   0.567839E+06   0.583459E+06   0.567839E+06  -0.489206E-01   0.558973E+06   0.558703E+06   0.739172E+00
   0.138851E+00   0.554828E+06   0.548187E+06   0.704209E+01   0.669315E+01   0.217868E+06   0.538627E+06   0.553755E+06   0.538627E+06  -0.464039E-01   0.530348E+06   0.530079E+06   0.707067E+00
   0.144212E+00   0.524163E+06   0.517158E+06   0.615973E+01   0.585430E+01   0.199698E+06   0.508468E+06   0.523031E+06   0.508468E+06  -0.438056E-01   0.500774E+06   0.500495E+06   0.707343E+00
   0.149572E+00   0.493855E+06   0.486321E+06   0.538801E+01   0.512067E+01   0.182619E+06   0.478674E+06   0.492637E+06   0.478674E+06  -0.412388E-01   0.471542E+06   0.471249E+06   0.715563E+00
   0.154932E+00   0.465449E+06   0.457480E+06   0.472684E+01   0.449216E+01   0.167132E+06   0.450783E+06   0.464161E+06   0.450783E+06  -0.388360E-01   0.444167E+06   0.443865E+06   0.712725E+00
   0.160293E+00   0.440356E+06   0.432231E+06   0.417320E+01   0.396588E+01   0.153622E+06   0.426188E+06   0.439043E+06   0.426188E+06  -0.367170E-01   0.420023E+06   0.419721E+06   0.688500E+00
   0.165653E+00   0.419372E+06   0.411448E+06   0.371780E+01   0.353299E+01   0.142221E+06   0.405666E+06   0.418091E+06   0.405666E+06  -0.349490E-01   0.399879E+06   0.399589E+06   0.641593E+00
   0.171013E+00   0.402351E+06   0.394951E+06   0.334433E+01   0.317799E+01   0.132717E+06   0.389065E+06   0.401155E+06   0.389065E+06  -0.335188E-01   0.383587E+06   0.383317E+06   0.577821E+00
   0.176373E+00   0.388380E+06   0.381715E+06   0.303321E+01   0.288225E+01   0.124670E+06   0.375474E+06   0.387303E+06   0.375474E+06  -0.323479E-01   0.370255E+06   0.370010E+06   0.506996E+00
   0.181734E+00   0.376298E+06   0.370420E+06   0.276666E+01   0.262889E+01   0.117601E+06   0.363739E+06   0.375348E+06   0.363739E+06  -0.313369E-01   0.358745E+06   0.358526E+06   0.439568E+00
   0.187094E+00   0.365019E+06   0.359834E+06   0.253090E+01   0.240480E+01   0.111103E+06   0.352782E+06   0.364181E+06   0.352782E+06  -0.303930E-01   0.347996E+06   0.347800E+06   0.383789E+00
   0.192454E+00   0.353619E+06   0.348930E+06   0.231591E+01   0.220046E+01   0.104858E+06   0.341691E+06   0.352861E+06   0.341691E+06  -0.294374E-01   0.337111E+06   0.336930E+06   0.343990E+00
   0.197815E+00   0.341484E+06   0.337051E+06   0.211552E+01   0.201001E+01   0.986740E+05   0.329864E+06   0.340767E+06   0.329864E+06  -0.284185E-01   0.325494E+06   0.325321E+06   0.320248E+00
   0.203175E+00   0.328522E+06   0.324132E+06   0.192785E+01   0.183165E+01   0.925266E+05   0.317216E+06   0.327813E+06   0.317216E+06  -0.273288E-01   0.313064E+06   0.312892E+06   0.309238E+00
   0.208535E+00   0.315144E+06   0.310650E+06   0.175410E+01   0.166653E+01   0.865356E+05   0.304154E+06   0.314418E+06   0.304154E+06  -0.262036E-01   0.300220E+06   0.300046E+06   0.305710E+00
   0.213896E+00   0.301965E+06   0.297316E+06   0.159625E+01   0.151653E+01   0.808630E+05   0.291289E+06   0.301213E+06   0.291289E+06  -0.250952E-01   0.287565E+06   0.287387E+06   0.304093E+00
   0.219256E+00   0.289541E+06   0.284774E+06   0.145552E+01   0.138280E+01   0.756410E+05   0.279171E+06   0.288770E+06   0.279171E+06  -0.240512E-01   0.275643E+06   0.275463E+06   0.299866E+00
   0.224616E+00   0.278292E+06   0.273506E+06   0.133206E+01   0.126548E+01   0.709516E+05   0.268214E+06   0.277518E+06   0.268214E+06  -0.231073E-01   0.264862E+06   0.264683E+06   0.290423E+00
   0.229977E+00   0.268458E+06   0.263779E+06   0.122507E+01   0.116381E+01   0.668219E+05   0.258654E+06   0.267702E+06   0.258654E+06  -0.222836E-01   0.255455E+06   0.255282E+06   0.275310E+00
   0.235337E+00   0.260032E+06   0.255573E+06   0.113262E+01   0.107597E+01   0.632144E+05   0.250479E+06   0.259311E+06   0.250479E+06  -0.215793E-01   0.247412E+06   0.247247E+06   0.255850E+00
   0.240697E+00   0.252749E+06   0.248585E+06   0.105199E+01   0.999349E+00   0.600316E+05   0.243426E+06   0.252076E+06   0.243426E+06  -0.209717E-01   0.240474E+06   0.240320E+06   0.234427E+00
   0.246057E+00   0.246202E+06   0.242352E+06   0.980236E+00   0.931164E+00   0.571502E+05   0.237093E+06   0.245580E+06   0.237093E+06  -0.204261E-01   0.234245E+06   0.234101E+06   0.213658E+00
   0.251418E+00   0.239973E+06   0.236407E+06   0.914813E+00   0.868999E+00   0.544557E+05   0.231067E+06   0.239397E+06   0.231067E+06  -0.199070E-01   0.228317E+06   0.228183E+06   0.195700E+00
   0.256778E+00   0.233726E+06   0.230375E+06   0.853864E+00   0.811087E+00   0.518608E+05   0.225018E+06   0.233185E+06   0.225018E+06  -0.193858E-01   0.222364E+06   0.222237E+06   0.181792E+00
   0.262138E+00   0.227263E+06   0.224044E+06   0.796307E+00   0.756401E+00   0.493178E+05   0.218752E+06   0.226743E+06   0.218752E+06  -0.188459E-01   0.216196E+06   0.216072E+06   0.172120E+00
   0.267499E+00   0.220560E+06   0.217396E+06   0.741807E+00   0.704620E+00   0.468199E+05   0.212246E+06   0.220048E+06   0.212246E+06  -0.182855E-01   0.209789E+06   0.209667E+06   0.165965E+00
   0.272859E+00   0.213741E+06   0.210579E+06   0.690559E+00   0.655930E+00   0.443926E+05   0.205626E+06   0.213230E+06   0.205626E+06  -0.177151E-01   0.203266E+06   0.203145E+06   0.162042E+00
   0.278219E+00   0.207006E+06   0.203823E+06   0.642947E+00   0.610696E+00   0.420751E+05   0.199087E+06   0.206492E+06   0.199087E+06  -0.171518E-01   0.196822E+06   0.196701E+06   0.158912E+00
   0.283580E+00   0.200558E+06   0.197363E+06   0.599295E+00   0.569226E+00   0.399031E+05   0.192829E+06   0.200042E+06   0.192829E+06  -0.166127E-01   0.190655E+06   0.190534E+06   0.155352E+00
   0.288940E+00   0.194560E+06   0.191384E+06   0.559747E+00   0.531654E+00   0.379017E+05   0.187014E+06   0.194047E+06   0.187014E+06  -0.161117E-01   0.184923E+06   0.184804E+06   0.150594E+00
   0.294300E+00   0.189107E+06   0.185992E+06   0.524210E+00   0.497893E+00   0.360802E+05   0.181734E+06   0.188604E+06   0.181734E+06  -0.156568E-01   0.179719E+06   0.179602E+06   0.144418E+00
   0.299661E+00   0.184201E+06   0.181186E+06   0.492335E+00   0.467611E+00   0.344289E+05   0.176990E+06   0.183713E+06   0.176990E+06  -0.152481E-01   0.175042E+06   0.174930E+06   0.137086E+00
   0.305021E+00   0.179755E+06   0.176868E+06   0.463576E+00   0.440290E+00   0.329227E+05   0.172697E+06   0.179289E+06   0.172697E+06  -0.148782E-01   0.170811E+06   0.170703E+06   0.129179E+00
   0.310381E+00   0.175635E+06   0.172885E+06   0.437321E+00   0.415348E+00   0.315288E+05   0.168720E+06   0.175191E+06   0.168720E+06  -0.145356E-01   0.166891E+06   0.166788E+06   0.121388E+00
   0.315741E+00   0.171698E+06   0.169075E+06   0.413014E+00   0.392257E+00   0.302157E+05   0.164921E+06   0.171274E+06   0.164921E+06  -0.142083E-01   0.163146E+06   0.163047E+06   0.114320E+00
   0.321102E+00   0.167822E+06   0.165306E+06   0.390218E+00   0.370602E+00   0.289583E+05   0.161179E+06   0.167415E+06   0.161179E+06  -0.138860E-01   0.159457E+06   0.159362E+06   0.108362E+00
   0.326462E+00   0.163930E+06   0.161491E+06   0.368645E+00   0.350109E+00   0.277404E+05   0.157419E+06   0.163535E+06   0.157419E+06  -0.135620E-01   0.155749E+06   0.155657E+06   0.103625E+00
   0.331822E+00   0.159996E+06   0.157608E+06   0.348158E+00   0.330649E+00   0.265565E+05   0.153617E+06   0.159610E+06   0.153617E+06  -0.132345E-01   0.151999E+06   0.151908E+06   0.999644E-01
   0.337183E+00   0.156052E+06   0.153692E+06   0.328756E+00   0.312218E+00   0.254105E+05   0.149804E+06   0.155671E+06   0.149804E+06  -0.129059E-01   0.148236E+06   0.148147E+06   0.970666E-01
   0.342543E+00   0.152162E+06   0.149821E+06   0.310502E+00   0.294880E+00   0.243113E+05   0.146042E+06   0.151784E+06   0.146042E+06  -0.125819E-01   0.144525E+06   0.144436E+06   0.945458E-01
   0.347903E+00   0.148398E+06   0.146075E+06   0.293466E+00   0.278698E+00   0.232687E+05   0.142404E+06   0.148023E+06   0.142404E+06  -0.122684E-01   0.140934E+06   0.140847E+06   0.920485E-01
   0.353264E+00   0.144820E+06   0.142523E+06   0.277678E+00   0.263701E+00   0.222892E+05   0.138946E+06   0.144448E+06   0.138946E+06  -0.119705E-01   0.137522E+06   0.137435E+06   0.893287E-01
   0.358624E+00   0.141460E+06   0.139203E+06   0.263114E+00   0.249868E+00   0.213752E+05   0.135703E+06   0.141095E+06   0.135703E+06  -0.116911E-01   0.134320E+06   0.134236E+06   0.862838E-01
   0.363984E+00   0.138326E+06   0.136121E+06   0.249698E+00   0.237125E+00   0.205246E+05   0.132680E+06   0.137970E+06   0.132680E+06  -0.114307E-01   0.131336E+06   0.131254E+06   0.829493E-01
   0.369344E+00   0.135395E+06   0.133253E+06   0.237310E+00   0.225358E+00   0.197310E+05   0.129855E+06   0.135049E+06   0.129855E+06  -0.111873E-01   0.128548E+06   0.128467E+06   0.794601E-01
   0.374705E+00   0.132624E+06   0.130549E+06   0.225802E+00   0.214427E+00   0.189857E+05   0.127186E+06   0.132289E+06   0.127186E+06  -0.109573E-01   0.125913E+06   0.125835E+06   0.759969E-01
   0.380065E+00   0.129964E+06   0.127954E+06   0.215031E+00   0.204197E+00   0.182791E+05   0.124624E+06   0.129639E+06   0.124624E+06  -0.107366E-01   0.123384E+06   0.123308E+06   0.727334E-01
   0.385425E+00   0.127371E+06   0.125419E+06   0.204876E+00   0.194552E+00   0.176034E+05   0.122126E+06   0.127056E+06   0.122126E+06  -0.105214E-01   0.120918E+06   0.120844E+06   0.697942E-01
   0.390786E+00   0.124814E+06   0.122911E+06   0.195252E+00   0.185411E+00   0.169532E+05   0.119662E+06   0.124507E+06   0.119662E+06  -0.103092E-01   0.118485E+06   0.118413E+06   0.672325E-01
   0.396146E+00   0.122279E+06   0.120415E+06   0.186103E+00   0.176722E+00   0.163254E+05   0.117219E+06   0.121978E+06   0.117219E+06  -0.100987E-01   0.116072E+06   0.116002E+06   0.650284E-01
   0.401506E+00   0.119767E+06   0.117933E+06   0.177405E+00   0.168460E+00   0.157193E+05   0.114798E+06   0.119470E+06   0.114798E+06  -0.989006E-02   0.113680E+06   0.113611E+06   0.631065E-01
   0.406867E+00   0.117294E+06   0.115485E+06   0.169155E+00   0.160625E+00   0.151364E+05   0.112414E+06   0.117002E+06   0.112414E+06  -0.968469E-02   0.111326E+06   0.111257E+06   0.613632E-01
   0.412227E+00   0.114886E+06   0.113100E+06   0.161365E+00   0.153227E+00   0.145790E+05   0.110092E+06   0.114597E+06   0.110092E+06  -0.948471E-02   0.109032E+06   0.108965E+06   0.596957E-01
   0.417587E+00   0.112564E+06   0.110803E+06   0.154037E+00   0.146267E+00   0.140488E+05   0.107855E+06   0.112279E+06   0.107855E+06  -0.929195E-02   0.106822E+06   0.106756E+06   0.580237E-01
   0.422948E+00   0.110340E+06   0.108607E+06   0.147160E+00   0.139736E+00   0.135462E+05   0.105713E+06   0.110060E+06   0.105713E+06  -0.910739E-02   0.104705E+06   0.104640E+06   0.563027E-01
   0.428308E+00   0.108215E+06   0.106515E+06   0.140709E+00   0.133610E+00   0.130702E+05   0.103668E+06   0.107941E+06   0.103668E+06  -0.893119E-02   0.102684E+06   0.102621E+06   0.545269E-01
   0.433668E+00   0.106187E+06   0.104522E+06   0.134656E+00   0.127861E+00   0.126194E+05   0.101716E+06   0.105918E+06   0.101716E+06  -0.876305E-02   0.100756E+06   0.100693E+06   0.527232E-01
   0.439028E+00   0.104245E+06   0.102618E+06   0.128963E+00   0.122454E+00   0.121915E+05   0.998478E+05   0.103982E+06   0.998478E+05  -0.860210E-02   0.989098E+05   0.988486E+05   0.509374E-01
   0.444389E+00   0.102372E+06   0.100782E+06   0.123589E+00   0.117350E+00   0.117836E+05   0.980468E+05   0.102115E+06   0.980468E+05  -0.844695E-02   0.971300E+05   0.970701E+05   0.492180E-01
   0.449749E+00   0.100551E+06   0.989955E+05   0.118494E+00   0.112512E+00   0.113928E+05   0.962950E+05   0.100299E+06   0.962950E+05  -0.829602E-02   0.953986E+05   0.953400E+05   0.476037E-01
   0.455109E+00   0.987667E+05   0.972434E+05   0.113648E+00   0.107909E+00   0.110170E+05   0.945794E+05   0.985205E+05   0.945794E+05  -0.814822E-02   0.937029E+05   0.936454E+05   0.461156E-01
   0.460470E+00   0.970146E+05   0.955195E+05   0.109030E+00   0.103524E+00   0.106549E+05   0.928942E+05   0.967730E+05   0.928942E+05  -0.800304E-02   0.920371E+05   0.919807E+05   0.447556E-01
   0.465830E+00   0.952934E+05   0.938233E+05   0.104628E+00   0.993437E-01   0.103059E+05   0.912388E+05   0.950559E+05   0.912388E+05  -0.786042E-02   0.904006E+05   0.903451E+05   0.435082E-01
   0.471190E+00   0.936050E+05   0.921572E+05   0.100432E+00   0.953594E-01   0.996981E+04   0.896146E+05   0.933710E+05   0.896146E+05  -0.772050E-02   0.887949E+05   0.887403E+05   0.423462E-01
   0.476551E+00   0.919537E+05   0.905271E+05   0.964376E-01   0.915661E-01   0.964660E+04   0.880265E+05   0.917232E+05   0.880265E+05  -0.758367E-02   0.872246E+05   0.871708E+05   0.412392E-01
   0.481911E+00   0.903465E+05   0.889407E+05   0.926411E-01   0.879609E-01   0.933652E+04   0.864809E+05   0.901193E+05   0.864809E+05  -0.745052E-02   0.856964E+05   0.856434E+05   0.401610E-01
   0.487271E+00   0.887896E+05   0.874052E+05   0.890389E-01   0.845401E-01   0.903976E+04   0.849841E+05   0.885659E+05   0.849841E+05  -0.732156E-02   0.842163E+05   0.841641E+05   0.390944E-01
   0.492631E+00   0.872856E+05   0.859235E+05   0.856235E-01   0.812969E-01   0.875608E+04   0.835384E+05   0.870655E+05   0.835384E+05  -0.719702E-02   0.827866E+05   0.827354E+05   0.380324E-01
   0.497992E+00   0.858325E+05   0.844936E+05   0.823837E-01   0.782202E-01   0.848482E+04   0.821421E+05   0.856161E+05   0.821421E+05  -0.707672E-02   0.814058E+05   0.813554E+05   0.369779E-01
   0.503352E+00   0.844257E+05   0.831106E+05   0.793060E-01   0.752977E-01   0.822507E+04   0.807907E+05   0.842132E+05   0.807907E+05  -0.696029E-02   0.800692E+05   0.800197E+05   0.359400E-01
   0.508712E+00   0.830602E+05   0.817688E+05   0.763777E-01   0.725170E-01   0.797591E+04   0.794791E+05   0.828515E+05   0.794791E+05  -0.684730E-02   0.787720E+05   0.787234E+05   0.349313E-01
   0.514073E+00   0.817315E+05   0.804630E+05   0.735873E-01   0.698672E-01   0.773654E+04   0.782030E+05   0.815265E+05   0.782030E+05  -0.673736E-02   0.775098E+05   0.774620E+05   0.339637E-01
   0.519433E+00   0.804348E+05   0.791882E+05   0.709239E-01   0.673381E-01   0.750616E+04   0.769577E+05   0.802333E+05   0.769577E+05  -0.663007E-02   0.762780E+05   0.762310E+05   0.330449E-01
   0.524793E+00   0.791655E+05   0.779395E+05   0.683774E-01   0.649200E-01   0.728401E+04   0.757388E+05   0.789673E+05   0.757388E+05  -0.652506E-02   0.750722E+05   0.750260E+05   0.321772E-01
   0.530154E+00   0.779206E+05   0.767138E+05   0.659398E-01   0.626054E-01   0.706958E+04   0.745433E+05   0.777256E+05   0.745433E+05  -0.642206E-02   0.738895E+05   0.738440E+05   0.313576E-01
   0.535514E+00   0.767003E+05   0.755116E+05   0.636063E-01   0.603896E-01   0.686259E+04   0.733714E+05   0.765082E+05   0.733714E+05  -0.632111E-02   0.727301E+05   0.726853E+05   0.305795E-01
   0.540874E+00   0.755068E+05   0.743352E+05   0.613741E-01   0.582700E-01   0.666301E+04   0.722253E+05   0.753175E+05   0.722253E+05  -0.622237E-02   0.715962E+05   0.715521E+05   0.298349E-01
   0.546235E+00   0.743418E+05   0.731869E+05   0.592398E-01   0.562434E-01   0.647075E+04   0.711067E+05   0.741551E+05   0.711067E+05  -0.612599E-02   0.704894E+05   0.704459E+05   0.291152E-01
   0.551595E+00   0.732055E+05   0.720672E+05   0.571994E-01   0.543059E-01   0.628557E+04   0.700158E+05   0.730216E+05   0.700158E+05  -0.603201E-02   0.694100E+05   0.693671E+05   0.284138E-01
   0.556955E+00   0.720982E+05   0.709764E+05   0.552487E-01   0.524537E-01   0.610728E+04   0.689529E+05   0.719169E+05   0.689529E+05  -0.594044E-02   0.683582E+05   0.683159E+05   0.277266E-01
   0.562315E+00   0.710203E+05   0.699152E+05   0.533842E-01   0.506832E-01   0.593567E+04   0.679183E+05   0.708417E+05   0.679183E+05  -0.585131E-02   0.673344E+05   0.672928E+05   0.270527E-01
   0.567676E+00   0.699715E+05   0.688831E+05   0.516017E-01   0.489907E-01   0.577051E+04   0.669120E+05   0.697956E+05   0.669120E+05  -0.576461E-02   0.663385E+05   0.662975E+05   0.263935E-01
   0.573036E+00   0.689499E+05   0.678780E+05   0.498963E-01   0.473714E-01   0.561143E+04   0.659318E+05   0.687767E+05   0.659318E+05  -0.568016E-02   0.653684E+05   0.653280E+05   0.257516E-01
   0.578396E+00   0.679524E+05   0.668968E+05   0.482622E-01   0.458198E-01   0.545796E+04   0.649748E+05   0.677818E+05   0.649748E+05  -0.559772E-02   0.644212E+05   0.643815E+05   0.251297E-01
   0.629654E+00   0.594222E+05   0.584986E+05   0.355800E-01   0.337782E-01   0.422702E+04   0.567937E+05   0.592729E+05   0.567937E+05  -0.489290E-02   0.563226E+05   0.562877E+05   0.202049E-01
   0.769061E+00   0.431764E+05   0.425056E+05   0.172984E-01   0.164211E-01   0.228473E+04   0.412311E+05   0.430680E+05   0.412311E+05  -0.355215E-02   0.409075E+05   0.408822E+05   0.120308E-01
   0.939334E+00   0.312219E+05   0.307368E+05   0.837322E-02   0.794813E-02   0.121317E+04   0.297955E+05   0.311435E+05   0.297955E+05  -0.256694E-02   0.295720E+05   0.295537E+05   0.713906E-02
   0.114731E+01   0.224819E+05   0.221326E+05   0.403723E-02   0.383210E-02   0.633767E+03   0.214439E+05   0.224254E+05   0.214439E+05  -0.184744E-02   0.212889E+05   0.212757E+05   0.422402E-02
   0.140132E+01   0.161257E+05   0.158752E+05   0.193957E-02   0.184095E-02   0.326086E+03   0.153755E+05   0.160852E+05   0.153755E+05  -0.132463E-02   0.152674E+05   0.152579E+05   0.249428E-02
   0.171158E+01   0.115250E+05   0.113459E+05   0.928647E-03   0.881410E-03   0.165399E+03   0.109858E+05   0.114961E+05   0.109858E+05  -0.946447E-03   0.109102E+05   0.109033E+05   0.147165E-02
   0.209053E+01   0.821009E+04   0.808246E+04   0.443251E-03   0.420697E-03   0.827918E+02   0.782434E+04   0.818946E+04   0.782434E+04  -0.674084E-03   0.777141E+04   0.776644E+04   0.868975E-03
   0.255338E+01   0.583075E+04   0.574008E+04   0.210946E-03   0.200209E-03   0.409390E+02   0.555599E+04   0.581610E+04   0.555599E+04  -0.478660E-03   0.551885E+04   0.551525E+04   0.514561E-03
   0.311870E+01   0.412929E+04   0.406504E+04   0.100116E-03   0.950200E-04   0.200227E+02   0.393429E+04   0.411890E+04   0.393429E+04  -0.338948E-03   0.390822E+04   0.390560E+04   0.306414E-03
   0.380919E+01   0.291700E+04   0.287157E+04   0.474000E-04   0.449869E-04   0.970026E+01   0.277905E+04   0.290966E+04   0.277905E+04  -0.239421E-03   0.276075E+04   0.275883E+04   0.184190E-03
   0.465255E+01   0.205584E+04   0.202378E+04   0.223904E-04   0.212505E-04   0.466143E+01   0.195851E+04   0.205066E+04   0.195851E+04  -0.168730E-03   0.194567E+04   0.194424E+04   0.112290E-03
   0.568264E+01   0.144568E+04   0.142308E+04   0.105533E-04   0.100160E-04   0.222477E+01   0.137718E+04   0.144203E+04   0.137718E+04  -0.118647E-03   0.136818E+04   0.136710E+04   0.698133E-04
   0.694079E+01   0.101458E+04   0.998672E+03   0.496422E-05   0.471149E-05   0.105595E+01   0.966476E+03   0.101201E+04   0.966476E+03  -0.832640E-04   0.960179E+03   0.959333E+03   0.445419E-04
   0.847750E+01   0.710689E+03   0.699492E+03   0.233076E-05   0.221211E-05   0.498925E+00   0.676974E+03   0.708880E+03   0.676974E+03  -0.583228E-04   0.672575E+03   0.671894E+03   0.293342E-04
   0.103544E+02   0.496952E+03   0.489067E+03   0.109240E-05   0.103680E-05   0.234875E+00   0.473363E+03   0.495678E+03   0.473363E+03  -0.407813E-04   0.470295E+03   0.469727E+03   0.200304E-04
   0.126469E+02   0.346929E+03   0.341365E+03   0.511154E-06   0.485142E-06   0.110238E+00   0.330449E+03   0.346029E+03   0.330449E+03  -0.284689E-04   0.328313E+03   0.327821E+03   0.142081E-04
   0.154470E+02   0.241825E+03   0.237886E+03   0.238805E-06   0.226657E-06   0.516114E-01   0.230328E+03   0.241189E+03   0.230328E+03  -0.198432E-04   0.228845E+03   0.228403E+03   0.104573E-04
   0.188670E+02   0.168322E+03   0.165517E+03   0.111402E-06   0.105737E-06   0.241126E-01   0.160309E+03   0.167869E+03   0.160309E+03  -0.138110E-04   0.159283E+03   0.158872E+03   0.795535E-05
   0.230442E+02   0.117002E+03   0.114986E+03   0.518942E-07   0.492576E-07   0.112447E-01   0.111422E+03   0.116677E+03   0.111422E+03  -0.959925E-05   0.110714E+03   0.110322E+03   0.622095E-05
   0.281463E+02   0.812251E+02   0.797569E+02   0.241400E-07   0.229149E-07   0.523535E-02   0.773404E+02   0.809878E+02   0.773404E+02  -0.666304E-05   0.768546E+02   0.764717E+02   0.497037E-05
   0.343780E+02   0.563178E+02   0.552291E+02   0.112134E-07   0.106453E-07   0.243379E-02   0.536133E+02   0.561418E+02   0.536133E+02  -0.461891E-05   0.532825E+02   0.529029E+02   0.403456E-05
   0.419893E+02   0.390013E+02   0.381745E+02   0.520119E-08   0.493836E-08   0.112977E-02   0.371172E+02   0.388677E+02   0.371172E+02  -0.319772E-05   0.368941E+02   0.365136E+02   0.331128E-05
   0.512859E+02   0.269770E+02   0.263300E+02   0.240866E-08   0.228741E-08   0.523703E-03   0.256622E+02   0.268725E+02   0.256622E+02  -0.221085E-05   0.255142E+02   0.251300E+02   0.273720E-05
   0.626408E+02   0.186372E+02   0.181132E+02   0.111344E-08   0.105771E-08   0.242399E-03   0.177169E+02   0.185525E+02   0.177169E+02  -0.152635E-05   0.176211E+02   0.172316E+02   0.227193E-05
   0.765096E+02   0.128591E+02   0.124187E+02   0.513600E-09   0.488110E-09   0.112011E-03   0.122120E+02   0.127879E+02   0.122120E+02  -0.105209E-05   0.121524E+02   0.117569E+02   0.188874E-05
   0.934490E+02   0.885988E+01   0.847606E+01   0.236272E-09   0.224695E-09   0.516630E-04   0.840160E+01   0.879785E+01   0.840160E+01  -0.723816E-06   0.836726E+01   0.796593E+01   0.156920E-05
   0.114139E+03   0.609453E+01   0.574909E+01   0.108312E-09   0.103106E-09   0.237723E-04   0.576673E+01   0.603871E+01   0.576673E+01  -0.496816E-06   0.574988E+01   0.534378E+01   0.130000E-05
