#          k/h    CDM            baryon         photon         nu             mass_nu        total          no_nu          total_de       Weyl           v_CDM          v_b            v_b-v_c     
   0.105163E-04   0.852242E+06   0.852242E+06   0.113630E+07   0.113630E+07   0.852623E+06   0.852259E+06   0.852242E+06   0.860611E+06  -0.601502E+00   0.850403E+06   0.850403E+06   0.131887E+00
   0.116112E-04   0.852242E+06   0.852242E+06   0.113630E+07   0.113630E+07   0.852623E+06   0.852259E+06   0.852242E+06   0.860611E+06  -0.601502E+00   0.850403E+06   0.850403E+06   0.145618E+00
   0.128200E-04   0.852241E+06   0.852241E+06   0.113629E+07   0.113629E+07   0.852623E+06   0.852259E+06   0.852241E+06   0.860611E+06  -0.601502E+00   0.850403E+06   0.850403E+06   0.160779E+00
   0.141547E-04   0.852241E+06   0.852241E+06   0.113628E+07   0.113628E+07   0.852623E+06   0.852258E+06   0.852241E+06   0.860611E+06  -0.601502E+00   0.850403E+06   0.850403E+06   0.177518E+00
   0.156284E-04   0.852241E+06   0.852241E+06   0.113628E+07   0.113627E+07   0.852623E+06   0.852258E+06   0.852241E+06   0.860611E+06  -0.601502E+00   0.850403E+06   0.850403E+06   0.195999E+00
   0.172555E-04   0.852241E+06   0.852241E+06   0.113626E+07   0.113626E+07   0.852622E+06   0.852258E+06   0.852241E+06   0.860610E+06  -0.601502E+00   0.850403E+06   0.850403E+06   0.216405E+00
   0.190520E-04   0.852241E+06   0.852241E+06   0.113625E+07   0.113625E+07   0.852622E+06   0.852258E+06   0.852241E+06   0.860610E+06  -0.601501E+00   0.850402E+06   0.850402E+06   0.238935E+00
   0.210355E-04   0.852240E+06   0.852240E+06   0.113624E+07   0.113623E+07   0.852622E+06   0.852258E+06   0.852240E+06   0.860610E+06  -0.601501E+00   0.850402E+06   0.850402E+06   0.263810E+00
   0.232256E-04   0.852240E+06   0.852240E+06   0.113622E+07   0.113621E+07   0.852621E+06   0.852257E+06   0.852240E+06   0.860609E+06  -0.601501E+00   0.850402E+06   0.850402E+06   0.291276E+00
   0.256436E-04   0.852240E+06   0.852240E+06   0.113619E+07   0.113619E+07   0.852620E+06   0.852257E+06   0.852240E+06   0.860608E+06  -0.601500E+00   0.850401E+06   0.850401E+06   0.321600E+00
   0.283134E-04   0.852239E+06   0.852239E+06   0.113617E+07   0.113616E+07   0.852620E+06   0.852256E+06   0.852239E+06   0.860608E+06  -0.601500E+00   0.850401E+06   0.850401E+06   0.355082E+00
   0.312612E-04   0.852238E+06   0.852238E+06   0.113613E+07   0.113613E+07   0.852619E+06   0.852256E+06   0.852238E+06   0.860607E+06  -0.601499E+00   0.850400E+06   0.850400E+06   0.392049E+00
   0.345158E-04   0.852238E+06   0.852238E+06   0.113609E+07   0.113608E+07   0.852617E+06   0.852255E+06   0.852238E+06   0.860606E+06  -0.601498E+00   0.850399E+06   0.850399E+06   0.432865E+00
   0.381093E-04   0.852237E+06   0.852237E+06   0.113604E+07   0.113603E+07   0.852616E+06   0.852254E+06   0.852237E+06   0.860604E+06  -0.601497E+00   0.850398E+06   0.850398E+06   0.477930E+00
   0.420769E-04   0.852236E+06   0.852235E+06   0.113598E+07   0.113597E+07   0.852614E+06   0.852252E+06   0.852236E+06   0.860603E+06  -0.601496E+00   0.850397E+06   0.850397E+06   0.527686E+00
   0.464576E-04   0.852234E+06   0.852234E+06   0.113590E+07   0.113589E+07   0.852612E+06   0.852251E+06   0.852234E+06   0.860600E+06  -0.601494E+00   0.850396E+06   0.850396E+06   0.582621E+00
   0.512944E-04   0.852232E+06   0.852232E+06   0.113581E+07   0.113579E+07   0.852609E+06   0.852249E+06   0.852232E+06   0.860598E+06  -0.601492E+00   0.850394E+06   0.850394E+06   0.643275E+00
   0.566347E-04   0.852230E+06   0.852230E+06   0.113570E+07   0.113568E+07   0.852606E+06   0.852247E+06   0.852230E+06   0.860595E+06  -0.601490E+00   0.850392E+06   0.850392E+06   0.710243E+00
   0.625311E-04   0.852228E+06   0.852227E+06   0.113556E+07   0.113553E+07   0.852602E+06   0.852244E+06   0.852228E+06   0.860591E+06  -0.601487E+00   0.850389E+06   0.850389E+06   0.784181E+00
   0.690413E-04   0.852224E+06   0.852224E+06   0.113539E+07   0.113536E+07   0.852597E+06   0.852241E+06   0.852224E+06   0.860587E+06  -0.601484E+00   0.850386E+06   0.850386E+06   0.865814E+00
   0.762293E-04   0.852220E+06   0.852220E+06   0.113519E+07   0.113515E+07   0.852592E+06   0.852237E+06   0.852220E+06   0.860581E+06  -0.601480E+00   0.850382E+06   0.850382E+06   0.955943E+00
   0.841656E-04   0.852216E+06   0.852215E+06   0.113494E+07   0.113489E+07   0.852584E+06   0.852232E+06   0.852216E+06   0.860575E+06  -0.601475E+00   0.850378E+06   0.850378E+06   0.105545E+01
   0.929282E-04   0.852210E+06   0.852209E+06   0.113464E+07   0.113458E+07   0.852576E+06   0.852226E+06   0.852210E+06   0.860566E+06  -0.601469E+00   0.850372E+06   0.850372E+06   0.116531E+01
   0.102603E-03   0.852203E+06   0.852202E+06   0.113427E+07   0.113420E+07   0.852565E+06   0.852219E+06   0.852203E+06   0.860556E+06  -0.601462E+00   0.850365E+06   0.850365E+06   0.128661E+01
   0.113285E-03   0.852194E+06   0.852193E+06   0.113382E+07   0.113374E+07   0.852552E+06   0.852210E+06   0.852194E+06   0.860544E+06  -0.601453E+00   0.850356E+06   0.850356E+06   0.142052E+01
   0.125080E-03   0.852184E+06   0.852182E+06   0.113327E+07   0.113317E+07   0.852537E+06   0.852200E+06   0.852184E+06   0.860530E+06  -0.601442E+00   0.850346E+06   0.850346E+06   0.156836E+01
   0.138102E-03   0.852171E+06   0.852169E+06   0.113261E+07   0.113248E+07   0.852517E+06   0.852186E+06   0.852171E+06   0.860512E+06  -0.601428E+00   0.850333E+06   0.850333E+06   0.173157E+01
   0.152480E-03   0.852156E+06   0.852154E+06   0.113179E+07   0.113164E+07   0.852494E+06   0.852171E+06   0.852155E+06   0.860490E+06  -0.601412E+00   0.850318E+06   0.850317E+06   0.191175E+01
   0.168355E-03   0.852137E+06   0.852134E+06   0.113080E+07   0.113062E+07   0.852466E+06   0.852151E+06   0.852136E+06   0.860463E+06  -0.601392E+00   0.850299E+06   0.850298E+06   0.211066E+01
   0.185882E-03   0.852114E+06   0.852110E+06   0.112960E+07   0.112937E+07   0.852431E+06   0.852128E+06   0.852113E+06   0.860430E+06  -0.601368E+00   0.850276E+06   0.850275E+06   0.233023E+01
   0.205235E-03   0.852086E+06   0.852082E+06   0.112813E+07   0.112786E+07   0.852389E+06   0.852099E+06   0.852085E+06   0.860390E+06  -0.601339E+00   0.850248E+06   0.850247E+06   0.257260E+01
   0.226602E-03   0.852052E+06   0.852046E+06   0.112634E+07   0.112601E+07   0.852337E+06   0.852064E+06   0.852051E+06   0.860342E+06  -0.601303E+00   0.850214E+06   0.850213E+06   0.284012E+01
   0.250194E-03   0.852010E+06   0.852004E+06   0.112416E+07   0.112376E+07   0.852274E+06   0.852021E+06   0.852009E+06   0.860283E+06  -0.601260E+00   0.850172E+06   0.850171E+06   0.313539E+01
   0.276242E-03   0.851959E+06   0.851952E+06   0.112151E+07   0.112103E+07   0.852198E+06   0.851969E+06   0.851958E+06   0.860211E+06  -0.601206E+00   0.850122E+06   0.850121E+06   0.346125E+01
   0.305002E-03   0.851897E+06   0.851888E+06   0.111829E+07   0.111770E+07   0.852105E+06   0.851905E+06   0.851896E+06   0.860124E+06  -0.601142E+00   0.850060E+06   0.850059E+06   0.382084E+01
   0.336756E-03   0.851822E+06   0.851810E+06   0.111438E+07   0.111366E+07   0.851991E+06   0.851828E+06   0.851820E+06   0.860017E+06  -0.601063E+00   0.849984E+06   0.849983E+06   0.421760E+01
   0.371817E-03   0.851730E+06   0.851716E+06   0.110962E+07   0.110875E+07   0.851853E+06   0.851733E+06   0.851728E+06   0.859888E+06  -0.600967E+00   0.849893E+06   0.849891E+06   0.465532E+01
   0.410527E-03   0.851618E+06   0.851601E+06   0.110385E+07   0.110280E+07   0.851684E+06   0.851618E+06   0.851615E+06   0.859730E+06  -0.600850E+00   0.849781E+06   0.849779E+06   0.513813E+01
   0.453268E-03   0.851482E+06   0.851462E+06   0.109685E+07   0.109558E+07   0.851479E+06   0.851478E+06   0.851478E+06   0.859538E+06  -0.600708E+00   0.849645E+06   0.849643E+06   0.567058E+01
   0.500458E-03   0.851316E+06   0.851291E+06   0.108837E+07   0.108683E+07   0.851228E+06   0.851308E+06   0.851312E+06   0.859305E+06  -0.600535E+00   0.849480E+06   0.849476E+06   0.625760E+01
   0.552561E-03   0.851114E+06   0.851084E+06   0.107812E+07   0.107626E+07   0.850924E+06   0.851101E+06   0.851109E+06   0.859021E+06  -0.600326E+00   0.849278E+06   0.849274E+06   0.690459E+01
   0.610090E-03   0.850868E+06   0.850832E+06   0.106574E+07   0.106350E+07   0.850554E+06   0.850848E+06   0.850862E+06   0.858677E+06  -0.600071E+00   0.849032E+06   0.849028E+06   0.761740E+01
   0.673607E-03   0.850570E+06   0.850525E+06   0.105081E+07   0.104813E+07   0.850103E+06   0.850542E+06   0.850562E+06   0.858260E+06  -0.599761E+00   0.848734E+06   0.848728E+06   0.840238E+01
   0.743737E-03   0.850207E+06   0.850153E+06   0.103288E+07   0.102968E+07   0.849554E+06   0.850169E+06   0.850198E+06   0.857754E+06  -0.599386E+00   0.848371E+06   0.848364E+06   0.926634E+01
   0.821169E-03   0.849766E+06   0.849700E+06   0.101140E+07   0.100759E+07   0.848888E+06   0.849716E+06   0.849755E+06   0.857142E+06  -0.598932E+00   0.847929E+06   0.847921E+06   0.102166E+02
   0.906662E-03   0.849231E+06   0.849150E+06   0.985756E+06   0.981262E+06   0.848078E+06   0.849167E+06   0.849218E+06   0.856402E+06  -0.598383E+00   0.847393E+06   0.847383E+06   0.112609E+02
   0.100106E-02   0.848582E+06   0.848484E+06   0.955300E+06   0.950028E+06   0.847095E+06   0.848500E+06   0.848566E+06   0.855510E+06  -0.597720E+00   0.846743E+06   0.846731E+06   0.124076E+02
   0.110528E-02   0.847797E+06   0.847677E+06   0.919335E+06   0.913206E+06   0.845903E+06   0.847693E+06   0.847778E+06   0.854437E+06  -0.596922E+00   0.845954E+06   0.845939E+06   0.136651E+02
   0.122035E-02   0.846847E+06   0.846702E+06   0.877168E+06   0.870120E+06   0.844459E+06   0.846717E+06   0.846824E+06   0.853148E+06  -0.595963E+00   0.844999E+06   0.844981E+06   0.150423E+02
   0.134740E-02   0.845701E+06   0.845524E+06   0.828166E+06   0.820174E+06   0.842689E+06   0.845538E+06   0.845672E+06   0.851607E+06  -0.594813E+00   0.843843E+06   0.843821E+06   0.165482E+02
   0.148768E-02   0.844320E+06   0.844104E+06   0.771840E+06   0.762935E+06   0.840548E+06   0.844117E+06   0.844285E+06   0.849770E+06  -0.593442E+00   0.842447E+06   0.842421E+06   0.181918E+02
   0.164257E-02   0.842660E+06   0.842397E+06   0.707970E+06   0.698268E+06   0.837979E+06   0.842409E+06   0.842618E+06   0.847590E+06  -0.591812E+00   0.840766E+06   0.840734E+06   0.199817E+02
   0.181358E-02   0.840670E+06   0.840350E+06   0.636761E+06   0.626497E+06   0.834899E+06   0.840361E+06   0.840619E+06   0.845018E+06  -0.589884E+00   0.838746E+06   0.838707E+06   0.219263E+02
   0.200239E-02   0.838294E+06   0.837904E+06   0.559042E+06   0.548595E+06   0.831212E+06   0.837914E+06   0.838231E+06   0.842000E+06  -0.587618E+00   0.836325E+06   0.836278E+06   0.240330E+02
   0.221086E-02   0.835466E+06   0.834992E+06   0.476469E+06   0.466386E+06   0.826808E+06   0.835003E+06   0.835390E+06   0.838482E+06  -0.584973E+00   0.833435E+06   0.833378E+06   0.263085E+02
   0.244104E-02   0.832119E+06   0.831542E+06   0.391700E+06   0.382684E+06   0.821569E+06   0.831554E+06   0.832025E+06   0.834413E+06  -0.581909E+00   0.830000E+06   0.829931E+06   0.287586E+02
   0.269518E-02   0.828176E+06   0.827475E+06   0.308462E+06   0.301316E+06   0.815358E+06   0.827490E+06   0.828063E+06   0.829741E+06  -0.578389E+00   0.825937E+06   0.825854E+06   0.313881E+02
   0.297578E-02   0.823561E+06   0.822708E+06   0.231386E+06   0.226872E+06   0.808031E+06   0.822729E+06   0.823423E+06   0.824420E+06  -0.574382E+00   0.821160E+06   0.821060E+06   0.342015E+02
   0.328559E-02   0.818194E+06   0.817158E+06   0.165477E+06   0.164092E+06   0.799435E+06   0.817189E+06   0.818027E+06   0.818402E+06  -0.569863E+00   0.815582E+06   0.815462E+06   0.372037E+02
   0.362766E-02   0.811999E+06   0.810742E+06   0.115105E+06   0.116792E+06   0.789410E+06   0.810787E+06   0.811796E+06   0.811637E+06  -0.564811E+00   0.809120E+06   0.808976E+06   0.404008E+02
   0.400534E-02   0.804902E+06   0.803377E+06   0.825841E+05   0.864795E+05   0.777798E+06   0.803445E+06   0.804655E+06   0.804061E+06  -0.559204E+00   0.801695E+06   0.801522E+06   0.438019E+02
   0.442234E-02   0.796833E+06   0.794985E+06   0.667028E+05   0.711186E+05   0.764442E+06   0.795088E+06   0.796534E+06   0.795588E+06  -0.553011E+00   0.793242E+06   0.793035E+06   0.474189E+02
   0.488276E-02   0.787725E+06   0.785488E+06   0.620488E+05   0.649334E+05   0.749195E+06   0.785644E+06   0.787363E+06   0.786106E+06  -0.546184E+00   0.783702E+06   0.783456E+06   0.512673E+02
   0.539111E-02   0.777512E+06   0.774806E+06   0.602390E+05   0.601985E+05   0.731924E+06   0.775040E+06   0.777075E+06   0.775483E+06  -0.538647E+00   0.773027E+06   0.772734E+06   0.553628E+02
   0.595239E-02   0.766123E+06   0.762855E+06   0.536575E+05   0.511134E+05   0.712518E+06   0.763203E+06   0.765595E+06   0.763592E+06  -0.530307E+00   0.761162E+06   0.760812E+06   0.597184E+02
   0.657210E-02   0.753481E+06   0.749539E+06   0.403550E+05   0.377275E+05   0.690901E+06   0.750052E+06   0.752844E+06   0.750343E+06  -0.521068E+00   0.748038E+06   0.747623E+06   0.643392E+02
   0.725633E-02   0.739503E+06   0.734756E+06   0.259988E+05   0.258495E+05   0.667043E+06   0.735506E+06   0.738736E+06   0.735696E+06  -0.510854E+00   0.733572E+06   0.733078E+06   0.692201E+02
   0.801180E-02   0.724110E+06   0.718405E+06   0.185964E+05   0.206590E+05   0.640985E+06   0.719484E+06   0.723188E+06   0.719625E+06  -0.499627E+00   0.717668E+06   0.717082E+06   0.743465E+02
   0.884592E-02   0.707227E+06   0.700387E+06   0.186369E+05   0.182076E+05   0.612850E+06   0.701919E+06   0.706122E+06   0.702055E+06  -0.487362E+00   0.700240E+06   0.699547E+06   0.796961E+02
   0.976688E-02   0.688794E+06   0.680613E+06   0.175185E+05   0.145264E+05   0.582841E+06   0.682758E+06   0.687472E+06   0.682879E+06  -0.474013E+00   0.681244E+06   0.680426E+06   0.852358E+02
   0.107837E-01   0.668758E+06   0.659004E+06   0.112467E+05   0.115518E+05   0.551222E+06   0.661957E+06   0.667182E+06   0.662040E+06  -0.459532E+00   0.660636E+06   0.659673E+06   0.909105E+02
   0.119064E-01   0.647079E+06   0.635493E+06   0.771064E+04   0.915192E+04   0.518288E+06   0.639488E+06   0.645207E+06   0.639548E+06  -0.443896E+00   0.638383E+06   0.637252E+06   0.966352E+02
   0.131460E-01   0.623737E+06   0.610034E+06   0.843361E+04   0.722031E+04   0.484331E+06   0.615341E+06   0.621522E+06   0.615400E+06  -0.427107E+00   0.614464E+06   0.613143E+06   0.102294E+03
   0.145147E-01   0.598731E+06   0.582610E+06   0.552687E+04   0.567138E+04   0.449634E+06   0.589525E+06   0.596126E+06   0.589566E+06  -0.409169E+00   0.588892E+06   0.587355E+06   0.107733E+03
   0.160258E-01   0.572088E+06   0.553243E+06   0.413726E+04   0.443269E+04   0.414485E+06   0.562079E+06   0.569043E+06   0.562110E+06  -0.390100E+00   0.561700E+06   0.559924E+06   0.112748E+03
   0.176943E-01   0.543868E+06   0.522007E+06   0.388013E+04   0.344568E+04   0.379236E+06   0.533076E+06   0.540335E+06   0.533104E+06  -0.369958E+00   0.532955E+06   0.530919E+06   0.117079E+03
   0.195365E-01   0.514173E+06   0.489050E+06   0.236094E+04   0.266277E+04   0.344323E+06   0.502643E+06   0.510113E+06   0.502661E+06  -0.348826E+00   0.502778E+06   0.500465E+06   0.120408E+03
   0.215705E-01   0.483167E+06   0.454623E+06   0.221049E+04   0.204451E+04   0.310170E+06   0.470967E+06   0.478554E+06   0.470983E+06  -0.326835E+00   0.471346E+06   0.468752E+06   0.122357E+03
   0.238162E-01   0.451087E+06   0.419104E+06   0.161064E+04   0.155905E+04   0.276997E+06   0.438307E+06   0.445918E+06   0.438319E+06  -0.304163E+00   0.438918E+06   0.436051E+06   0.122500E+03
   0.262957E-01   0.418260E+06   0.383030E+06   0.102450E+04   0.118023E+04   0.244792E+06   0.405007E+06   0.412566E+06   0.405015E+06  -0.281049E+00   0.405835E+06   0.402724E+06   0.120389E+03
   0.290334E-01   0.385377E+06   0.347376E+06   0.926035E+03   0.887121E+03   0.212114E+06   0.371705E+06   0.379235E+06   0.371712E+06  -0.257936E+00   0.372762E+06   0.369463E+06   0.115610E+03
   0.320561E-01   0.352516E+06   0.312576E+06   0.752459E+03   0.662101E+03   0.182538E+06   0.338694E+06   0.346062E+06   0.338699E+06  -0.235025E+00   0.339906E+06   0.336509E+06   0.107831E+03
   0.353936E-01   0.320640E+06   0.279985E+06   0.566837E+03   0.491514E+03   0.155844E+06   0.306941E+06   0.314070E+06   0.306945E+06  -0.212989E+00   0.308255E+06   0.304882E+06   0.969438E+02
   0.390784E-01   0.290501E+06   0.250725E+06   0.476658E+03   0.363684E+03   0.132221E+06   0.277231E+06   0.284073E+06   0.277234E+06  -0.192371E+00   0.278599E+06   0.275405E+06   0.831684E+02
   0.431470E-01   0.262990E+06   0.225931E+06   0.306249E+03   0.269200E+03   0.111629E+06   0.250451E+06   0.257001E+06   0.250453E+06  -0.173787E+00   0.251832E+06   0.248982E+06   0.671935E+02
   0.474616E-01   0.239418E+06   0.206683E+06   0.202263E+03   0.202219E+03   0.946305E+05   0.227842E+06   0.234128E+06   0.227844E+06  -0.158098E+00   0.229198E+06   0.226823E+06   0.508905E+02
   0.517763E-01   0.220735E+06   0.193090E+06   0.156708E+03   0.156674E+03   0.815815E+05   0.210199E+06   0.216267E+06   0.210200E+06  -0.145854E+00   0.211508E+06   0.209650E+06   0.365076E+02
   0.560910E-01   0.205494E+06   0.182960E+06   0.124442E+03   0.124415E+03   0.713507E+05   0.195972E+06   0.201852E+06   0.195973E+06  -0.135981E+00   0.197230E+06   0.195857E+06   0.249039E+02
   0.604057E-01   0.192601E+06   0.174570E+06   0.100693E+03   0.100670E+03   0.629063E+05   0.183974E+06   0.189687E+06   0.183975E+06  -0.127656E+00   0.185190E+06   0.184214E+06   0.164422E+02
   0.647204E-01   0.181265E+06   0.166689E+06   0.826160E+02   0.825978E+02   0.557373E+05   0.173359E+06   0.178909E+06   0.173360E+06  -0.120290E+00   0.174544E+06   0.173841E+06   0.110449E+02
   0.690351E-01   0.170741E+06   0.158369E+06   0.683875E+02   0.683724E+02   0.495095E+05   0.163369E+06   0.168741E+06   0.163370E+06  -0.113358E+00   0.164532E+06   0.163969E+06   0.829791E+01
   0.733498E-01   0.160546E+06   0.149151E+06   0.568888E+02   0.568762E+02   0.439529E+05   0.153534E+06   0.158705E+06   0.153535E+06  -0.106533E+00   0.154684E+06   0.154138E+06   0.757347E+01
   0.776645E-01   0.150499E+06   0.139066E+06   0.474511E+02   0.474406E+02   0.389103E+05   0.143706E+06   0.148651E+06   0.143707E+06  -0.997138E-01   0.144847E+06   0.144224E+06   0.815316E+01
   0.819792E-01   0.140678E+06   0.128537E+06   0.396739E+02   0.396651E+02   0.343675E+05   0.134014E+06   0.138716E+06   0.134014E+06  -0.929883E-01   0.135145E+06   0.134392E+06   0.934083E+01
   0.862939E-01   0.131303E+06   0.118173E+06   0.332886E+02   0.332812E+02   0.303587E+05   0.124728E+06   0.129181E+06   0.124728E+06  -0.865450E-01   0.125846E+06   0.124951E+06   0.105525E+02
   0.906086E-01   0.122592E+06   0.108557E+06   0.280786E+02   0.280724E+02   0.268577E+05   0.116113E+06   0.120324E+06   0.116113E+06  -0.805670E-01   0.117212E+06   0.116199E+06   0.113730E+02
   0.959689E-01   0.112948E+06   0.983216E+05   0.229634E+02   0.229584E+02   0.231873E+05   0.106646E+06   0.110584E+06   0.106647E+06  -0.739986E-01   0.107713E+06   0.106626E+06   0.115235E+02
   0.101329E+00   0.104816E+06   0.904436E+05   0.190656E+02   0.190614E+02   0.202337E+05   0.987866E+05   0.102493E+06   0.987868E+05  -0.685448E-01   0.998110E+05   0.987484E+05   0.106692E+02
   0.106690E+00   0.982572E+05   0.849746E+05   0.161126E+02   0.161091E+02   0.178980E+05   0.925865E+05   0.961106E+05   0.925866E+05  -0.642427E-01   0.935631E+05   0.926136E+05   0.905410E+01
   0.112050E+00   0.930694E+05   0.814613E+05   0.138531E+02   0.138501E+02   0.160415E+05   0.878073E+05   0.911934E+05   0.878074E+05  -0.609265E-01   0.887358E+05   0.879555E+05   0.708446E+01
   0.117410E+00   0.888267E+05   0.790982E+05   0.120683E+02   0.120656E+02   0.145272E+05   0.839776E+05   0.872545E+05   0.839777E+05  -0.582692E-01   0.848609E+05   0.842627E+05   0.518305E+01
   0.122770E+00   0.850614E+05   0.770326E+05   0.105927E+02   0.105904E+02   0.132178E+05   0.805853E+05   0.837639E+05   0.805853E+05  -0.559153E-01   0.814287E+05   0.809852E+05   0.367548E+01
   0.128131E+00   0.814126E+05   0.746173E+05   0.932063E+01   0.931855E+01   0.120283E+05   0.772376E+05   0.803144E+05   0.772377E+05  -0.535924E-01   0.780476E+05   0.777038E+05   0.272937E+01
   0.133491E+00   0.776750E+05   0.715196E+05   0.819358E+01   0.819175E+01   0.109192E+05   0.737172E+05   0.766802E+05   0.737172E+05  -0.511497E-01   0.744996E+05   0.741915E+05   0.234790E+01
   0.138851E+00   0.737939E+05   0.677238E+05   0.718531E+01   0.718371E+01   0.986847E+04   0.699768E+05   0.728129E+05   0.699768E+05  -0.485544E-01   0.707363E+05   0.704080E+05   0.240531E+01
   0.144212E+00   0.698351E+05   0.634641E+05   0.628833E+01   0.628693E+01   0.888646E+04   0.661057E+05   0.688055E+05   0.661057E+05  -0.458683E-01   0.668446E+05   0.664611E+05   0.270602E+01
   0.149572E+00   0.659388E+05   0.591144E+05   0.550279E+01   0.550157E+01   0.799071E+04   0.622746E+05   0.648359E+05   0.622747E+05  -0.432101E-01   0.629931E+05   0.625450E+05   0.304754E+01
   0.154932E+00   0.622777E+05   0.550754E+05   0.482955E+01   0.482848E+01   0.719448E+04   0.586843E+05   0.611138E+05   0.586843E+05  -0.407189E-01   0.593809E+05   0.588829E+05   0.327061E+01
   0.160293E+00   0.590153E+05   0.516762E+05   0.426615E+01   0.426520E+01   0.651001E+04   0.555169E+05   0.578293E+05   0.555170E+05  -0.385211E-01   0.561901E+05   0.556722E+05   0.328755E+01
   0.165653E+00   0.562477E+05   0.490840E+05   0.380330E+01   0.380246E+01   0.593734E+04   0.528753E+05   0.550900E+05   0.528753E+05  -0.366882E-01   0.535240E+05   0.530214E+05   0.308714E+01
   0.171013E+00   0.539597E+05   0.472578E+05   0.342427E+01   0.342351E+01   0.545949E+04   0.507402E+05   0.528767E+05   0.507402E+05  -0.352067E-01   0.513645E+05   0.509072E+05   0.272026E+01
   0.176373E+00   0.520459E+05   0.459922E+05   0.310885E+01   0.310816E+01   0.505672E+04   0.489944E+05   0.510676E+05   0.489945E+05  -0.339954E-01   0.495950E+05   0.492009E+05   0.227312E+01
   0.181734E+00   0.503720E+05   0.450173E+05   0.283862E+01   0.283798E+01   0.470635E+04   0.474880E+05   0.495066E+05   0.474880E+05  -0.329501E-01   0.480662E+05   0.477380E+05   0.183745E+01
   0.187094E+00   0.488131E+05   0.440778E+05   0.259926E+01   0.259868E+01   0.438805E+04   0.460806E+05   0.480478E+05   0.460807E+05  -0.319736E-01   0.466388E+05   0.463655E+05   0.148601E+01
   0.192454E+00   0.472604E+05   0.429722E+05   0.238045E+01   0.237992E+01   0.408973E+04   0.446535E+05   0.465674E+05   0.446535E+05  -0.309833E-01   0.451940E+05   0.449559E+05   0.125855E+01
   0.197815E+00   0.456381E+05   0.415872E+05   0.217592E+01   0.217543E+01   0.380177E+04   0.431279E+05   0.449834E+05   0.431279E+05  -0.299248E-01   0.436526E+05   0.434273E+05   0.115869E+01
   0.203175E+00   0.439315E+05   0.399270E+05   0.198388E+01   0.198343E+01   0.352276E+04   0.414928E+05   0.432843E+05   0.414928E+05  -0.287902E-01   0.420031E+05   0.417714E+05   0.116012E+01
   0.208535E+00   0.421865E+05   0.380986E+05   0.180576E+01   0.180536E+01   0.325741E+04   0.398015E+05   0.415258E+05   0.398016E+05  -0.276167E-01   0.402982E+05   0.400484E+05   0.121896E+01
   0.213896E+00   0.404729E+05   0.362537E+05   0.164379E+01   0.164342E+01   0.301033E+04   0.381338E+05   0.397911E+05   0.381338E+05  -0.264596E-01   0.386172E+05   0.383464E+05   0.128811E+01
   0.219256E+00   0.388539E+05   0.345337E+05   0.149935E+01   0.149901E+01   0.278554E+04   0.365620E+05   0.381557E+05   0.365620E+05  -0.253690E-01   0.370321E+05   0.367456E+05   0.132932E+01
   0.224616E+00   0.373772E+05   0.330421E+05   0.137271E+01   0.137241E+01   0.258604E+04   0.351406E+05   0.366767E+05   0.351406E+05  -0.243827E-01   0.355971E+05   0.353056E+05   0.132052E+01
   0.229977E+00   0.360717E+05   0.318315E+05   0.126307E+01   0.126278E+01   0.241105E+04   0.339006E+05   0.353864E+05   0.339006E+05  -0.235223E-01   0.343435E+05   0.340592E+05   0.125771E+01
   0.235337E+00   0.349375E+05   0.308925E+05   0.116844E+01   0.116818E+01   0.225849E+04   0.328408E+05   0.342838E+05   0.328408E+05  -0.227869E-01   0.332703E+05   0.330038E+05   0.115218E+01
   0.240697E+00   0.339448E+05   0.301609E+05   0.108597E+01   0.108572E+01   0.212463E+04   0.319271E+05   0.333332E+05   0.319271E+05  -0.221529E-01   0.323437E+05   0.321013E+05   0.102457E+01
   0.246057E+00   0.330461E+05   0.295422E+05   0.101256E+01   0.101233E+01   0.200371E+04   0.311067E+05   0.324798E+05   0.311067E+05  -0.215837E-01   0.315112E+05   0.312941E+05   0.897797E+00
   0.251418E+00   0.321927E+05   0.289424E+05   0.945567E+00   0.945355E+00   0.189207E+04   0.303258E+05   0.316674E+05   0.303258E+05  -0.210419E-01   0.307191E+05   0.305237E+05   0.790911E+00
   0.256778E+00   0.313444E+05   0.282885E+05   0.883054E+00   0.882856E+00   0.178635E+04   0.295410E+05   0.308506E+05   0.295410E+05  -0.204973E-01   0.299240E+05   0.297435E+05   0.715186E+00
   0.262138E+00   0.304772E+05   0.275424E+05   0.823905E+00   0.823720E+00   0.168427E+04   0.287269E+05   0.300029E+05   0.287269E+05  -0.199325E-01   0.291003E+05   0.289269E+05   0.672840E+00
   0.267499E+00   0.295871E+05   0.267053E+05   0.767799E+00   0.767627E+00   0.158577E+04   0.278807E+05   0.291214E+05   0.278807E+05  -0.193453E-01   0.282450E+05   0.280719E+05   0.658190E+00
   0.272859E+00   0.286880E+05   0.258110E+05   0.714969E+00   0.714809E+00   0.149154E+04   0.270186E+05   0.282230E+05   0.270186E+05  -0.187471E-01   0.273741E+05   0.271970E+05   0.660537E+00
   0.278219E+00   0.278024E+05   0.249099E+05   0.665850E+00   0.665701E+00   0.140246E+04   0.261665E+05   0.273349E+05   0.261665E+05  -0.181559E-01   0.265136E+05   0.263309E+05   0.667736E+00
   0.283580E+00   0.269534E+05   0.240522E+05   0.620808E+00   0.620669E+00   0.131995E+04   0.253507E+05   0.264846E+05   0.253507E+05  -0.175898E-01   0.256894E+05   0.255028E+05   0.669394E+00
   0.288940E+00   0.261600E+05   0.232771E+05   0.580011E+00   0.579881E+00   0.124445E+04   0.245925E+05   0.256941E+05   0.245925E+05  -0.170637E-01   0.249229E+05   0.247357E+05   0.658973E+00
   0.294300E+00   0.254334E+05   0.226053E+05   0.543372E+00   0.543250E+00   0.117587E+04   0.239040E+05   0.249764E+05   0.239040E+05  -0.165860E-01   0.242262E+05   0.240426E+05   0.634557E+00
   0.299661E+00   0.247741E+05   0.220357E+05   0.510529E+00   0.510414E+00   0.111421E+04   0.232855E+05   0.243316E+05   0.232855E+05  -0.161569E-01   0.235997E+05   0.234235E+05   0.598393E+00
   0.305021E+00   0.241724E+05   0.215477E+05   0.480906E+00   0.480799E+00   0.105808E+04   0.227258E+05   0.237482E+05   0.227258E+05  -0.157686E-01   0.230324E+05   0.228659E+05   0.555526E+00
   0.310381E+00   0.236123E+05   0.211099E+05   0.453862E+00   0.453760E+00   0.100637E+04   0.222075E+05   0.232079E+05   0.222075E+05  -0.154089E-01   0.225068E+05   0.223506E+05   0.512002E+00
   0.315741E+00   0.230772E+05   0.206899E+05   0.428810E+00   0.428714E+00   0.958111E+03   0.217121E+05   0.226913E+05   0.217121E+05  -0.150652E-01   0.220044E+05   0.218575E+05   0.473179E+00
   0.321102E+00   0.225527E+05   0.202614E+05   0.405293E+00   0.405202E+00   0.912253E+03   0.212240E+05   0.221824E+05   0.212240E+05  -0.147265E-01   0.215097E+05   0.213700E+05   0.442547E+00
   0.326462E+00   0.220292E+05   0.198087E+05   0.383010E+00   0.382925E+00   0.868343E+03   0.207331E+05   0.216704E+05   0.207331E+05  -0.143859E-01   0.210125E+05   0.208773E+05   0.421233E+00
   0.331822E+00   0.215036E+05   0.193293E+05   0.361827E+00   0.361746E+00   0.826237E+03   0.202364E+05   0.211522E+05   0.202364E+05  -0.140412E-01   0.205098E+05   0.203767E+05   0.408175E+00
   0.337183E+00   0.209789E+05   0.188322E+05   0.341746E+00   0.341670E+00   0.785761E+03   0.197378E+05   0.206320E+05   0.197378E+05  -0.136952E-01   0.200054E+05   0.198726E+05   0.400772E+00
   0.342543E+00   0.204626E+05   0.183337E+05   0.322844E+00   0.322771E+00   0.747277E+03   0.192458E+05   0.201186E+05   0.192458E+05  -0.133539E-01   0.195078E+05   0.193745E+05   0.395784E+00
   0.347903E+00   0.199630E+05   0.178515E+05   0.305197E+00   0.305129E+00   0.711146E+03   0.187697E+05   0.196218E+05   0.187697E+05  -0.130235E-01   0.190262E+05   0.188928E+05   0.390214E+00
   0.353264E+00   0.194868E+05   0.173999E+05   0.288843E+00   0.288778E+00   0.677290E+03   0.183172E+05   0.191495E+05   0.183172E+05  -0.127096E-01   0.185683E+05   0.184357E+05   0.381973E+00
   0.358624E+00   0.190379E+05   0.169870E+05   0.273761E+00   0.273699E+00   0.645934E+03   0.178927E+05   0.187065E+05   0.178927E+05  -0.124150E-01   0.181385E+05   0.180080E+05   0.370193E+00
   0.363984E+00   0.186172E+05   0.166138E+05   0.259870E+00   0.259812E+00   0.616858E+03   0.174970E+05   0.182934E+05   0.174970E+05  -0.121404E-01   0.177376E+05   0.176106E+05   0.355186E+00
   0.369344E+00   0.182222E+05   0.162749E+05   0.247045E+00   0.246990E+00   0.589791E+03   0.171272E+05   0.179075E+05   0.171272E+05  -0.118839E-01   0.173628E+05   0.172401E+05   0.338129E+00
   0.374705E+00   0.178478E+05   0.159605E+05   0.235132E+00   0.235079E+00   0.564576E+03   0.167778E+05   0.175428E+05   0.167778E+05  -0.116414E-01   0.170086E+05   0.168905E+05   0.320611E+00
   0.380065E+00   0.174882E+05   0.156595E+05   0.223977E+00   0.223927E+00   0.540794E+03   0.164423E+05   0.171926E+05   0.164423E+05  -0.114087E-01   0.166685E+05   0.165549E+05   0.304169E+00
   0.385425E+00   0.171381E+05   0.153621E+05   0.213455E+00   0.213408E+00   0.518133E+03   0.161152E+05   0.168511E+05   0.161152E+05  -0.111817E-01   0.163369E+05   0.162271E+05   0.289927E+00
   0.390786E+00   0.167940E+05   0.150621E+05   0.203477E+00   0.203431E+00   0.496540E+03   0.157924E+05   0.165141E+05   0.157924E+05  -0.109577E-01   0.160099E+05   0.159029E+05   0.278394E+00
   0.396146E+00   0.164539E+05   0.147573E+05   0.193984E+00   0.193941E+00   0.475846E+03   0.154721E+05   0.161797E+05   0.154721E+05  -0.107355E-01   0.156855E+05   0.155806E+05   0.269456E+00
   0.401506E+00   0.161178E+05   0.144491E+05   0.184954E+00   0.184912E+00   0.455976E+03   0.151546E+05   0.158481E+05   0.151546E+05  -0.105151E-01   0.153639E+05   0.152603E+05   0.262513E+00
   0.406867E+00   0.157875E+05   0.141419E+05   0.176386E+00   0.176346E+00   0.437058E+03   0.148419E+05   0.155215E+05   0.148419E+05  -0.102982E-01   0.150473E+05   0.149447E+05   0.256707E+00
   0.412227E+00   0.154659E+05   0.138420E+05   0.168292E+00   0.168254E+00   0.418990E+03   0.145373E+05   0.152034E+05   0.145373E+05  -0.100868E-01   0.147389E+05   0.146372E+05   0.251168E+00
   0.417587E+00   0.151555E+05   0.135544E+05   0.160678E+00   0.160642E+00   0.401915E+03   0.142437E+05   0.148968E+05   0.142437E+05  -0.988310E-02   0.144416E+05   0.143409E+05   0.245219E+00
   0.422948E+00   0.148577E+05   0.132824E+05   0.153533E+00   0.153498E+00   0.385854E+03   0.139625E+05   0.146031E+05   0.139625E+05  -0.968800E-02   0.141568E+05   0.140576E+05   0.238492E+00
   0.428308E+00   0.145725E+05   0.130265E+05   0.146831E+00   0.146798E+00   0.370661E+03   0.136940E+05   0.143226E+05   0.136940E+05  -0.950172E-02   0.138848E+05   0.137875E+05   0.230951E+00
   0.433668E+00   0.142996E+05   0.127858E+05   0.140541E+00   0.140510E+00   0.356334E+03   0.134378E+05   0.140550E+05   0.134378E+05  -0.932392E-02   0.136251E+05   0.135301E+05   0.222834E+00
   0.439028E+00   0.140380E+05   0.125579E+05   0.134626E+00   0.134595E+00   0.342813E+03   0.131925E+05   0.137988E+05   0.131925E+05  -0.915373E-02   0.133764E+05   0.132839E+05   0.214542E+00
   0.444389E+00   0.137855E+05   0.123389E+05   0.129041E+00   0.129012E+00   0.329954E+03   0.129560E+05   0.135517E+05   0.129560E+05  -0.898963E-02   0.131367E+05   0.130465E+05   0.206508E+00
   0.449749E+00   0.135400E+05   0.121252E+05   0.123744E+00   0.123717E+00   0.317718E+03   0.127259E+05   0.133113E+05   0.127259E+05  -0.882998E-02   0.129034E+05   0.128154E+05   0.199090E+00
   0.455109E+00   0.132998E+05   0.119140E+05   0.118704E+00   0.118678E+00   0.306021E+03   0.125005E+05   0.130759E+05   0.125005E+05  -0.867358E-02   0.126750E+05   0.125889E+05   0.192490E+00
   0.460470E+00   0.130643E+05   0.117042E+05   0.113900E+00   0.113874E+00   0.294756E+03   0.122790E+05   0.128445E+05   0.122790E+05  -0.851993E-02   0.124506E+05   0.123661E+05   0.186742E+00
   0.465830E+00   0.128333E+05   0.114959E+05   0.109318E+00   0.109294E+00   0.284015E+03   0.120614E+05   0.126171E+05   0.120614E+05  -0.836895E-02   0.122301E+05   0.121469E+05   0.181726E+00
   0.471190E+00   0.126069E+05   0.112900E+05   0.104950E+00   0.104927E+00   0.273711E+03   0.118479E+05   0.123940E+05   0.118479E+05  -0.822079E-02   0.120138E+05   0.119317E+05   0.177229E+00
   0.476551E+00   0.123855E+05   0.110879E+05   0.100791E+00   0.100768E+00   0.263823E+03   0.116391E+05   0.121758E+05   0.116391E+05  -0.807589E-02   0.118022E+05   0.117212E+05   0.173001E+00
   0.481911E+00   0.121700E+05   0.108915E+05   0.968366E-01   0.968149E-01   0.254403E+03   0.114358E+05   0.119634E+05   0.114358E+05  -0.793485E-02   0.115963E+05   0.115163E+05   0.168826E+00
   0.487271E+00   0.119611E+05   0.107021E+05   0.930844E-01   0.930635E-01   0.245407E+03   0.112389E+05   0.117576E+05   0.112389E+05  -0.779823E-02   0.113968E+05   0.113180E+05   0.164559E+00
   0.492631E+00   0.117591E+05   0.105203E+05   0.895266E-01   0.895065E-01   0.236846E+03   0.110487E+05   0.115589E+05   0.110487E+05  -0.766627E-02   0.112040E+05   0.111265E+05   0.160147E+00
   0.497992E+00   0.115637E+05   0.103460E+05   0.861515E-01   0.861322E-01   0.228714E+03   0.108650E+05   0.113669E+05   0.108650E+05  -0.753880E-02   0.110178E+05   0.109417E+05   0.155620E+00
   0.503352E+00   0.113743E+05   0.101782E+05   0.829450E-01   0.829264E-01   0.220930E+03   0.106872E+05   0.111810E+05   0.106872E+05  -0.741541E-02   0.108376E+05   0.107628E+05   0.151067E+00
   0.508712E+00   0.111905E+05   0.100158E+05   0.798937E-01   0.798758E-01   0.213481E+03   0.105146E+05   0.110006E+05   0.105146E+05  -0.729565E-02   0.106626E+05   0.105893E+05   0.146603E+00
   0.514073E+00   0.110115E+05   0.985771E+04   0.769856E-01   0.769683E-01   0.206391E+03   0.103466E+05   0.108251E+05   0.103466E+05  -0.717910E-02   0.104923E+05   0.104204E+05   0.142334E+00
   0.519433E+00   0.108370E+05   0.970304E+04   0.742091E-01   0.741925E-01   0.199562E+03   0.101827E+05   0.106537E+05   0.101827E+05  -0.706535E-02   0.103262E+05   0.102555E+05   0.138335E+00
   0.524793E+00   0.106662E+05   0.955096E+04   0.715540E-01   0.715379E-01   0.193016E+03   0.100222E+05   0.104860E+05   0.100222E+05  -0.695400E-02   0.101635E+05   0.100940E+05   0.134635E+00
   0.530154E+00   0.104988E+05   0.940105E+04   0.690117E-01   0.689962E-01   0.186729E+03   0.986477E+04   0.103214E+05   0.986477E+04  -0.684476E-02   0.100039E+05   0.993553E+04   0.131219E+00
   0.535514E+00   0.103348E+05   0.925348E+04   0.665775E-01   0.665626E-01   0.180666E+03   0.971043E+04   0.101601E+05   0.971043E+04  -0.673767E-02   0.984748E+04   0.978008E+04   0.128037E+00
   0.540874E+00   0.101745E+05   0.910880E+04   0.642485E-01   0.642340E-01   0.174866E+03   0.955946E+04   0.100023E+05   0.955946E+04  -0.663292E-02   0.969447E+04   0.962801E+04   0.125022E+00
   0.546235E+00   0.100180E+05   0.896751E+04   0.620213E-01   0.620074E-01   0.169294E+03   0.941208E+04   0.984819E+04   0.941208E+04  -0.653066E-02   0.954511E+04   0.947955E+04   0.122107E+00
   0.551595E+00   0.986526E+04   0.882987E+04   0.598918E-01   0.598783E-01   0.163927E+03   0.926835E+04   0.969793E+04   0.926835E+04  -0.643093E-02   0.939943E+04   0.933478E+04   0.119240E+00
   0.556955E+00   0.971639E+04   0.869607E+04   0.578557E-01   0.578428E-01   0.158791E+03   0.912828E+04   0.955150E+04   0.912828E+04  -0.633374E-02   0.925745E+04   0.919373E+04   0.116391E+00
   0.562315E+00   0.957140E+04   0.856622E+04   0.559094E-01   0.558969E-01   0.153874E+03   0.899194E+04   0.940895E+04   0.899194E+04  -0.623914E-02   0.911924E+04   0.905648E+04   0.113554E+00
   0.567676E+00   0.943027E+04   0.844024E+04   0.540486E-01   0.540365E-01   0.149138E+03   0.885930E+04   0.927027E+04   0.885930E+04  -0.614711E-02   0.898478E+04   0.892298E+04   0.110745E+00
   0.573036E+00   0.929275E+04   0.831776E+04   0.522680E-01   0.522562E-01   0.144611E+03   0.873009E+04   0.913518E+04   0.873009E+04  -0.605745E-02   0.885379E+04   0.879296E+04   0.107989E+00
   0.578396E+00   0.915845E+04   0.819823E+04   0.505617E-01   0.505503E-01   0.140241E+03   0.860392E+04   0.900327E+04   0.860392E+04  -0.596991E-02   0.872588E+04   0.866600E+04   0.105316E+00
   0.629654E+00   0.801059E+04   0.717045E+04   0.373089E-01   0.373006E-01   0.105812E+03   0.752476E+04   0.787482E+04   0.752476E+04  -0.522113E-02   0.763185E+04   0.757945E+04   0.846618E-01
   0.769061E+00   0.582294E+04   0.521277E+04   0.181720E-01   0.181679E-01   0.539386E+02   0.546883E+04   0.572433E+04   0.546883E+04  -0.379460E-02   0.554723E+04   0.550921E+04   0.502899E-01
   0.939334E+00   0.421202E+04   0.377078E+04   0.880861E-02   0.880663E-02   0.271178E+02   0.395537E+04   0.414071E+04   0.395537E+04  -0.274447E-02   0.401236E+04   0.398488E+04   0.297596E-01
   0.114731E+01   0.303364E+04   0.271590E+04   0.425181E-02   0.425085E-02   0.134656E+02   0.284852E+04   0.298229E+04   0.284852E+04  -0.197647E-02   0.288972E+04   0.286994E+04   0.175391E-01
   0.140132E+01   0.217632E+04   0.194841E+04   0.204433E-02   0.204388E-02   0.661597E+01   0.204338E+04   0.213948E+04   0.204338E+04  -0.141782E-02   0.207301E+04   0.205883E+04   0.102977E-01
   0.171158E+01   0.155559E+04   0.139271E+04   0.979410E-03   0.979190E-03   0.322036E+01   0.146051E+04   0.152927E+04   0.146051E+04  -0.101339E-02   0.148172E+04   0.147159E+04   0.602510E-02
   0.209053E+01   0.110825E+04   0.992218E+03   0.467691E-03   0.467586E-03   0.155575E+01   0.104048E+04   0.108950E+04   0.104048E+04  -0.721943E-03   0.105561E+04   0.104839E+04   0.351435E-02
   0.255338E+01   0.787115E+03   0.704714E+03   0.222650E-03   0.222600E-03   0.746869E+00   0.738966E+03   0.773798E+03   0.738966E+03  -0.512738E-03   0.749723E+03   0.744593E+03   0.204406E-02
   0.311870E+01   0.557450E+03   0.499095E+03   0.105696E-03   0.105672E-03   0.356593E+00   0.523343E+03   0.548020E+03   0.523343E+03  -0.363126E-03   0.530966E+03   0.527331E+03   0.118594E-02
   0.380919E+01   0.393804E+03   0.352580E+03   0.500501E-04   0.500389E-04   0.169494E+00   0.369706E+03   0.387142E+03   0.369706E+03  -0.256524E-03   0.375093E+03   0.372522E+03   0.686670E-03
   0.465255E+01   0.277550E+03   0.248495E+03   0.236451E-04   0.236398E-04   0.802893E-01   0.260564E+03   0.272855E+03   0.260564E+03  -0.180795E-03   0.264362E+03   0.262547E+03   0.396944E-03
   0.568264E+01   0.195178E+03   0.174743E+03   0.111457E-04   0.111432E-04   0.379193E-01   0.183232E+03   0.191876E+03   0.183232E+03  -0.127137E-03   0.185903E+03   0.184623E+03   0.229184E-03
   0.694079E+01   0.136978E+03   0.122633E+03   0.524326E-05   0.524208E-05   0.178673E-01   0.128593E+03   0.134660E+03   0.128593E+03  -0.892255E-04   0.130469E+03   0.129566E+03   0.132259E-03
   0.847750E+01   0.959513E+02   0.858989E+02   0.246193E-05   0.246138E-05   0.839299E-02   0.900770E+02   0.943267E+02   0.900770E+02  -0.625007E-04   0.913910E+02   0.907548E+02   0.763496E-04
   0.103544E+02   0.670954E+02   0.600619E+02   0.115396E-05   0.115370E-05   0.393826E-02   0.629870E+02   0.659587E+02   0.629870E+02  -0.437041E-04   0.639062E+02   0.634569E+02   0.441410E-04
   0.126469E+02   0.468412E+02   0.419261E+02   0.539998E-06   0.539877E-06   0.184334E-02   0.439722E+02   0.460468E+02   0.439722E+02  -0.305105E-04   0.446142E+02   0.442960E+02   0.255991E-04
   0.154470E+02   0.326515E+02   0.292204E+02   0.252306E-06   0.252250E-06   0.861175E-03   0.306508E+02   0.320970E+02   0.306508E+02  -0.212673E-04   0.310987E+02   0.308721E+02   0.149252E-04
   0.188670E+02   0.227281E+02   0.203345E+02   0.117716E-06   0.117690E-06   0.401871E-03   0.213346E+02   0.223412E+02   0.213346E+02  -0.148032E-04   0.216467E+02   0.214840E+02   0.877472E-05
   0.230442E+02   0.157995E+02   0.141302E+02   0.548470E-07   0.548347E-07   0.187338E-03   0.148300E+02   0.155297E+02   0.148300E+02  -0.102899E-04   0.150473E+02   0.149290E+02   0.522255E-05
   0.281463E+02   0.109694E+02   0.980466E+01   0.255212E-07   0.255155E-07   0.872385E-04   0.102954E+02   0.107811E+02   0.102954E+02  -0.714353E-05   0.104466E+02   0.103591E+02   0.316243E-05
   0.343780E+02   0.760676E+01   0.679320E+01   0.118603E-07   0.118576E-07   0.405082E-04   0.713847E+01   0.747528E+01   0.713847E+01  -0.495309E-05   0.724375E+01   0.717754E+01   0.195949E-05
   0.419893E+02   0.526899E+01   0.469936E+01   0.550486E-08   0.550362E-08   0.188217E-04   0.494368E+01   0.517694E+01   0.494368E+01  -0.343021E-05   0.501700E+01   0.496542E+01   0.124980E-05
   0.512859E+02   0.364571E+01   0.324529E+01   0.255179E-08   0.255122E-08   0.872342E-05   0.341965E+01   0.358100E+01   0.341965E+01  -0.237275E-05   0.347080E+01   0.342922E+01   0.824799E-06
   0.626408E+02   0.251987E+01   0.223663E+01   0.118132E-08   0.118106E-08   0.404352E-05   0.236262E+01   0.247409E+01   0.236262E+01  -0.163932E-05   0.239839E+01   0.236361E+01   0.564952E-06
   0.765096E+02   0.173987E+01   0.153767E+01   0.546091E-09   0.545969E-09   0.186593E-05   0.163027E+01   0.170719E+01   0.163027E+01  -0.113118E-05   0.165540E+01   0.162519E+01   0.401677E-06
   0.934490E+02   0.120003E+01   0.105379E+01   0.252025E-09   0.251969E-09   0.862299E-06   0.112339E+01   0.117639E+01   0.112339E+01  -0.779474E-06   0.114117E+01   0.111402E+01   0.295528E-06
   0.114139E+03   0.826762E+00   0.719117E+00   0.116082E-09   0.116056E-09   0.397399E-06   0.772897E+00   0.809365E+00   0.772897E+00  -0.536282E-06   0.785594E+00   0.760496E+00   0.223713E-06
