#          k/h    CDM            baryon         photon         nu             mass_nu        total          no_nu          total_de       Weyl           v_CDM          v_b            v_b-v_c     
   0.105163E-04   0.189692E+08   0.189692E+08   0.252798E+08   0.252794E+08   0.189693E+08   0.189692E+08   0.189692E+08   0.189761E+08  -0.491026E+00   0.109811E+08   0.109811E+08   0.636794E+01
   0.116112E-04   0.189692E+08   0.189692E+08   0.252771E+08   0.252766E+08   0.189693E+08   0.189692E+08   0.189692E+08   0.189761E+08  -0.491026E+00   0.109811E+08   0.109811E+08   0.703072E+01
   0.128200E-04   0.189691E+08   0.189691E+08   0.252738E+08   0.252732E+08   0.189693E+08   0.189692E+08   0.189691E+08   0.189761E+08  -0.491026E+00   0.109811E+08   0.109811E+08   0.776242E+01
   0.141547E-04   0.189691E+08   0.189691E+08   0.252697E+08   0.252691E+08   0.189693E+08   0.189691E+08   0.189691E+08   0.189761E+08  -0.491025E+00   0.109811E+08   0.109811E+08   0.857021E+01
   0.156284E-04   0.189691E+08   0.189691E+08   0.252648E+08   0.252640E+08   0.189693E+08   0.189691E+08   0.189691E+08   0.189761E+08  -0.491025E+00   0.109811E+08   0.109811E+08   0.946197E+01
   0.172555E-04   0.189691E+08   0.189691E+08   0.252588E+08   0.252578E+08   0.189693E+08   0.189691E+08   0.189691E+08   0.189760E+08  -0.491025E+00   0.109811E+08   0.109811E+08   0.104464E+02
   0.190520E-04   0.189691E+08   0.189691E+08   0.252515E+08   0.252503E+08   0.189693E+08   0.189691E+08   0.189691E+08   0.189760E+08  -0.491024E+00   0.109811E+08   0.109811E+08   0.115331E+02
   0.210355E-04   0.189691E+08   0.189691E+08   0.252426E+08   0.252411E+08   0.189692E+08   0.189691E+08   0.189691E+08   0.189760E+08  -0.491024E+00   0.109811E+08   0.109811E+08   0.127326E+02
   0.232256E-04   0.189691E+08   0.189691E+08   0.252317E+08   0.252299E+08   0.189692E+08   0.189691E+08   0.189691E+08   0.189760E+08  -0.491023E+00   0.109811E+08   0.109811E+08   0.140566E+02
   0.256436E-04   0.189690E+08   0.189690E+08   0.252184E+08   0.252162E+08   0.189692E+08   0.189690E+08   0.189690E+08   0.189760E+08  -0.491022E+00   0.109811E+08   0.109811E+08   0.155178E+02
   0.283134E-04   0.189690E+08   0.189690E+08   0.252023E+08   0.251996E+08   0.189692E+08   0.189690E+08   0.189690E+08   0.189759E+08  -0.491021E+00   0.109811E+08   0.109811E+08   0.171305E+02
   0.312612E-04   0.189690E+08   0.189690E+08   0.251826E+08   0.251794E+08   0.189691E+08   0.189690E+08   0.189690E+08   0.189759E+08  -0.491020E+00   0.109810E+08   0.109810E+08   0.189100E+02
   0.345158E-04   0.189689E+08   0.189689E+08   0.251587E+08   0.251547E+08   0.189691E+08   0.189689E+08   0.189689E+08   0.189758E+08  -0.491019E+00   0.109810E+08   0.109810E+08   0.208734E+02
   0.381093E-04   0.189689E+08   0.189689E+08   0.251295E+08   0.251247E+08   0.189690E+08   0.189689E+08   0.189689E+08   0.189758E+08  -0.491017E+00   0.109810E+08   0.109810E+08   0.230393E+02
   0.420769E-04   0.189688E+08   0.189688E+08   0.250940E+08   0.250881E+08   0.189690E+08   0.189688E+08   0.189688E+08   0.189757E+08  -0.491015E+00   0.109809E+08   0.109809E+08   0.254283E+02
   0.464576E-04   0.189687E+08   0.189687E+08   0.250508E+08   0.250436E+08   0.189689E+08   0.189687E+08   0.189687E+08   0.189756E+08  -0.491012E+00   0.109809E+08   0.109809E+08   0.280626E+02
   0.512944E-04   0.189686E+08   0.189686E+08   0.249982E+08   0.249894E+08   0.189688E+08   0.189686E+08   0.189686E+08   0.189755E+08  -0.491009E+00   0.109808E+08   0.109808E+08   0.309668E+02
   0.566347E-04   0.189685E+08   0.189685E+08   0.249342E+08   0.249235E+08   0.189686E+08   0.189685E+08   0.189685E+08   0.189753E+08  -0.491005E+00   0.109808E+08   0.109808E+08   0.341672E+02
   0.625311E-04   0.189684E+08   0.189683E+08   0.248563E+08   0.248434E+08   0.189685E+08   0.189684E+08   0.189684E+08   0.189752E+08  -0.491000E+00   0.109807E+08   0.109807E+08   0.376927E+02
   0.690413E-04   0.189682E+08   0.189682E+08   0.247618E+08   0.247460E+08   0.189683E+08   0.189682E+08   0.189682E+08   0.189750E+08  -0.490995E+00   0.109806E+08   0.109806E+08   0.415743E+02
   0.762293E-04   0.189680E+08   0.189679E+08   0.246470E+08   0.246278E+08   0.189681E+08   0.189680E+08   0.189680E+08   0.189747E+08  -0.490988E+00   0.109805E+08   0.109804E+08   0.458455E+02
   0.841656E-04   0.189677E+08   0.189677E+08   0.245077E+08   0.244844E+08   0.189678E+08   0.189677E+08   0.189677E+08   0.189744E+08  -0.490979E+00   0.109803E+08   0.109803E+08   0.505416E+02
   0.929282E-04   0.189674E+08   0.189673E+08   0.243388E+08   0.243107E+08   0.189675E+08   0.189674E+08   0.189674E+08   0.189741E+08  -0.490968E+00   0.109801E+08   0.109801E+08   0.557004E+02
   0.102603E-03   0.189670E+08   0.189669E+08   0.241345E+08   0.241004E+08   0.189671E+08   0.189670E+08   0.189670E+08   0.189736E+08  -0.490956E+00   0.109799E+08   0.109799E+08   0.613609E+02
   0.113285E-03   0.189665E+08   0.189665E+08   0.238875E+08   0.238463E+08   0.189666E+08   0.189665E+08   0.189665E+08   0.189731E+08  -0.490940E+00   0.109796E+08   0.109796E+08   0.675634E+02
   0.125080E-03   0.189659E+08   0.189659E+08   0.235896E+08   0.235399E+08   0.189660E+08   0.189659E+08   0.189659E+08   0.189724E+08  -0.490922E+00   0.109793E+08   0.109792E+08   0.743486E+02
   0.138102E-03   0.189652E+08   0.189651E+08   0.232311E+08   0.231713E+08   0.189653E+08   0.189652E+08   0.189652E+08   0.189716E+08  -0.490899E+00   0.109788E+08   0.109788E+08   0.817558E+02
   0.152480E-03   0.189644E+08   0.189643E+08   0.228009E+08   0.227291E+08   0.189644E+08   0.189644E+08   0.189644E+08   0.189706E+08  -0.490871E+00   0.109783E+08   0.109783E+08   0.898217E+02
   0.168355E-03   0.189633E+08   0.189632E+08   0.222865E+08   0.222006E+08   0.189633E+08   0.189633E+08   0.189633E+08   0.189694E+08  -0.490838E+00   0.109777E+08   0.109777E+08   0.985780E+02
   0.185882E-03   0.189621E+08   0.189619E+08   0.216740E+08   0.215716E+08   0.189620E+08   0.189620E+08   0.189620E+08   0.189680E+08  -0.490797E+00   0.109770E+08   0.109769E+08   0.108048E+03
   0.205235E-03   0.189605E+08   0.189603E+08   0.209486E+08   0.208272E+08   0.189605E+08   0.189605E+08   0.189605E+08   0.189662E+08  -0.490748E+00   0.109761E+08   0.109760E+08   0.118241E+03
   0.226602E-03   0.189587E+08   0.189584E+08   0.200949E+08   0.199520E+08   0.189585E+08   0.189586E+08   0.189586E+08   0.189641E+08  -0.490688E+00   0.109750E+08   0.109749E+08   0.129151E+03
   0.250194E-03   0.189564E+08   0.189561E+08   0.190983E+08   0.189312E+08   0.189562E+08   0.189563E+08   0.189563E+08   0.189616E+08  -0.490616E+00   0.109737E+08   0.109735E+08   0.140744E+03
   0.276242E-03   0.189537E+08   0.189532E+08   0.179461E+08   0.177527E+08   0.189534E+08   0.189536E+08   0.189536E+08   0.189585E+08  -0.490530E+00   0.109720E+08   0.109719E+08   0.152956E+03
   0.305002E-03   0.189503E+08   0.189498E+08   0.166301E+08   0.164088E+08   0.189500E+08   0.189502E+08   0.189503E+08   0.189548E+08  -0.490426E+00   0.109701E+08   0.109699E+08   0.165678E+03
   0.336756E-03   0.189463E+08   0.189457E+08   0.151492E+08   0.148997E+08   0.189458E+08   0.189462E+08   0.189462E+08   0.189503E+08  -0.490302E+00   0.109677E+08   0.109675E+08   0.178750E+03
   0.371817E-03   0.189415E+08   0.189408E+08   0.135139E+08   0.132377E+08   0.189409E+08   0.189414E+08   0.189414E+08   0.189450E+08  -0.490153E+00   0.109649E+08   0.109647E+08   0.191945E+03
   0.410527E-03   0.189357E+08   0.189348E+08   0.117495E+08   0.114507E+08   0.189349E+08   0.189355E+08   0.189355E+08   0.189387E+08  -0.489977E+00   0.109615E+08   0.109612E+08   0.204968E+03
   0.453268E-03   0.189287E+08   0.189277E+08   0.990106E+07   0.958712E+07   0.189277E+08   0.189285E+08   0.189285E+08   0.189312E+08  -0.489768E+00   0.109573E+08   0.109570E+08   0.217444E+03
   0.500458E-03   0.189203E+08   0.189191E+08   0.803566E+07   0.771792E+07   0.189191E+08   0.189201E+08   0.189201E+08   0.189223E+08  -0.489521E+00   0.109524E+08   0.109521E+08   0.228924E+03
   0.552561E-03   0.189104E+08   0.189090E+08   0.624126E+07   0.593498E+07   0.189088E+08   0.189101E+08   0.189101E+08   0.189118E+08  -0.489232E+00   0.109466E+08   0.109461E+08   0.238898E+03
   0.610090E-03   0.188985E+08   0.188969E+08   0.461958E+07   0.434303E+07   0.188966E+08   0.188982E+08   0.188982E+08   0.188994E+08  -0.488895E+00   0.109396E+08   0.109391E+08   0.246829E+03
   0.673607E-03   0.188845E+08   0.188826E+08   0.327015E+07   0.304216E+07   0.188821E+08   0.188841E+08   0.188842E+08   0.188850E+08  -0.488503E+00   0.109313E+08   0.109308E+08   0.252196E+03
   0.743737E-03   0.188679E+08   0.188657E+08   0.226534E+07   0.210131E+07   0.188650E+08   0.188675E+08   0.188676E+08   0.188681E+08  -0.488048E+00   0.109216E+08   0.109210E+08   0.254563E+03
   0.821169E-03   0.188485E+08   0.188460E+08   0.162130E+07   0.152799E+07   0.188449E+08   0.188479E+08   0.188481E+08   0.188484E+08  -0.487523E+00   0.109101E+08   0.109095E+08   0.253642E+03
   0.906662E-03   0.188257E+08   0.188229E+08   0.127730E+07   0.124822E+07   0.188213E+08   0.188251E+08   0.188253E+08   0.188255E+08  -0.486917E+00   0.108968E+08   0.108961E+08   0.249347E+03
   0.100106E-02   0.187992E+08   0.187961E+08   0.110328E+07   0.111757E+07   0.187938E+08   0.187985E+08   0.187987E+08   0.187988E+08  -0.486218E+00   0.108812E+08   0.108805E+08   0.241808E+03
   0.110528E-02   0.187684E+08   0.187651E+08   0.950682E+06   0.978631E+06   0.187618E+08   0.187676E+08   0.187679E+08   0.187679E+08  -0.485411E+00   0.108632E+08   0.108624E+08   0.231327E+03
   0.122035E-02   0.187328E+08   0.187292E+08   0.735027E+06   0.750219E+06   0.187247E+08   0.187319E+08   0.187322E+08   0.187321E+08  -0.484480E+00   0.108424E+08   0.108416E+08   0.218306E+03
   0.134740E-02   0.186916E+08   0.186878E+08   0.491748E+06   0.483962E+06   0.186817E+08   0.186906E+08   0.186910E+08   0.186907E+08  -0.483406E+00   0.108184E+08   0.108176E+08   0.203194E+03
   0.148768E-02   0.186441E+08   0.186402E+08   0.328300E+06   0.306471E+06   0.186320E+08   0.186430E+08   0.186435E+08   0.186431E+08  -0.482170E+00   0.107908E+08   0.107900E+08   0.186521E+03
   0.164257E-02   0.185896E+08   0.185856E+08   0.280641E+06  -0.589128E+05   0.185749E+08   0.185883E+08   0.185890E+08   0.185884E+08  -0.480752E+00   0.107592E+08   0.107583E+08   0.168990E+03
   0.181358E-02   0.185271E+08   0.185230E+08   0.247932E+06  -0.481513E+05   0.185092E+08   0.185257E+08   0.185265E+08   0.185257E+08  -0.479129E+00   0.107229E+08   0.107220E+08   0.151484E+03
   0.200239E-02   0.184556E+08   0.184516E+08   0.154354E+06  -0.393372E+05   0.184338E+08   0.184540E+08   0.184550E+08   0.184541E+08  -0.477274E+00   0.106814E+08   0.106805E+08   0.134892E+03
   0.221086E-02   0.183741E+08   0.183700E+08   0.900396E+05  -0.321200E+05   0.183476E+08   0.183723E+08   0.183735E+08   0.183723E+08  -0.475158E+00   0.106340E+08   0.106332E+08   0.119891E+03
   0.244104E-02   0.182813E+08   0.182772E+08   0.960908E+05  -0.262119E+05   0.182492E+08   0.182793E+08   0.182807E+08   0.182793E+08  -0.472751E+00   0.105802E+08   0.105793E+08   0.106909E+03
   0.269518E-02   0.181760E+08   0.181718E+08   0.650368E+05  -0.213759E+05   0.181372E+08   0.181736E+08   0.181753E+08   0.181736E+08  -0.470017E+00   0.105190E+08   0.105182E+08   0.960647E+02
   0.297578E-02   0.180567E+08   0.180523E+08   0.417645E+05  -0.174187E+05   0.180099E+08   0.180539E+08   0.180560E+08   0.180539E+08  -0.466921E+00   0.104497E+08   0.104489E+08   0.870085E+02
   0.328559E-02   0.179220E+08   0.179174E+08   0.387888E+05  -0.141818E+05   0.178655E+08   0.179187E+08   0.179212E+08   0.179187E+08  -0.463423E+00   0.103715E+08   0.103707E+08   0.791041E+02
   0.362766E-02   0.177702E+08   0.177653E+08   0.190434E+05  -0.115350E+05   0.177024E+08   0.177664E+08   0.177694E+08   0.177664E+08  -0.459483E+00   0.102834E+08   0.102826E+08   0.717486E+02
   0.400534E-02   0.175997E+08   0.175945E+08   0.143814E+05  -0.937189E+04   0.175184E+08   0.175952E+08   0.175989E+08   0.175952E+08  -0.455056E+00   0.101843E+08   0.101835E+08   0.646571E+02
   0.442234E-02   0.174087E+08   0.174032E+08   0.122627E+05  -0.760498E+04   0.173117E+08   0.174035E+08   0.174078E+08   0.174035E+08  -0.450097E+00   0.100734E+08   0.100726E+08   0.579975E+02
   0.488276E-02   0.171953E+08   0.171894E+08   0.784140E+04  -0.616266E+04   0.170799E+08   0.171892E+08   0.171944E+08   0.171892E+08  -0.444555E+00   0.994945E+07   0.994866E+07   0.520848E+02
   0.539111E-02   0.169577E+08   0.169513E+08   0.802798E+04  -0.498618E+04   0.168210E+08   0.169505E+08   0.169566E+08   0.169505E+08  -0.438381E+00   0.981137E+07   0.981058E+07   0.469672E+02
   0.595239E-02   0.166938E+08   0.166868E+08   0.665984E+04  -0.402736E+04   0.165329E+08   0.166854E+08   0.166926E+08   0.166854E+08  -0.431526E+00   0.965804E+07   0.965726E+07   0.423675E+02
   0.657210E-02   0.164017E+08   0.163940E+08   0.489754E+04  -0.324669E+04   0.162133E+08   0.163921E+08   0.164005E+08   0.163921E+08  -0.423938E+00   0.948835E+07   0.948757E+07   0.380847E+02
   0.725633E-02   0.160797E+08   0.160711E+08   0.293638E+04  -0.261179E+04   0.158605E+08   0.160685E+08   0.160783E+08   0.160685E+08  -0.415570E+00   0.930121E+07   0.930044E+07   0.342291E+02
   0.801180E-02   0.157259E+08   0.157163E+08   0.158279E+04  -0.209612E+04   0.154726E+08   0.157130E+08   0.157244E+08   0.157130E+08  -0.406377E+00   0.909561E+07   0.909484E+07   0.308405E+02
   0.884592E-02   0.153388E+08   0.153280E+08   0.551310E+03  -0.167789E+04   0.150482E+08   0.153240E+08   0.153371E+08   0.153240E+08  -0.396316E+00   0.887063E+07   0.886986E+07   0.277708E+02
   0.976688E-02   0.149171E+08   0.149047E+08  -0.298978E+03  -0.133926E+04   0.145862E+08   0.149003E+08   0.149151E+08   0.149003E+08  -0.385356E+00   0.862553E+07   0.862477E+07   0.250123E+02
   0.107837E-01   0.144596E+08   0.144456E+08   0.444689E+03  -0.106561E+04   0.140860E+08   0.144406E+08   0.144574E+08   0.144406E+08  -0.373469E+00   0.835971E+07   0.835895E+07   0.225676E+02
   0.119064E-01   0.139658E+08   0.139498E+08   0.360653E+02  -0.844923E+03   0.135470E+08   0.139445E+08   0.139632E+08   0.139445E+08  -0.360637E+00   0.807278E+07   0.807203E+07   0.203752E+02
   0.131460E-01   0.134354E+08   0.134171E+08  -0.194520E+03  -0.667382E+03   0.129694E+08   0.134116E+08   0.134324E+08   0.134116E+08  -0.346855E+00   0.776460E+07   0.776385E+07   0.184304E+02
   0.145147E-01   0.128686E+08   0.128476E+08  -0.194252E+03  -0.524927E+03   0.123542E+08   0.128421E+08   0.128652E+08   0.128421E+08  -0.332128E+00   0.743529E+07   0.743454E+07   0.166951E+02
   0.160258E-01   0.122661E+08   0.122421E+08   0.505338E+01  -0.410963E+03   0.117030E+08   0.122370E+08   0.122622E+08   0.122370E+08  -0.316479E+00   0.708536E+07   0.708461E+07   0.151486E+02
   0.176943E-01   0.116298E+08   0.116025E+08  -0.108126E+03  -0.320100E+03   0.110186E+08   0.115980E+08   0.116254E+08   0.115980E+08  -0.299952E+00   0.671581E+07   0.671505E+07   0.137635E+02
   0.195365E-01   0.109623E+08   0.109314E+08  -0.113946E+03  -0.247935E+03   0.103052E+08   0.109279E+08   0.109573E+08   0.109279E+08  -0.282622E+00   0.632829E+07   0.632752E+07   0.125121E+02
   0.215705E-01   0.102678E+08   0.102332E+08  -0.165013E+02  -0.190878E+03   0.956782E+07   0.102309E+08   0.102622E+08   0.102309E+08  -0.264596E+00   0.592519E+07   0.592442E+07   0.113672E+02
   0.238162E-01   0.955192E+07   0.951359E+07   0.251891E+02  -0.145998E+03   0.881295E+07   0.951272E+07   0.954572E+07   0.951272E+07  -0.246021E+00   0.550981E+07   0.550904E+07   0.103010E+02
   0.262957E-01   0.882225E+07   0.878044E+07  -0.448014E+02  -0.110908E+03   0.804907E+07   0.878098E+07   0.881549E+07   0.878098E+07  -0.227097E+00   0.508658E+07   0.508582E+07   0.928471E+01
   0.290334E-01   0.809292E+07   0.804819E+07   0.101562E+02  -0.837078E+02   0.728846E+07   0.804979E+07   0.808570E+07   0.804979E+07  -0.208186E+00   0.466365E+07   0.466290E+07   0.829399E+01
   0.320561E-01   0.737028E+07   0.732358E+07  -0.275408E+02  -0.627485E+02   0.654463E+07   0.732588E+07   0.736273E+07   0.732588E+07  -0.189465E+00   0.424490E+07   0.424417E+07   0.730580E+01
   0.353936E-01   0.667520E+07   0.662796E+07   0.220346E+02  -0.467994E+02   0.583537E+07   0.663009E+07   0.666757E+07   0.663009E+07  -0.171470E+00   0.384238E+07   0.384168E+07   0.630930E+01
   0.390784E-01   0.602475E+07   0.597880E+07  -0.251187E+02  -0.348006E+02   0.517617E+07   0.597944E+07   0.601733E+07   0.597944E+07  -0.154642E+00   0.346597E+07   0.346532E+07   0.530389E+01
   0.431470E-01   0.543822E+07   0.539564E+07  -0.925737E+01  -0.258945E+02   0.458337E+07   0.539315E+07   0.543134E+07   0.539315E+07  -0.139480E+00   0.312679E+07   0.312621E+07   0.430673E+01
   0.474616E-01   0.494268E+07   0.490526E+07  -0.182844E+02  -0.195531E+02   0.408193E+07   0.489814E+07   0.493663E+07   0.489814E+07  -0.126677E+00   0.284044E+07   0.283993E+07   0.338654E+01
   0.517763E-01   0.455551E+07   0.452407E+07  -0.142411E+02  -0.152232E+02   0.368715E+07   0.451155E+07   0.455043E+07   0.451155E+07  -0.116679E+00   0.261684E+07   0.261642E+07   0.262001E+01
   0.560910E-01   0.424298E+07   0.421747E+07  -0.113660E+02  -0.121451E+02   0.336603E+07   0.419954E+07   0.423886E+07   0.419954E+07  -0.108610E+00   0.243641E+07   0.243606E+07   0.201154E+01
   0.604057E-01   0.397941E+07   0.395908E+07  -0.924303E+01  -0.987290E+01   0.309459E+07   0.393642E+07   0.397612E+07   0.393642E+07  -0.101805E+00   0.228426E+07   0.228396E+07   0.155683E+01
   0.647204E-01   0.374644E+07   0.373004E+07  -0.762213E+01  -0.813850E+01   0.285626E+07   0.370382E+07   0.374379E+07   0.370382E+07  -0.957894E-01   0.214975E+07   0.214950E+07   0.124157E+01
   0.690351E-01   0.352764E+07   0.351370E+07  -0.634199E+01  -0.676917E+01   0.263693E+07   0.348537E+07   0.352539E+07   0.348537E+07  -0.901399E-01   0.202341E+07   0.202318E+07   0.104216E+01
   0.733498E-01   0.331282E+07   0.329993E+07  -0.530356E+01  -0.565876E+01   0.242820E+07   0.327099E+07   0.331074E+07   0.327099E+07  -0.845954E-01   0.189936E+07   0.189914E+07   0.930209E+00
   0.776645E-01   0.309873E+07   0.308572E+07  -0.444768E+01  -0.474389E+01   0.222737E+07   0.305748E+07   0.309663E+07   0.305748E+07  -0.790736E-01   0.177576E+07   0.177555E+07   0.876346E+00
   0.819792E-01   0.288807E+07   0.287419E+07  -0.373907E+01  -0.398672E+01   0.203608E+07   0.284755E+07   0.288582E+07   0.284755E+07  -0.736444E-01   0.165418E+07   0.165396E+07   0.853626E+00
   0.862939E-01   0.268654E+07   0.267148E+07  -0.315438E+01  -0.336217E+01   0.185787E+07   0.264689E+07   0.268411E+07   0.264689E+07  -0.684549E-01   0.153794E+07   0.153771E+07   0.839988E+00
   0.906086E-01   0.249974E+07   0.248363E+07  -0.267487E+01  -0.285014E+01   0.169600E+07   0.246105E+07   0.249713E+07   0.246105E+07  -0.636486E-01   0.143025E+07   0.143002E+07   0.819704E+00
   0.959689E-01   0.229456E+07   0.227778E+07  -0.220137E+01  -0.234470E+01   0.152071E+07   0.225711E+07   0.229185E+07   0.225711E+07  -0.583743E-01   0.131206E+07   0.131183E+07   0.772534E+00
   0.101329E+00   0.212409E+07   0.210764E+07  -0.183829E+01  -0.195724E+01   0.137555E+07   0.208784E+07   0.212143E+07   0.208784E+07  -0.539964E-01   0.121395E+07   0.121373E+07   0.698461E+00
   0.106690E+00   0.198939E+07   0.197423E+07  -0.156168E+01  -0.166214E+01   0.125931E+07   0.195417E+07   0.198694E+07   0.195417E+07  -0.505394E-01   0.113650E+07   0.113630E+07   0.605128E+00
   0.112050E+00   0.188530E+07   0.187211E+07  -0.134908E+01  -0.143536E+01   0.116694E+07   0.185091E+07   0.188317E+07   0.185091E+07  -0.478690E-01   0.107669E+07   0.107652E+07   0.505702E+00
   0.117410E+00   0.180172E+07   0.179070E+07  -0.118049E+01  -0.125557E+01   0.109076E+07   0.176800E+07   0.179994E+07   0.176800E+07  -0.457245E-01   0.102869E+07   0.102854E+07   0.413706E+00
   0.122770E+00   0.172768E+07   0.171862E+07  -0.104070E+01  -0.110653E+01   0.102322E+07   0.169455E+07   0.172622E+07   0.169455E+07  -0.438252E-01   0.986173E+06   0.986043E+06   0.339338E+00
   0.128131E+00   0.165482E+07   0.164716E+07  -0.919767E+00  -0.977640E+00   0.959018E+06   0.162230E+07   0.165358E+07   0.162230E+07  -0.419565E-01   0.944325E+06   0.944210E+06   0.287521E+00
   0.133491E+00   0.157848E+07   0.157154E+07  -0.812237E+00  -0.863079E+00   0.895283E+06   0.154664E+07   0.157736E+07   0.154664E+07  -0.399998E-01   0.900475E+06   0.900368E+06   0.257672E+00
   0.138851E+00   0.149767E+07   0.149079E+07  -0.715654E+00  -0.760224E+00   0.831476E+06   0.146660E+07   0.149656E+07   0.146660E+07  -0.379298E-01   0.854052E+06   0.853946E+06   0.244894E+00
   0.144212E+00   0.141424E+07   0.140699E+07  -0.629338E+00  -0.668338E+00   0.768679E+06   0.138405E+07   0.141307E+07   0.138405E+07  -0.357947E-01   0.806142E+06   0.806033E+06   0.242014E+00
   0.149572E+00   0.133181E+07   0.132402E+07  -0.553367E+00  -0.587493E+00   0.708816E+06   0.130255E+07   0.133055E+07   0.130255E+07  -0.336869E-01   0.758822E+06   0.758709E+06   0.241751E+00
   0.154932E+00   0.125460E+07   0.124637E+07  -0.487925E+00  -0.517874E+00   0.653978E+06   0.122628E+07   0.125327E+07   0.122628E+07  -0.317144E-01   0.714531E+06   0.714415E+06   0.238459E+00
   0.160293E+00   0.118647E+07   0.117809E+07  -0.432890E+00  -0.459340E+00   0.605880E+06   0.115903E+07   0.118511E+07   0.115903E+07  -0.299751E-01   0.675472E+06   0.675358E+06   0.229084E+00
   0.165653E+00   0.112958E+07   0.112140E+07  -0.387476E+00  -0.411047E+00   0.565243E+06   0.110290E+07   0.112826E+07   0.110290E+07  -0.285235E-01   0.642880E+06   0.642769E+06   0.213242E+00
   0.171013E+00   0.108350E+07   0.107587E+07  -0.350143E+00  -0.371351E+00   0.531439E+06   0.105746E+07   0.108227E+07   0.105746E+07  -0.273484E-01   0.616505E+06   0.616402E+06   0.192640E+00
   0.176373E+00   0.104575E+07   0.103887E+07  -0.318968E+00  -0.338209E+00   0.502881E+06   0.102024E+07   0.104464E+07   0.102024E+07  -0.263858E-01   0.594908E+06   0.594815E+06   0.170154E+00
   0.181734E+00   0.101313E+07   0.100706E+07  -0.292182E+00  -0.309737E+00   0.477763E+06   0.988083E+06   0.101215E+07   0.988083E+06  -0.255541E-01   0.576256E+06   0.576172E+06   0.148845E+00
   0.187094E+00   0.982677E+06   0.977322E+06  -0.268397E+00  -0.284460E+00   0.454517E+06   0.958063E+06   0.981812E+06   0.958063E+06  -0.247778E-01   0.558842E+06   0.558765E+06   0.131130E+00
   0.192454E+00   0.951867E+06   0.947020E+06  -0.246597E+00  -0.261299E+00   0.431898E+06   0.927700E+06   0.951084E+06   0.927700E+06  -0.239925E-01   0.541219E+06   0.541148E+06   0.118259E+00
   0.197815E+00   0.919031E+06   0.914448E+06  -0.226157E+00  -0.239590E+00   0.409136E+06   0.895359E+06   0.918291E+06   0.895359E+06  -0.231561E-01   0.522436E+06   0.522368E+06   0.110226E+00
   0.203175E+00   0.883933E+06   0.879393E+06  -0.206897E+00  -0.219141E+00   0.386149E+06   0.860813E+06   0.883199E+06   0.860813E+06  -0.222626E-01   0.502357E+06   0.502290E+06   0.106029E+00
   0.208535E+00   0.847694E+06   0.843049E+06  -0.188968E+00  -0.200111E+00   0.363448E+06   0.825167E+06   0.846944E+06   0.825167E+06  -0.213408E-01   0.481630E+06   0.481562E+06   0.104106E+00
   0.213896E+00   0.811995E+06   0.807193E+06  -0.172603E+00  -0.182746E+00   0.341741E+06   0.790074E+06   0.811219E+06   0.790074E+06  -0.204332E-01   0.461216E+06   0.461148E+06   0.102808E+00
   0.219256E+00   0.778360E+06   0.773439E+06  -0.157954E+00  -0.167204E+00   0.321624E+06   0.757030E+06   0.777565E+06   0.757030E+06  -0.195786E-01   0.441992E+06   0.441923E+06   0.100795E+00
   0.224616E+00   0.747932E+06   0.742994E+06  -0.145062E+00  -0.153530E+00   0.303487E+06   0.727152E+06   0.747134E+06   0.727152E+06  -0.188059E-01   0.424609E+06   0.424541E+06   0.972945E-01
   0.229977E+00   0.721363E+06   0.716536E+06  -0.133862E+00  -0.141651E+00   0.287496E+06   0.701077E+06   0.720583E+06   0.701077E+06  -0.181315E-01   0.409440E+06   0.409374E+06   0.921743E-01
   0.235337E+00   0.698625E+06   0.694025E+06  -0.124167E+00  -0.131369E+00   0.273535E+06   0.678769E+06   0.697882E+06   0.678769E+06  -0.175546E-01   0.396466E+06   0.396403E+06   0.858258E-01
   0.240697E+00   0.678995E+06   0.674698E+06  -0.115694E+00  -0.122384E+00   0.261223E+06   0.659516E+06   0.678301E+06   0.659516E+06  -0.170566E-01   0.385271E+06   0.385212E+06   0.789496E-01
   0.246057E+00   0.661361E+06   0.657387E+06  -0.108135E+00  -0.114370E+00   0.250056E+06   0.642222E+06   0.660718E+06   0.642222E+06  -0.166094E-01   0.375217E+06   0.375162E+06   0.723141E-01
   0.251418E+00   0.644583E+06   0.640900E+06  -0.101221E+00  -0.107041E+00   0.239552E+06   0.625772E+06   0.643988E+06   0.625772E+06  -0.161839E-01   0.365653E+06   0.365601E+06   0.665496E-01
   0.256778E+00   0.627745E+06   0.624284E+06  -0.947557E-01  -0.100189E+00   0.229347E+06   0.609267E+06   0.627186E+06   0.609267E+06  -0.157571E-01   0.356053E+06   0.356003E+06   0.620156E-01
   0.262138E+00   0.610312E+06   0.606986E+06  -0.886231E-01  -0.936908E-01   0.219234E+06   0.592184E+06   0.609774E+06   0.592184E+06  -0.153153E-01   0.346112E+06   0.346064E+06   0.587606E-01
   0.267499E+00   0.592219E+06   0.588950E+06  -0.827907E-01  -0.875122E-01   0.209192E+06   0.574463E+06   0.591690E+06   0.574463E+06  -0.148570E-01   0.335794E+06   0.335747E+06   0.565674E-01
   0.272859E+00   0.573809E+06   0.570542E+06  -0.772838E-01  -0.816798E-01   0.199340E+06   0.556439E+06   0.573281E+06   0.556439E+06  -0.143908E-01   0.325297E+06   0.325250E+06   0.550543E-01
   0.278219E+00   0.555626E+06   0.552339E+06  -0.721495E-01  -0.762429E-01   0.189862E+06   0.538645E+06   0.555095E+06   0.538645E+06  -0.139306E-01   0.314931E+06   0.314884E+06   0.537948E-01
   0.283580E+00   0.538222E+06   0.534923E+06  -0.674278E-01  -0.712438E-01   0.180930E+06   0.521621E+06   0.537689E+06   0.521621E+06  -0.134903E-01   0.305011E+06   0.304965E+06   0.524261E-01
   0.288940E+00   0.522043E+06   0.518764E+06  -0.631392E-01  -0.667039E-01   0.172669E+06   0.505801E+06   0.521513E+06   0.505801E+06  -0.130812E-01   0.295794E+06   0.295748E+06   0.507220E-01
   0.294300E+00   0.507345E+06   0.504129E+06  -0.592776E-01  -0.626164E-01   0.165136E+06   0.491436E+06   0.506825E+06   0.491436E+06  -0.127097E-01   0.287423E+06   0.287379E+06   0.486177E-01
   0.299661E+00   0.494131E+06   0.491020E+06  -0.558077E-01  -0.589438E-01   0.158299E+06   0.478525E+06   0.493628E+06   0.478525E+06  -0.123758E-01   0.279902E+06   0.279859E+06   0.461906E-01
   0.305021E+00   0.482169E+06   0.479188E+06  -0.526714E-01  -0.556246E-01   0.152053E+06   0.466840E+06   0.481687E+06   0.466840E+06  -0.120736E-01   0.273095E+06   0.273053E+06   0.436112E-01
   0.310381E+00   0.471086E+06   0.468246E+06  -0.498022E-01  -0.525885E-01   0.146259E+06   0.456018E+06   0.470627E+06   0.456018E+06  -0.117937E-01   0.266790E+06   0.266751E+06   0.410824E-01
   0.315741E+00   0.460495E+06   0.457787E+06  -0.471394E-01  -0.497711E-01   0.140776E+06   0.445677E+06   0.460057E+06   0.445677E+06  -0.115263E-01   0.260766E+06   0.260728E+06   0.387818E-01
   0.321102E+00   0.450068E+06   0.447470E+06  -0.446352E-01  -0.471219E-01   0.135493E+06   0.435499E+06   0.449648E+06   0.435499E+06  -0.112630E-01   0.254835E+06   0.254799E+06   0.368218E-01
   0.326462E+00   0.439592E+06   0.437073E+06  -0.422580E-01  -0.446075E-01   0.130340E+06   0.425275E+06   0.439185E+06   0.425275E+06  -0.109986E-01   0.248876E+06   0.248840E+06   0.352332E-01
   0.331822E+00   0.429001E+06   0.426534E+06  -0.399937E-01  -0.422128E-01   0.125292E+06   0.414942E+06   0.428602E+06   0.414942E+06  -0.107314E-01   0.242851E+06   0.242816E+06   0.339722E-01
   0.337183E+00   0.418379E+06   0.415942E+06  -0.378427E-01  -0.399383E-01   0.120372E+06   0.404581E+06   0.417985E+06   0.404581E+06  -0.104634E-01   0.236809E+06   0.236775E+06   0.329449E-01
   0.342543E+00   0.407903E+06   0.405485E+06  -0.358137E-01  -0.377931E-01   0.115625E+06   0.394365E+06   0.407512E+06   0.394365E+06  -0.101992E-01   0.230850E+06   0.230816E+06   0.320369E-01
   0.347903E+00   0.397768E+06   0.395370E+06  -0.339155E-01  -0.357865E-01   0.111101E+06   0.384487E+06   0.397381E+06   0.384487E+06  -0.994373E-02   0.225087E+06   0.225054E+06   0.311435E-01
   0.353264E+00   0.388135E+06   0.385764E+06  -0.321526E-01  -0.339231E-01   0.106836E+06   0.375100E+06   0.387752E+06   0.375100E+06  -0.970096E-02   0.219611E+06   0.219577E+06   0.301920E-01
   0.358624E+00   0.379096E+06   0.376766E+06  -0.305235E-01  -0.322013E-01   0.102845E+06   0.366294E+06   0.378720E+06   0.366294E+06  -0.947323E-02   0.214473E+06   0.214441E+06   0.291521E-01
   0.363984E+00   0.370668E+06   0.368392E+06  -0.290202E-01  -0.306126E-01   0.991223E+05   0.358086E+06   0.370300E+06   0.358086E+06  -0.926095E-02   0.209684E+06   0.209653E+06   0.280340E-01
   0.369344E+00   0.362789E+06   0.360578E+06  -0.276298E-01  -0.291433E-01   0.956415E+05   0.350416E+06   0.362432E+06   0.350416E+06  -0.906258E-02   0.205209E+06   0.205178E+06   0.268774E-01
   0.374705E+00   0.355345E+06   0.353203E+06  -0.263359E-01  -0.277761E-01   0.923627E+05   0.343170E+06   0.354999E+06   0.343170E+06  -0.887518E-02   0.200982E+06   0.200952E+06   0.257353E-01
   0.380065E+00   0.348198E+06   0.346123E+06  -0.251226E-01  -0.264942E-01   0.892434E+05   0.336215E+06   0.347863E+06   0.336215E+06  -0.869531E-02   0.196924E+06   0.196894E+06   0.246584E-01
   0.385425E+00   0.341231E+06   0.339216E+06  -0.239763E-01  -0.252833E-01   0.862475E+05   0.329436E+06   0.340905E+06   0.329436E+06  -0.851998E-02   0.192967E+06   0.192939E+06   0.236830E-01
   0.390786E+00   0.334360E+06   0.332395E+06  -0.228876E-01  -0.241332E-01   0.833501E+05   0.322752E+06   0.334043E+06   0.322752E+06  -0.834712E-02   0.189066E+06   0.189039E+06   0.228241E-01
   0.396146E+00   0.327547E+06   0.325621E+06  -0.218503E-01  -0.230377E-01   0.805381E+05   0.316124E+06   0.327236E+06   0.316124E+06  -0.817572E-02   0.185198E+06   0.185170E+06   0.220754E-01
   0.401506E+00   0.320794E+06   0.318899E+06  -0.208620E-01  -0.219939E-01   0.778097E+05   0.309557E+06   0.320488E+06   0.309557E+06  -0.800588E-02   0.181363E+06   0.181337E+06   0.214141E-01
   0.406867E+00   0.314146E+06   0.312278E+06  -0.199227E-01  -0.210021E-01   0.751731E+05   0.303095E+06   0.313844E+06   0.303095E+06  -0.783874E-02   0.177590E+06   0.177563E+06   0.208094E-01
   0.412227E+00   0.307673E+06   0.305829E+06  -0.190340E-01  -0.200637E-01   0.726418E+05   0.296803E+06   0.307375E+06   0.296803E+06  -0.767602E-02   0.173915E+06   0.173889E+06   0.202308E-01
   0.417587E+00   0.301433E+06   0.299615E+06  -0.181967E-01  -0.191797E-01   0.702259E+05   0.290739E+06   0.301139E+06   0.290739E+06  -0.751920E-02   0.170373E+06   0.170348E+06   0.196546E-01
   0.422948E+00   0.295458E+06   0.293669E+06  -0.174096E-01  -0.183488E-01   0.679288E+05   0.284934E+06   0.295168E+06   0.284934E+06  -0.736905E-02   0.166982E+06   0.166957E+06   0.190674E-01
   0.428308E+00   0.289752E+06   0.287996E+06  -0.166702E-01  -0.175683E-01   0.657477E+05   0.279392E+06   0.289468E+06   0.279392E+06  -0.722572E-02   0.163745E+06   0.163721E+06   0.184675E-01
   0.433668E+00   0.284305E+06   0.282587E+06  -0.159753E-01  -0.168347E-01   0.636763E+05   0.274103E+06   0.284027E+06   0.274103E+06  -0.708895E-02   0.160656E+06   0.160632E+06   0.178627E-01
   0.439028E+00   0.279092E+06   0.277411E+06  -0.153207E-01  -0.161439E-01   0.617049E+05   0.269041E+06   0.278820E+06   0.269041E+06  -0.695804E-02   0.157699E+06   0.157675E+06   0.172665E-01
   0.444389E+00   0.274065E+06   0.272423E+06  -0.147020E-01  -0.154909E-01   0.598199E+05   0.264162E+06   0.273800E+06   0.264162E+06  -0.683185E-02   0.154849E+06   0.154826E+06   0.166928E-01
   0.449749E+00   0.269175E+06   0.267570E+06  -0.141144E-01  -0.148709E-01   0.580078E+05   0.259417E+06   0.268916E+06   0.259417E+06  -0.670913E-02   0.152076E+06   0.152054E+06   0.161530E-01
   0.455109E+00   0.264387E+06   0.262814E+06  -0.135546E-01  -0.142801E-01   0.562585E+05   0.254770E+06   0.264133E+06   0.254770E+06  -0.658895E-02   0.149361E+06   0.149339E+06   0.156531E-01
   0.460470E+00   0.259684E+06   0.258140E+06  -0.130203E-01  -0.137164E-01   0.545666E+05   0.250207E+06   0.259434E+06   0.250207E+06  -0.647094E-02   0.146695E+06   0.146673E+06   0.151934E-01
   0.465830E+00   0.255063E+06   0.253545E+06  -0.125101E-01  -0.131781E-01   0.529299E+05   0.245725E+06   0.254818E+06   0.245725E+06  -0.635503E-02   0.144075E+06   0.144054E+06   0.147692E-01
   0.471190E+00   0.250531E+06   0.249036E+06  -0.120231E-01  -0.126644E-01   0.513478E+05   0.241329E+06   0.250289E+06   0.241329E+06  -0.624133E-02   0.141505E+06   0.141484E+06   0.143723E-01
   0.476551E+00   0.246098E+06   0.244625E+06  -0.115587E-01  -0.121745E-01   0.498211E+05   0.237031E+06   0.245860E+06   0.237031E+06  -0.613017E-02   0.138993E+06   0.138972E+06   0.139936E-01
   0.481911E+00   0.241784E+06   0.240333E+06  -0.111167E-01  -0.117083E-01   0.483519E+05   0.232848E+06   0.241550E+06   0.232848E+06  -0.602200E-02   0.136548E+06   0.136527E+06   0.136253E-01
   0.487271E+00   0.237606E+06   0.236177E+06  -0.106968E-01  -0.112654E-01   0.469418E+05   0.228798E+06   0.237375E+06   0.228798E+06  -0.591726E-02   0.134180E+06   0.134160E+06   0.132623E-01
   0.492631E+00   0.233570E+06   0.232164E+06  -0.102981E-01  -0.108449E-01   0.455902E+05   0.224887E+06   0.233343E+06   0.224887E+06  -0.581610E-02   0.131893E+06   0.131873E+06   0.129026E-01
   0.497992E+00   0.229672E+06   0.228290E+06  -0.991942E-02  -0.104455E-01   0.442944E+05   0.221109E+06   0.229449E+06   0.221109E+06  -0.571841E-02   0.129684E+06   0.129665E+06   0.125467E-01
   0.503352E+00   0.225899E+06   0.224541E+06  -0.955924E-02  -0.100657E-01   0.430503E+05   0.217454E+06   0.225679E+06   0.217454E+06  -0.562386E-02   0.127547E+06   0.127527E+06   0.121975E-01
   0.508712E+00   0.222236E+06   0.220903E+06  -0.921611E-02  -0.970392E-02   0.418537E+05   0.213906E+06   0.222021E+06   0.213906E+06  -0.553211E-02   0.125472E+06   0.125453E+06   0.118585E-01
   0.514073E+00   0.218673E+06   0.217363E+06  -0.888871E-02  -0.935872E-02   0.407008E+05   0.210455E+06   0.218461E+06   0.210455E+06  -0.544285E-02   0.123454E+06   0.123435E+06   0.115332E-01
   0.519433E+00   0.215195E+06   0.213908E+06  -0.857583E-02  -0.902884E-02   0.395879E+05   0.207087E+06   0.214987E+06   0.207087E+06  -0.535576E-02   0.121484E+06   0.121466E+06   0.112237E-01
   0.524793E+00   0.211791E+06   0.210525E+06  -0.827629E-02  -0.871305E-02   0.385117E+05   0.203791E+06   0.211586E+06   0.203791E+06  -0.527052E-02   0.119556E+06   0.119538E+06   0.109306E-01
   0.530154E+00   0.208452E+06   0.207206E+06  -0.798919E-02  -0.841040E-02   0.374695E+05   0.200559E+06   0.208251E+06   0.200559E+06  -0.518693E-02   0.117666E+06   0.117648E+06   0.106531E-01
   0.535514E+00   0.205180E+06   0.203953E+06  -0.771401E-02  -0.812032E-02   0.364606E+05   0.197392E+06   0.204982E+06   0.197392E+06  -0.510501E-02   0.115812E+06   0.115795E+06   0.103889E-01
   0.540874E+00   0.201979E+06   0.200770E+06  -0.745044E-02  -0.784251E-02   0.354850E+05   0.194294E+06   0.201784E+06   0.194294E+06  -0.502490E-02   0.114000E+06   0.113983E+06   0.101359E-01
   0.546235E+00   0.198855E+06   0.197663E+06  -0.719815E-02  -0.757660E-02   0.345425E+05   0.191271E+06   0.198663E+06   0.191271E+06  -0.494671E-02   0.112231E+06   0.112215E+06   0.989128E-02
   0.551595E+00   0.195809E+06   0.194633E+06  -0.695668E-02  -0.732210E-02   0.336325E+05   0.188323E+06   0.195619E+06   0.188323E+06  -0.487047E-02   0.110507E+06   0.110490E+06   0.965315E-02
   0.556955E+00   0.192840E+06   0.191682E+06  -0.672556E-02  -0.707853E-02   0.327540E+05   0.185451E+06   0.192653E+06   0.185451E+06  -0.479620E-02   0.108826E+06   0.108810E+06   0.942024E-02
   0.562315E+00   0.189950E+06   0.188809E+06  -0.650441E-02  -0.684548E-02   0.319064E+05   0.182656E+06   0.189766E+06   0.182656E+06  -0.472391E-02   0.107190E+06   0.107174E+06   0.919224E-02
   0.567676E+00   0.187139E+06   0.186015E+06  -0.629278E-02  -0.662247E-02   0.310887E+05   0.179937E+06   0.186957E+06   0.179937E+06  -0.465360E-02   0.105599E+06   0.105583E+06   0.896957E-02
   0.573036E+00   0.184401E+06   0.183294E+06  -0.609007E-02  -0.640887E-02   0.302991E+05   0.177289E+06   0.184222E+06   0.177289E+06  -0.458512E-02   0.104050E+06   0.104034E+06   0.875294E-02
   0.578396E+00   0.181727E+06   0.180637E+06  -0.589565E-02  -0.620402E-02   0.295355E+05   0.174704E+06   0.181551E+06   0.174704E+06  -0.451827E-02   0.102537E+06   0.102521E+06   0.854310E-02
   0.629654E+00   0.158870E+06   0.157916E+06  -0.437903E-02  -0.460643E-02   0.233346E+05   0.152618E+06   0.158716E+06   0.152618E+06  -0.394707E-02   0.896060E+05   0.895925E+05   0.687600E-02
   0.769061E+00   0.115371E+06   0.114678E+06  -0.216242E-02  -0.227302E-02   0.131988E+05   0.110662E+06   0.115259E+06   0.110662E+06  -0.286198E-02   0.650214E+05   0.650115E+05   0.410878E-02
   0.939334E+00   0.833906E+05   0.828896E+05  -0.106024E-02  -0.111379E-02   0.731842E+04   0.798870E+05   0.833096E+05   0.798870E+05  -0.206607E-02   0.469687E+05   0.469616E+05   0.245084E-02
   0.114731E+01   0.600265E+05   0.596657E+05  -0.516530E-03  -0.542359E-03   0.398403E+04   0.574467E+05   0.599682E+05   0.574467E+05  -0.148571E-02   0.337927E+05   0.337875E+05   0.146127E-02
   0.140132E+01   0.430446E+05   0.427857E+05  -0.250197E-03  -0.262608E-03   0.213203E+04   0.411620E+05   0.430028E+05   0.411620E+05  -0.106455E-02   0.242234E+05   0.242196E+05   0.872633E-03
   0.171158E+01   0.307580E+05   0.305728E+05  -0.120561E-03  -0.126504E-03   0.112278E+04   0.293947E+05   0.307281E+05   0.293947E+05  -0.760216E-03   0.173041E+05   0.173013E+05   0.523334E-03
   0.209053E+01   0.219080E+05   0.217760E+05  -0.578278E-04  -0.606646E-04   0.582470E+03   0.209271E+05   0.218867E+05   0.209271E+05  -0.541225E-03   0.123226E+05   0.123205E+05   0.316330E-03
   0.255338E+01   0.155573E+05   0.154634E+05  -0.276229E-04  -0.289731E-04   0.297919E+03   0.148556E+05   0.155422E+05   0.148556E+05  -0.384200E-03   0.874911E+04   0.874756E+04   0.193578E-03
   0.311870E+01   0.110168E+05   0.109501E+05  -0.131465E-04  -0.137873E-04   0.150372E+03   0.105171E+05   0.110060E+05   0.105171E+05  -0.271996E-03   0.619486E+04   0.619369E+04   0.120593E-03
   0.380919E+01   0.778203E+04   0.773478E+04  -0.623701E-05  -0.654039E-05   0.749790E+02   0.742761E+04   0.777439E+04   0.742761E+04  -0.192096E-03   0.437556E+04   0.437464E+04   0.769581E-04
   0.465255E+01   0.548439E+04   0.545093E+04  -0.295065E-05  -0.309396E-05   0.369716E+02   0.523388E+04   0.547898E+04   0.523388E+04  -0.135360E-03   0.308349E+04   0.308275E+04   0.506165E-04
   0.568264E+01   0.385655E+04   0.383284E+04  -0.139230E-05  -0.145984E-05   0.180466E+02   0.368000E+04   0.385272E+04   0.368000E+04  -0.951735E-04   0.216816E+04   0.216755E+04   0.344763E-04
   0.694079E+01   0.270647E+04   0.268965E+04  -0.655488E-06  -0.687258E-06   0.873067E+01   0.258237E+04   0.270375E+04   0.258237E+04  -0.667861E-04   0.152153E+04   0.152101E+04   0.243825E-04
   0.847750E+01   0.189578E+04   0.188380E+04  -0.307968E-06  -0.322884E-06   0.419084E+01   0.180874E+04   0.189385E+04   0.180874E+04  -0.467782E-04   0.106575E+04   0.106527E+04   0.178956E-04
   0.103544E+02   0.132561E+04   0.131703E+04  -0.144427E-06  -0.151417E-06   0.199814E+01   0.126467E+04   0.132422E+04   0.126467E+04  -0.327073E-04   0.745192E+03   0.744753E+03   0.135859E-04
   0.126469E+02   0.925402E+03   0.919203E+03  -0.676201E-07  -0.708902E-07   0.947228E+00   0.882808E+03   0.924400E+03   0.882808E+03  -0.228315E-04   0.520200E+03   0.519782E+03   0.106130E-04
   0.154470E+02   0.645029E+03   0.640489E+03  -0.316128E-07  -0.331402E-07   0.446866E+00   0.615297E+03   0.644295E+03   0.615297E+03  -0.159130E-04   0.362579E+03   0.362171E+03   0.848009E-05
   0.188670E+02   0.448954E+03   0.445567E+03  -0.147601E-07  -0.154724E-07   0.209961E+00   0.428220E+03   0.448407E+03   0.428220E+03  -0.110748E-04   0.252350E+03   0.251945E+03   0.689137E-05
   0.230442E+02   0.312054E+03   0.309464E+03  -0.688401E-08  -0.721558E-08   0.983163E-01   0.297604E+03   0.311635E+03   0.297604E+03  -0.769674E-05   0.175388E+03   0.174981E+03   0.566795E-05
   0.281463E+02   0.216615E+03   0.214572E+03  -0.320782E-08  -0.336192E-08   0.459063E-01   0.206545E+03   0.216285E+03   0.206545E+03  -0.534175E-05   0.121734E+03   0.121321E+03   0.469963E-05
   0.343780E+02   0.150172E+03   0.148504E+03  -0.149386E-08  -0.156535E-08   0.213821E-01   0.143152E+03   0.149902E+03   0.143152E+03  -0.370224E-05   0.843806E+02   0.839610E+02   0.391659E-05
   0.419893E+02   0.103978E+03   0.102563E+03  -0.695490E-09  -0.728583E-09   0.993762E-02   0.990768E+02   0.103749E+03   0.990768E+02  -0.256236E-05   0.584109E+02   0.579825E+02   0.327313E-05
   0.512859E+02   0.719008E+02   0.706558E+02  -0.323855E-09  -0.339135E-09   0.460926E-02   0.684705E+02   0.716996E+02   0.684705E+02  -0.177081E-05   0.403772E+02   0.399395E+02   0.273802E-05
   0.626408E+02   0.496524E+02   0.485191E+02  -0.150925E-09  -0.157957E-09   0.213354E-02   0.472413E+02   0.494693E+02   0.472413E+02  -0.122177E-05   0.278689E+02   0.274220E+02   0.228902E-05
   0.765096E+02   0.342376E+02   0.331768E+02  -0.704498E-10  -0.736725E-10   0.985437E-03   0.325319E+02   0.340661E+02   0.325319E+02  -0.841350E-06   0.192022E+02   0.187468E+02   0.190954E-05
   0.934490E+02   0.235681E+02   0.225546E+02  -0.329758E-10  -0.344440E-10   0.454014E-03   0.223503E+02   0.234043E+02   0.223503E+02  -0.578030E-06   0.132034E+02   0.127412E+02   0.158678E-05
   0.114139E+03   0.161904E+02   0.152088E+02  -0.154996E-10  -0.161630E-10   0.208534E-03   0.153097E+02   0.160317E+02   0.153097E+02  -0.395945E-06   0.905517E+01   0.858893E+01   0.131054E-05
