#          k/h    CDM            baryon         photon         nu             mass_nu        total          no_nu          total_de       Weyl           v_CDM          v_b            v_b-v_c     
   0.105163E-04   0.588997E+07   0.588997E+07   0.785221E+07   0.785217E+07   0.589015E+07   0.588998E+07   0.588997E+07   0.589839E+07  -0.597218E+00   0.579915E+07   0.579915E+07   0.114664E+02
   0.116112E-04   0.588997E+07   0.588997E+07   0.785197E+07   0.785192E+07   0.589015E+07   0.588997E+07   0.588997E+07   0.589839E+07  -0.597218E+00   0.579915E+07   0.579915E+07   0.126600E+02
   0.128200E-04   0.588996E+07   0.588996E+07   0.785168E+07   0.785162E+07   0.589015E+07   0.588997E+07   0.588996E+07   0.589839E+07  -0.597218E+00   0.579915E+07   0.579915E+07   0.139778E+02
   0.141547E-04   0.588996E+07   0.588996E+07   0.785132E+07   0.785125E+07   0.589014E+07   0.588997E+07   0.588996E+07   0.589838E+07  -0.597218E+00   0.579915E+07   0.579915E+07   0.154327E+02
   0.156284E-04   0.588996E+07   0.588996E+07   0.785089E+07   0.785080E+07   0.589014E+07   0.588997E+07   0.588996E+07   0.589838E+07  -0.597218E+00   0.579915E+07   0.579915E+07   0.170391E+02
   0.172555E-04   0.588996E+07   0.588996E+07   0.785036E+07   0.785025E+07   0.589014E+07   0.588997E+07   0.588996E+07   0.589838E+07  -0.597217E+00   0.579914E+07   0.579914E+07   0.188124E+02
   0.190520E-04   0.588996E+07   0.588995E+07   0.784972E+07   0.784958E+07   0.589014E+07   0.588996E+07   0.588996E+07   0.589837E+07  -0.597217E+00   0.579914E+07   0.579914E+07   0.207703E+02
   0.210355E-04   0.588995E+07   0.588995E+07   0.784894E+07   0.784877E+07   0.589013E+07   0.588996E+07   0.588995E+07   0.589837E+07  -0.597216E+00   0.579914E+07   0.579914E+07   0.229317E+02
   0.232256E-04   0.588995E+07   0.588995E+07   0.784798E+07   0.784778E+07   0.589013E+07   0.588995E+07   0.588995E+07   0.589836E+07  -0.597216E+00   0.579913E+07   0.579913E+07   0.253178E+02
   0.256436E-04   0.588994E+07   0.588994E+07   0.784682E+07   0.784657E+07   0.589012E+07   0.588995E+07   0.588994E+07   0.589836E+07  -0.597215E+00   0.579913E+07   0.579912E+07   0.279518E+02
   0.283134E-04   0.588993E+07   0.588993E+07   0.784540E+07   0.784509E+07   0.589011E+07   0.588994E+07   0.588993E+07   0.589835E+07  -0.597214E+00   0.579912E+07   0.579912E+07   0.308594E+02
   0.312612E-04   0.588992E+07   0.588992E+07   0.784367E+07   0.784330E+07   0.589010E+07   0.588993E+07   0.588992E+07   0.589834E+07  -0.597213E+00   0.579911E+07   0.579911E+07   0.340688E+02
   0.345158E-04   0.588991E+07   0.588991E+07   0.784156E+07   0.784111E+07   0.589009E+07   0.588992E+07   0.588991E+07   0.589832E+07  -0.597211E+00   0.579910E+07   0.579910E+07   0.376113E+02
   0.381093E-04   0.588990E+07   0.588990E+07   0.783899E+07   0.783844E+07   0.589008E+07   0.588991E+07   0.588990E+07   0.589831E+07  -0.597210E+00   0.579909E+07   0.579908E+07   0.415210E+02
   0.420769E-04   0.588989E+07   0.588988E+07   0.783586E+07   0.783519E+07   0.589006E+07   0.588989E+07   0.588988E+07   0.589829E+07  -0.597208E+00   0.579907E+07   0.579907E+07   0.458356E+02
   0.464576E-04   0.588987E+07   0.588986E+07   0.783205E+07   0.783123E+07   0.589004E+07   0.588987E+07   0.588987E+07   0.589827E+07  -0.597205E+00   0.579906E+07   0.579905E+07   0.505966E+02
   0.512944E-04   0.588984E+07   0.588984E+07   0.782740E+07   0.782640E+07   0.589001E+07   0.588985E+07   0.588984E+07   0.589824E+07  -0.597202E+00   0.579903E+07   0.579902E+07   0.558495E+02
   0.566347E-04   0.588982E+07   0.588981E+07   0.782174E+07   0.782052E+07   0.588998E+07   0.588982E+07   0.588981E+07   0.589820E+07  -0.597198E+00   0.579900E+07   0.579900E+07   0.616441E+02
   0.625311E-04   0.588978E+07   0.588977E+07   0.781484E+07   0.781336E+07   0.588995E+07   0.588979E+07   0.588978E+07   0.589816E+07  -0.597194E+00   0.579897E+07   0.579896E+07   0.680352E+02
   0.690413E-04   0.588974E+07   0.588973E+07   0.780645E+07   0.780464E+07   0.588990E+07   0.588974E+07   0.588974E+07   0.589811E+07  -0.597188E+00   0.579893E+07   0.579892E+07   0.750824E+02
   0.762293E-04   0.588969E+07   0.588968E+07   0.779622E+07   0.779402E+07   0.588984E+07   0.588969E+07   0.588968E+07   0.589804E+07  -0.597182E+00   0.579888E+07   0.579886E+07   0.828508E+02
   0.841656E-04   0.588962E+07   0.588961E+07   0.778377E+07   0.778109E+07   0.588978E+07   0.588963E+07   0.588962E+07   0.589797E+07  -0.597174E+00   0.579882E+07   0.579880E+07   0.914112E+02
   0.929282E-04   0.588955E+07   0.588953E+07   0.776861E+07   0.776536E+07   0.588969E+07   0.588955E+07   0.588954E+07   0.589787E+07  -0.597164E+00   0.579874E+07   0.579872E+07   0.100840E+03
   0.102603E-03   0.588945E+07   0.588944E+07   0.775018E+07   0.774622E+07   0.588959E+07   0.588946E+07   0.588945E+07   0.589776E+07  -0.597152E+00   0.579865E+07   0.579862E+07   0.111221E+03
   0.113285E-03   0.588934E+07   0.588932E+07   0.772776E+07   0.772294E+07   0.588947E+07   0.588934E+07   0.588934E+07   0.589762E+07  -0.597137E+00   0.579854E+07   0.579851E+07   0.122642E+03
   0.125080E-03   0.588920E+07   0.588917E+07   0.770052E+07   0.769466E+07   0.588932E+07   0.588920E+07   0.588920E+07   0.589745E+07  -0.597119E+00   0.579841E+07   0.579836E+07   0.135197E+03
   0.138102E-03   0.588903E+07   0.588900E+07   0.766744E+07   0.766031E+07   0.588914E+07   0.588903E+07   0.588903E+07   0.589725E+07  -0.597097E+00   0.579824E+07   0.579819E+07   0.148986E+03
   0.152480E-03   0.588883E+07   0.588879E+07   0.762729E+07   0.761864E+07   0.588892E+07   0.588883E+07   0.588882E+07   0.589700E+07  -0.597070E+00   0.579804E+07   0.579798E+07   0.164113E+03
   0.168355E-03   0.588858E+07   0.588853E+07   0.757862E+07   0.756813E+07   0.588864E+07   0.588857E+07   0.588857E+07   0.589669E+07  -0.597038E+00   0.579780E+07   0.579772E+07   0.180683E+03
   0.185882E-03   0.588827E+07   0.588821E+07   0.751970E+07   0.750697E+07   0.588832E+07   0.588827E+07   0.588826E+07   0.589632E+07  -0.596998E+00   0.579750E+07   0.579740E+07   0.198802E+03
   0.205235E-03   0.588790E+07   0.588783E+07   0.744846E+07   0.743306E+07   0.588791E+07   0.588789E+07   0.588789E+07   0.589587E+07  -0.596950E+00   0.579714E+07   0.579702E+07   0.218572E+03
   0.226602E-03   0.588745E+07   0.588736E+07   0.736249E+07   0.734388E+07   0.588743E+07   0.588744E+07   0.588744E+07   0.589532E+07  -0.596892E+00   0.579670E+07   0.579656E+07   0.240086E+03
   0.250194E-03   0.588690E+07   0.588679E+07   0.725898E+07   0.723653E+07   0.588683E+07   0.588688E+07   0.588689E+07   0.589465E+07  -0.596821E+00   0.579616E+07   0.579599E+07   0.263421E+03
   0.276242E-03   0.588624E+07   0.588610E+07   0.713470E+07   0.710767E+07   0.588611E+07   0.588621E+07   0.588622E+07   0.589384E+07  -0.596735E+00   0.579551E+07   0.579530E+07   0.288628E+03
   0.305002E-03   0.588543E+07   0.588526E+07   0.698596E+07   0.695353E+07   0.588523E+07   0.588539E+07   0.588540E+07   0.589287E+07  -0.596631E+00   0.579471E+07   0.579447E+07   0.315720E+03
   0.336756E-03   0.588444E+07   0.588424E+07   0.680870E+07   0.676992E+07   0.588416E+07   0.588440E+07   0.588441E+07   0.589168E+07  -0.596504E+00   0.579375E+07   0.579345E+07   0.344657E+03
   0.371817E-03   0.588325E+07   0.588300E+07   0.659851E+07   0.655232E+07   0.588286E+07   0.588319E+07   0.588321E+07   0.589024E+07  -0.596351E+00   0.579258E+07   0.579222E+07   0.375321E+03
   0.410527E-03   0.588180E+07   0.588150E+07   0.635081E+07   0.629606E+07   0.588129E+07   0.588173E+07   0.588175E+07   0.588851E+07  -0.596167E+00   0.579115E+07   0.579073E+07   0.407492E+03
   0.453268E-03   0.588004E+07   0.587968E+07   0.606110E+07   0.599664E+07   0.587938E+07   0.587996E+07   0.587998E+07   0.588643E+07  -0.595944E+00   0.578943E+07   0.578892E+07   0.440819E+03
   0.500458E-03   0.587792E+07   0.587749E+07   0.572545E+07   0.565011E+07   0.587708E+07   0.587781E+07   0.587785E+07   0.588392E+07  -0.595677E+00   0.578734E+07   0.578674E+07   0.474781E+03
   0.552561E-03   0.587535E+07   0.587484E+07   0.534103E+07   0.525380E+07   0.587429E+07   0.587522E+07   0.587527E+07   0.588092E+07  -0.595356E+00   0.578482E+07   0.578410E+07   0.508648E+03
   0.610090E-03   0.587226E+07   0.587166E+07   0.490705E+07   0.480717E+07   0.587092E+07   0.587210E+07   0.587216E+07   0.587733E+07  -0.594973E+00   0.578177E+07   0.578093E+07   0.541447E+03
   0.673607E-03   0.586854E+07   0.586783E+07   0.442579E+07   0.431299E+07   0.586687E+07   0.586835E+07   0.586842E+07   0.587306E+07  -0.594517E+00   0.577810E+07   0.577712E+07   0.571928E+03
   0.743737E-03   0.586407E+07   0.586324E+07   0.390388E+07   0.377860E+07   0.586201E+07   0.586385E+07   0.586394E+07   0.586799E+07  -0.593976E+00   0.577369E+07   0.577255E+07   0.598559E+03
   0.821169E-03   0.585873E+07   0.585777E+07   0.335356E+07   0.321721E+07   0.585618E+07   0.585847E+07   0.585858E+07   0.586202E+07  -0.593338E+00   0.576840E+07   0.576710E+07   0.619555E+03
   0.906662E-03   0.585237E+07   0.585127E+07   0.279359E+07   0.264877E+07   0.584922E+07   0.585206E+07   0.585219E+07   0.585500E+07  -0.592590E+00   0.576209E+07   0.576062E+07   0.632963E+03
   0.100106E-02   0.584482E+07   0.584356E+07   0.224917E+07   0.209978E+07   0.584094E+07   0.584445E+07   0.584462E+07   0.584681E+07  -0.591717E+00   0.575458E+07   0.575295E+07   0.636838E+03
   0.110528E-02   0.583589E+07   0.583448E+07   0.175019E+07   0.160135E+07   0.583114E+07   0.583546E+07   0.583566E+07   0.583729E+07  -0.590705E+00   0.574568E+07   0.574391E+07   0.629516E+03
   0.122035E-02   0.582539E+07   0.582384E+07   0.132695E+07   0.118445E+07   0.581956E+07   0.582489E+07   0.582514E+07   0.582626E+07  -0.589538E+00   0.573520E+07   0.573330E+07   0.609997E+03
   0.134740E-02   0.581311E+07   0.581142E+07   0.100294E+07   0.872448E+06   0.580595E+07   0.581252E+07   0.581283E+07   0.581355E+07  -0.588199E+00   0.572291E+07   0.572093E+07   0.578371E+03
   0.148768E-02   0.579880E+07   0.579701E+07   0.786018E+06   0.671841E+06   0.579002E+07   0.579813E+07   0.579851E+07   0.579893E+07  -0.586670E+00   0.570860E+07   0.570657E+07   0.536203E+03
   0.164257E-02   0.578224E+07   0.578035E+07   0.660971E+06   0.565076E+06   0.577151E+07   0.578146E+07   0.578193E+07   0.578214E+07  -0.584928E+00   0.569202E+07   0.568999E+07   0.486670E+03
   0.181358E-02   0.576314E+07   0.576120E+07   0.589694E+06   0.511442E+06   0.575006E+07   0.576225E+07   0.576282E+07   0.576286E+07  -0.582944E+00   0.567293E+07   0.567093E+07   0.434235E+03
   0.200239E-02   0.574122E+07   0.573924E+07   0.524455E+06   0.461677E+06   0.572531E+07   0.574020E+07   0.574090E+07   0.574074E+07  -0.580684E+00   0.565106E+07   0.564910E+07   0.383740E+03
   0.221086E-02   0.571616E+07   0.571414E+07   0.433460E+06   0.384453E+06   0.569684E+07   0.571497E+07   0.571583E+07   0.571542E+07  -0.578110E+00   0.562609E+07   0.562418E+07   0.339073E+03
   0.244104E-02   0.568758E+07   0.568550E+07   0.323528E+06   0.288177E+06   0.566417E+07   0.568621E+07   0.568725E+07   0.568654E+07  -0.575180E+00   0.559767E+07   0.559580E+07   0.302011E+03
   0.269518E-02   0.565511E+07   0.565291E+07   0.233690E+06   0.211779E+06   0.562679E+07   0.565349E+07   0.565475E+07   0.565374E+07  -0.571851E+00   0.556541E+07   0.556354E+07   0.272001E+03
   0.297578E-02   0.561830E+07   0.561594E+07   0.190723E+06   0.178712E+06   0.558412E+07   0.561640E+07   0.561792E+07   0.561660E+07  -0.568082E+00   0.552885E+07   0.552698E+07   0.247132E+03
   0.328559E-02   0.557671E+07   0.557412E+07   0.171060E+06   0.150516E+06   0.553554E+07   0.557445E+07   0.557629E+07   0.557463E+07  -0.563828E+00   0.548754E+07   0.548565E+07   0.225435E+03
   0.362766E-02   0.552984E+07   0.552699E+07   0.135747E+06   0.122427E+06   0.548040E+07   0.552717E+07   0.552938E+07   0.552731E+07  -0.559037E+00   0.544100E+07   0.543910E+07   0.205301E+03
   0.400534E-02   0.547718E+07   0.547404E+07   0.988940E+05   0.994654E+05   0.541799E+07   0.547403E+07   0.547667E+07   0.547413E+07  -0.553654E+00   0.538871E+07   0.538682E+07   0.185553E+03
   0.442234E-02   0.541818E+07   0.541470E+07   0.890582E+05   0.807048E+05   0.534759E+07   0.541446E+07   0.541762E+07   0.541456E+07  -0.547623E+00   0.533013E+07   0.532825E+07   0.166447E+03
   0.488276E-02   0.535228E+07   0.534838E+07   0.752951E+05   0.653881E+05   0.526844E+07   0.534790E+07   0.535165E+07   0.534798E+07  -0.540886E+00   0.526468E+07   0.526282E+07   0.149666E+03
   0.539111E-02   0.527888E+07   0.527447E+07   0.557635E+05   0.528932E+05   0.517981E+07   0.527374E+07   0.527817E+07   0.527380E+07  -0.533381E+00   0.519178E+07   0.518992E+07   0.135514E+03
   0.595239E-02   0.519739E+07   0.519236E+07   0.517237E+05   0.427091E+05   0.508099E+07   0.519137E+07   0.519658E+07   0.519142E+07  -0.525047E+00   0.511084E+07   0.510898E+07   0.122694E+03
   0.657210E-02   0.510722E+07   0.510146E+07   0.360647E+05   0.344174E+05   0.497133E+07   0.510021E+07   0.510629E+07   0.510024E+07  -0.515824E+00   0.502126E+07   0.501940E+07   0.110743E+03
   0.725633E-02   0.500778E+07   0.500115E+07   0.307643E+05   0.276741E+05   0.485028E+07   0.499966E+07   0.500671E+07   0.499970E+07  -0.505653E+00   0.492247E+07   0.492062E+07   0.999412E+02
   0.801180E-02   0.489854E+07   0.489086E+07   0.234012E+05   0.221976E+05   0.471744E+07   0.488920E+07   0.489730E+07   0.488922E+07  -0.494479E+00   0.481395E+07   0.481210E+07   0.905833E+02
   0.884592E-02   0.477900E+07   0.477008E+07   0.188597E+05   0.177566E+05   0.457252E+07   0.476832E+07   0.477756E+07   0.476834E+07  -0.482253E+00   0.469520E+07   0.469335E+07   0.820821E+02
   0.976688E-02   0.464874E+07   0.463837E+07   0.163098E+05   0.141616E+05   0.441542E+07   0.463663E+07   0.464707E+07   0.463665E+07  -0.468933E+00   0.456583E+07   0.456398E+07   0.744550E+02
   0.107837E-01   0.450745E+07   0.449535E+07   0.117484E+05   0.112572E+05   0.424617E+07   0.449381E+07   0.450549E+07   0.449383E+07  -0.454488E+00   0.442554E+07   0.442368E+07   0.677584E+02
   0.119064E-01   0.435489E+07   0.434080E+07   0.954852E+04   0.891594E+04   0.406492E+07   0.433965E+07   0.435261E+07   0.433966E+07  -0.438896E+00   0.427411E+07   0.427223E+07   0.617534E+02
   0.131460E-01   0.419098E+07   0.417457E+07   0.707204E+04   0.703322E+04   0.387199E+07   0.417408E+07   0.418833E+07   0.417409E+07  -0.422150E+00   0.411146E+07   0.410957E+07   0.564605E+02
   0.145147E-01   0.401576E+07   0.399671E+07   0.548451E+04   0.552346E+04   0.366794E+07   0.399715E+07   0.401268E+07   0.399716E+07  -0.404256E+00   0.393766E+07   0.393575E+07   0.517461E+02
   0.160258E-01   0.382948E+07   0.380746E+07   0.465529E+04   0.431659E+04   0.345366E+07   0.380915E+07   0.382592E+07   0.380916E+07  -0.385242E+00   0.375297E+07   0.375103E+07   0.475507E+02
   0.176943E-01   0.363263E+07   0.360733E+07   0.382831E+04   0.335527E+04   0.323050E+07   0.361061E+07   0.362854E+07   0.361062E+07  -0.365162E+00   0.355791E+07   0.355594E+07   0.437873E+02
   0.195365E-01   0.342605E+07   0.339719E+07   0.269895E+04   0.259269E+04   0.300022E+07   0.340242E+07   0.342139E+07   0.340242E+07  -0.344106E+00   0.335334E+07   0.335133E+07   0.403649E+02
   0.215705E-01   0.321098E+07   0.317841E+07   0.216863E+04   0.199060E+04   0.276469E+07   0.318586E+07   0.320572E+07   0.318586E+07  -0.322204E+00   0.314052E+07   0.313848E+07   0.371883E+02
   0.238162E-01   0.298916E+07   0.295287E+07   0.165928E+04   0.151781E+04   0.252586E+07   0.296270E+07   0.298330E+07   0.296270E+07  -0.299634E+00   0.292119E+07   0.291912E+07   0.341645E+02
   0.262957E-01   0.276292E+07   0.272314E+07   0.124242E+04   0.114891E+04   0.228625E+07   0.273532E+07   0.275650E+07   0.273532E+07  -0.276638E+00   0.269767E+07   0.269558E+07   0.311919E+02
   0.290334E-01   0.253670E+07   0.249398E+07   0.974217E+03   0.863657E+03   0.204774E+07   0.250809E+07   0.252980E+07   0.250809E+07  -0.253656E+00   0.247426E+07   0.247217E+07   0.281846E+02
   0.320561E-01   0.231223E+07   0.226750E+07   0.654186E+03   0.644503E+03   0.181877E+07   0.228310E+07   0.230500E+07   0.228310E+07  -0.230903E+00   0.225299E+07   0.225094E+07   0.250659E+02
   0.353936E-01   0.209605E+07   0.205070E+07   0.542930E+03   0.478279E+03   0.160284E+07   0.206684E+07   0.208872E+07   0.206684E+07  -0.209031E+00   0.204025E+07   0.203828E+07   0.217996E+02
   0.390784E-01   0.189347E+07   0.184927E+07   0.385944E+03   0.353681E+03   0.140400E+07   0.186460E+07   0.188633E+07   0.186460E+07  -0.188577E+00   0.184127E+07   0.183944E+07   0.183931E+02
   0.431470E-01   0.171051E+07   0.166950E+07   0.278209E+03   0.261562E+03   0.122636E+07   0.168238E+07   0.170388E+07   0.168238E+07  -0.170148E+00   0.166195E+07   0.166031E+07   0.149225E+02
   0.474616E-01   0.155568E+07   0.151961E+07   0.208630E+03   0.196242E+03   0.107691E+07   0.152855E+07   0.154985E+07   0.152855E+07  -0.154590E+00   0.151057E+07   0.150916E+07   0.116577E+02
   0.517763E-01   0.143451E+07   0.140421E+07   0.161420E+03   0.151824E+03   0.959637E+06   0.140845E+07   0.142962E+07   0.140845E+07  -0.142444E+00   0.139240E+07   0.139123E+07   0.890616E+01
   0.560910E-01   0.133661E+07   0.131204E+07   0.127991E+03   0.120374E+03   0.864529E+06   0.131155E+07   0.133263E+07   0.131155E+07  -0.132644E+00   0.129707E+07   0.129611E+07   0.671451E+01
   0.604057E-01   0.125401E+07   0.123445E+07   0.103416E+03   0.972544E+02   0.784598E+06   0.122985E+07   0.125085E+07   0.122985E+07  -0.124381E+00   0.121670E+07   0.121591E+07   0.508498E+01
   0.647204E-01   0.118104E+07   0.116529E+07   0.847411E+02   0.796867E+02   0.715138E+06   0.115762E+07   0.117849E+07   0.115762E+07  -0.117076E+00   0.114563E+07   0.114498E+07   0.397377E+01
   0.690351E-01   0.111256E+07   0.109921E+07   0.700685E+02   0.658850E+02   0.652237E+06   0.108976E+07   0.111040E+07   0.108976E+07  -0.110214E+00   0.107884E+07   0.107826E+07   0.329732E+01
   0.733498E-01   0.104538E+07   0.103304E+07   0.582346E+02   0.547544E+02   0.593501E+06   0.102312E+07   0.104338E+07   0.102312E+07  -0.103474E+00   0.101320E+07   0.101265E+07   0.294994E+01
   0.776645E-01   0.978450E+06   0.966000E+06   0.485409E+02   0.456373E+02   0.538144E+06   0.956697E+06   0.976438E+06   0.956697E+06  -0.967558E-01   0.947726E+06   0.947168E+06   0.281956E+01
   0.819792E-01   0.912588E+06   0.899286E+06   0.405644E+02   0.381358E+02   0.486419E+06   0.891341E+06   0.910439E+06   0.891341E+06  -0.901460E-01   0.883264E+06   0.882679E+06   0.280189E+01
   0.862939E-01   0.849556E+06   0.835104E+06   0.340214E+02   0.319828E+02   0.439001E+06   0.828835E+06   0.847221E+06   0.828835E+06  -0.838244E-01   0.821580E+06   0.820962E+06   0.281101E+01
   0.906086E-01   0.791084E+06   0.775596E+06   0.286853E+02   0.269651E+02   0.396477E+06   0.770921E+06   0.788581E+06   0.770921E+06  -0.779672E-01   0.764403E+06   0.763760E+06   0.278571E+01
   0.959689E-01   0.726772E+06   0.710617E+06   0.234455E+02   0.220382E+02   0.350936E+06   0.707351E+06   0.724161E+06   0.707351E+06  -0.715381E-01   0.701620E+06   0.700971E+06   0.265729E+01
   0.101329E+00   0.673237E+06   0.657381E+06   0.194492E+02   0.182807E+02   0.313481E+06   0.654587E+06   0.670675E+06   0.654587E+06  -0.662018E-01   0.649500E+06   0.648877E+06   0.241248E+01
   0.106690E+00   0.630840E+06   0.616223E+06   0.164179E+02   0.154306E+02   0.283519E+06   0.612941E+06   0.628478E+06   0.612941E+06  -0.619899E-01   0.608365E+06   0.607799E+06   0.208271E+01
   0.112050E+00   0.598001E+06   0.585276E+06   0.140963E+02   0.132478E+02   0.259642E+06   0.580797E+06   0.595944E+06   0.580797E+06  -0.587391E-01   0.576628E+06   0.576136E+06   0.172155E+01
   0.117410E+00   0.571582E+06   0.560970E+06   0.122620E+02   0.115233E+02   0.239928E+06   0.555007E+06   0.569867E+06   0.555007E+06  -0.561308E-01   0.551172E+06   0.550758E+06   0.138426E+01
   0.122770E+00   0.548177E+06   0.539461E+06   0.107478E+02   0.100997E+02   0.222597E+06   0.532168E+06   0.546768E+06   0.532168E+06  -0.538209E-01   0.528629E+06   0.528281E+06   0.111276E+01
   0.128131E+00   0.525170E+06   0.517817E+06   0.944565E+01   0.887562E+01   0.206391E+06   0.509678E+06   0.523982E+06   0.509678E+06  -0.515464E-01   0.506417E+06   0.506114E+06   0.927701E+00
   0.133491E+00   0.501107E+06   0.494444E+06   0.829562E+01   0.779461E+01   0.190663E+06   0.486097E+06   0.500030E+06   0.486097E+06  -0.491615E-01   0.483108E+06   0.482827E+06   0.827552E+00
   0.138851E+00   0.475663E+06   0.469066E+06   0.726990E+01   0.683054E+01   0.175281E+06   0.461116E+06   0.474597E+06   0.461116E+06  -0.466350E-01   0.458394E+06   0.458114E+06   0.793389E+00
   0.144212E+00   0.449410E+06   0.442451E+06   0.635945E+01   0.597485E+01   0.160446E+06   0.435321E+06   0.448285E+06   0.435321E+06  -0.440263E-01   0.432858E+06   0.432565E+06   0.797040E+00
   0.149572E+00   0.423464E+06   0.415978E+06   0.556309E+01   0.522644E+01   0.146532E+06   0.409835E+06   0.422254E+06   0.409835E+06  -0.414488E-01   0.407613E+06   0.407304E+06   0.809758E+00
   0.154932E+00   0.399143E+06   0.391224E+06   0.488076E+01   0.458523E+01   0.133936E+06   0.385976E+06   0.397863E+06   0.385976E+06  -0.390357E-01   0.383970E+06   0.383650E+06   0.809167E+00
   0.160293E+00   0.377652E+06   0.369577E+06   0.430939E+01   0.404830E+01   0.122957E+06   0.364935E+06   0.376347E+06   0.364935E+06  -0.369077E-01   0.363116E+06   0.362796E+06   0.783093E+00
   0.165653E+00   0.359674E+06   0.351798E+06   0.383940E+01   0.360665E+01   0.113696E+06   0.347380E+06   0.358401E+06   0.347380E+06  -0.351323E-01   0.345718E+06   0.345410E+06   0.730006E+00
   0.171013E+00   0.345084E+06   0.337729E+06   0.345396E+01   0.324445E+01   0.105975E+06   0.333179E+06   0.343895E+06   0.333179E+06  -0.336962E-01   0.331647E+06   0.331361E+06   0.656780E+00
   0.176373E+00   0.333103E+06   0.326478E+06   0.313285E+01   0.294272E+01   0.994376E+05   0.321556E+06   0.332032E+06   0.321556E+06  -0.325206E-01   0.320133E+06   0.319875E+06   0.575014E+00
   0.181734E+00   0.322738E+06   0.316896E+06   0.285775E+01   0.268422E+01   0.936973E+05   0.311520E+06   0.321794E+06   0.311520E+06  -0.315057E-01   0.310194E+06   0.309964E+06   0.497058E+00
   0.187094E+00   0.313062E+06   0.307910E+06   0.261442E+01   0.245557E+01   0.884254E+05   0.302150E+06   0.312230E+06   0.302150E+06  -0.305580E-01   0.300911E+06   0.300705E+06   0.432670E+00
   0.192454E+00   0.303287E+06   0.298627E+06   0.239249E+01   0.224706E+01   0.833691E+05   0.292663E+06   0.302534E+06   0.292663E+06  -0.295985E-01   0.291510E+06   0.291320E+06   0.386987E+00
   0.197815E+00   0.292885E+06   0.288481E+06   0.218561E+01   0.205269E+01   0.783735E+05   0.282544E+06   0.292173E+06   0.282544E+06  -0.285751E-01   0.281475E+06   0.281293E+06   0.360134E+00
   0.203175E+00   0.281779E+06   0.277416E+06   0.199183E+01   0.187064E+01   0.734187E+05   0.271721E+06   0.281074E+06   0.271721E+06  -0.274806E-01   0.270735E+06   0.270555E+06   0.348212E+00
   0.208535E+00   0.270318E+06   0.265852E+06   0.181242E+01   0.170210E+01   0.685994E+05   0.260543E+06   0.269596E+06   0.260543E+06  -0.263501E-01   0.259638E+06   0.259455E+06   0.345041E+00
   0.213896E+00   0.259027E+06   0.254407E+06   0.164942E+01   0.154898E+01   0.640431E+05   0.249532E+06   0.258280E+06   0.249532E+06  -0.252364E-01   0.248702E+06   0.248515E+06   0.344058E+00
   0.219256E+00   0.248382E+06   0.243645E+06   0.150408E+01   0.141245E+01   0.598530E+05   0.239160E+06   0.247617E+06   0.239160E+06  -0.241875E-01   0.238399E+06   0.238209E+06   0.339932E+00
   0.224616E+00   0.238742E+06   0.233986E+06   0.137658E+01   0.129269E+01   0.560929E+05   0.229782E+06   0.237974E+06   0.229782E+06  -0.232390E-01   0.229082E+06   0.228894E+06   0.329596E+00
   0.229977E+00   0.230313E+06   0.225663E+06   0.126607E+01   0.118889E+01   0.527825E+05   0.221599E+06   0.229562E+06   0.221599E+06  -0.224115E-01   0.220953E+06   0.220770E+06   0.312509E+00
   0.235337E+00   0.223087E+06   0.218656E+06   0.117060E+01   0.109921E+01   0.498911E+05   0.214602E+06   0.222371E+06   0.214602E+06  -0.217039E-01   0.214002E+06   0.213828E+06   0.290236E+00
   0.240697E+00   0.216840E+06   0.212701E+06   0.108732E+01   0.102099E+01   0.473403E+05   0.208567E+06   0.216171E+06   0.208567E+06  -0.210934E-01   0.208007E+06   0.207844E+06   0.265587E+00
   0.246057E+00   0.211223E+06   0.207397E+06   0.101321E+01   0.951372E+00   0.450320E+05   0.203147E+06   0.210604E+06   0.203147E+06  -0.205453E-01   0.202624E+06   0.202473E+06   0.241658E+00
   0.251418E+00   0.205879E+06   0.202335E+06   0.945634E+00   0.887901E+00   0.428754E+05   0.197990E+06   0.205306E+06   0.197990E+06  -0.200238E-01   0.197502E+06   0.197360E+06   0.220997E+00
   0.256778E+00   0.200520E+06   0.197190E+06   0.882675E+00   0.828769E+00   0.408012E+05   0.192813E+06   0.199982E+06   0.192813E+06  -0.195001E-01   0.192357E+06   0.192223E+06   0.205074E+00
   0.262138E+00   0.194978E+06   0.191779E+06   0.823216E+00   0.772925E+00   0.387716E+05   0.187449E+06   0.194461E+06   0.187449E+06  -0.189577E-01   0.187026E+06   0.186896E+06   0.194115E+00
   0.267499E+00   0.189231E+06   0.186087E+06   0.766909E+00   0.720044E+00   0.367811E+05   0.181879E+06   0.188723E+06   0.181879E+06  -0.183944E-01   0.181487E+06   0.181360E+06   0.187278E+00
   0.272859E+00   0.183386E+06   0.180243E+06   0.713957E+00   0.670315E+00   0.348495E+05   0.176211E+06   0.182878E+06   0.176211E+06  -0.178211E-01   0.175849E+06   0.175722E+06   0.183050E+00
   0.278219E+00   0.177613E+06   0.174450E+06   0.664760E+00   0.624115E+00   0.330072E+05   0.170612E+06   0.177102E+06   0.170612E+06  -0.172549E-01   0.170278E+06   0.170151E+06   0.179736E+00
   0.283580E+00   0.172086E+06   0.168910E+06   0.619653E+00   0.581756E+00   0.312821E+05   0.165254E+06   0.171572E+06   0.165254E+06  -0.167130E-01   0.164947E+06   0.164820E+06   0.175894E+00
   0.288940E+00   0.166943E+06   0.163787E+06   0.578785E+00   0.543378E+00   0.296933E+05   0.160275E+06   0.166433E+06   0.160275E+06  -0.162094E-01   0.159991E+06   0.159866E+06   0.170618E+00
   0.294300E+00   0.162267E+06   0.159171E+06   0.542062E+00   0.508892E+00   0.282479E+05   0.155753E+06   0.161767E+06   0.155753E+06  -0.157521E-01   0.155492E+06   0.155369E+06   0.163650E+00
   0.299661E+00   0.158059E+06   0.155063E+06   0.509122E+00   0.477960E+00   0.269379E+05   0.151691E+06   0.157575E+06   0.151691E+06  -0.153413E-01   0.151449E+06   0.151330E+06   0.155298E+00
   0.305021E+00   0.154245E+06   0.151376E+06   0.479402E+00   0.450052E+00   0.257434E+05   0.148015E+06   0.153782E+06   0.148015E+06  -0.149695E-01   0.147790E+06   0.147677E+06   0.146247E+00
   0.310381E+00   0.150710E+06   0.147977E+06   0.452269E+00   0.424573E+00   0.246385E+05   0.144610E+06   0.150269E+06   0.144610E+06  -0.146252E-01   0.144402E+06   0.144293E+06   0.137315E+00
   0.315741E+00   0.147332E+06   0.144726E+06   0.427147E+00   0.400984E+00   0.235982E+05   0.141357E+06   0.146911E+06   0.141357E+06  -0.142961E-01   0.141164E+06   0.141060E+06   0.129219E+00
   0.321102E+00   0.144007E+06   0.141507E+06   0.403587E+00   0.378861E+00   0.226030E+05   0.138153E+06   0.143603E+06   0.138153E+06  -0.139721E-01   0.137974E+06   0.137874E+06   0.122418E+00
   0.326462E+00   0.140668E+06   0.138245E+06   0.381288E+00   0.357923E+00   0.216400E+05   0.134933E+06   0.140277E+06   0.134933E+06  -0.136465E-01   0.134768E+06   0.134671E+06   0.117043E+00
   0.331822E+00   0.137295E+06   0.134921E+06   0.360112E+00   0.338040E+00   0.207048E+05   0.131677E+06   0.136911E+06   0.131677E+06  -0.133172E-01   0.131526E+06   0.131430E+06   0.112929E+00
   0.337183E+00   0.133912E+06   0.131567E+06   0.340055E+00   0.319208E+00   0.198004E+05   0.128411E+06   0.133533E+06   0.128411E+06  -0.129868E-01   0.128272E+06   0.128178E+06   0.109704E+00
   0.342543E+00   0.130576E+06   0.128250E+06   0.321184E+00   0.301491E+00   0.189337E+05   0.125189E+06   0.130200E+06   0.125189E+06  -0.126610E-01   0.125062E+06   0.124969E+06   0.106915E+00
   0.347903E+00   0.127349E+06   0.125040E+06   0.303572E+00   0.284955E+00   0.181121E+05   0.122073E+06   0.126976E+06   0.122073E+06  -0.123458E-01   0.121957E+06   0.121865E+06   0.104145E+00
   0.353264E+00   0.124280E+06   0.121997E+06   0.287249E+00   0.269630E+00   0.173407E+05   0.119111E+06   0.123911E+06   0.119111E+06  -0.120463E-01   0.119006E+06   0.118915E+06   0.101104E+00
   0.358624E+00   0.121398E+06   0.119155E+06   0.272192E+00   0.255493E+00   0.166212E+05   0.116333E+06   0.121036E+06   0.116333E+06  -0.117653E-01   0.116237E+06   0.116148E+06   0.976714E-01
   0.363984E+00   0.118709E+06   0.116519E+06   0.258321E+00   0.242471E+00   0.159518E+05   0.113743E+06   0.118355E+06   0.113743E+06  -0.115034E-01   0.113657E+06   0.113570E+06   0.938886E-01
   0.369344E+00   0.116195E+06   0.114066E+06   0.245512E+00   0.230445E+00   0.153276E+05   0.111323E+06   0.115851E+06   0.111323E+06  -0.112587E-01   0.111245E+06   0.111160E+06   0.899153E-01
   0.374705E+00   0.113818E+06   0.111756E+06   0.233614E+00   0.219274E+00   0.147414E+05   0.109037E+06   0.113484E+06   0.109037E+06  -0.110275E-01   0.108966E+06   0.108884E+06   0.859652E-01
   0.380065E+00   0.111535E+06   0.109538E+06   0.222477E+00   0.208818E+00   0.141861E+05   0.106842E+06   0.111212E+06   0.106842E+06  -0.108055E-01   0.106779E+06   0.106699E+06   0.822435E-01
   0.385425E+00   0.109310E+06   0.107371E+06   0.211977E+00   0.198961E+00   0.136554E+05   0.104703E+06   0.108997E+06   0.104703E+06  -0.105891E-01   0.104646E+06   0.104569E+06   0.788978E-01
   0.390786E+00   0.107117E+06   0.105225E+06   0.202025E+00   0.189618E+00   0.131451E+05   0.102592E+06   0.106811E+06   0.102592E+06  -0.103757E-01   0.102542E+06   0.102467E+06   0.759917E-01
   0.396146E+00   0.104942E+06   0.103089E+06   0.192564E+00   0.180736E+00   0.126526E+05   0.100499E+06   0.104642E+06   0.100499E+06  -0.101640E-01   0.100455E+06   0.100381E+06   0.735023E-01
   0.401506E+00   0.102787E+06   0.100964E+06   0.183568E+00   0.172291E+00   0.121776E+05   0.984245E+05   0.102492E+06   0.984245E+05  -0.995418E-02   0.983863E+05   0.983134E+05   0.713409E-01
   0.406867E+00   0.100666E+06   0.988677E+05   0.175036E+00   0.164282E+00   0.117210E+05   0.963821E+05   0.100375E+06   0.963821E+05  -0.974763E-02   0.963495E+05   0.962776E+05   0.693859E-01
   0.412227E+00   0.985999E+05   0.968251E+05   0.166979E+00   0.156719E+00   0.112845E+05   0.943933E+05   0.983130E+05   0.943933E+05  -0.954648E-02   0.943659E+05   0.942950E+05   0.675161E-01
   0.417587E+00   0.966081E+05   0.948580E+05   0.159401E+00   0.149605E+00   0.108696E+05   0.924763E+05   0.963252E+05   0.924763E+05  -0.935261E-02   0.924538E+05   0.923840E+05   0.656368E-01
   0.422948E+00   0.947000E+05   0.929781E+05   0.152288E+00   0.142928E+00   0.104765E+05   0.906408E+05   0.944217E+05   0.906408E+05  -0.916697E-02   0.906228E+05   0.905542E+05   0.636957E-01
   0.428308E+00   0.928773E+05   0.911875E+05   0.145616E+00   0.136665E+00   0.101043E+05   0.888884E+05   0.926042E+05   0.888884E+05  -0.898975E-02   0.888747E+05   0.888074E+05   0.616861E-01
   0.433668E+00   0.911370E+05   0.894826E+05   0.139355E+00   0.130787E+00   0.975192E+04   0.872161E+05   0.908696E+05   0.872161E+05  -0.882062E-02   0.872064E+05   0.871405E+05   0.596400E-01
   0.439028E+00   0.894706E+05   0.878533E+05   0.133466E+00   0.125259E+00   0.941758E+04   0.856154E+05   0.892092E+05   0.856154E+05  -0.865873E-02   0.856094E+05   0.855450E+05   0.576113E-01
   0.444389E+00   0.878637E+05   0.862834E+05   0.127907E+00   0.120042E+00   0.909902E+04   0.840723E+05   0.876083E+05   0.840723E+05  -0.850267E-02   0.840698E+05   0.840068E+05   0.556575E-01
   0.449749E+00   0.863006E+05   0.847551E+05   0.122637E+00   0.115095E+00   0.879397E+04   0.825712E+05   0.860508E+05   0.825712E+05  -0.835085E-02   0.825720E+05   0.825104E+05   0.538244E-01
   0.455109E+00   0.847699E+05   0.832560E+05   0.117624E+00   0.110389E+00   0.850070E+04   0.811011E+05   0.845252E+05   0.811011E+05  -0.820217E-02   0.811050E+05   0.810446E+05   0.521373E-01
   0.460470E+00   0.832665E+05   0.817808E+05   0.112847E+00   0.105905E+00   0.821831E+04   0.796571E+05   0.830264E+05   0.796571E+05  -0.805613E-02   0.796640E+05   0.796046E+05   0.505987E-01
   0.465830E+00   0.817898E+05   0.803288E+05   0.108293E+00   0.101631E+00   0.794629E+04   0.782384E+05   0.815537E+05   0.782384E+05  -0.791266E-02   0.782481E+05   0.781898E+05   0.491901E-01
   0.471190E+00   0.803411E+05   0.789024E+05   0.103953E+00   0.975566E-01   0.768441E+04   0.768466E+05   0.801086E+05   0.768466E+05  -0.777190E-02   0.768590E+05   0.768015E+05   0.478801E-01
   0.476551E+00   0.789244E+05   0.775066E+05   0.998204E-01   0.936778E-01   0.743271E+04   0.754856E+05   0.786952E+05   0.754856E+05  -0.763425E-02   0.755004E+05   0.754438E+05   0.466327E-01
   0.481911E+00   0.775454E+05   0.761483E+05   0.958927E-01   0.899911E-01   0.719133E+04   0.741611E+05   0.773196E+05   0.741611E+05  -0.750029E-02   0.741782E+05   0.741225E+05   0.454171E-01
   0.487271E+00   0.762096E+05   0.748337E+05   0.921658E-01   0.864930E-01   0.696041E+04   0.728783E+05   0.759872E+05   0.728783E+05  -0.737056E-02   0.728976E+05   0.728428E+05   0.442129E-01
   0.492631E+00   0.749190E+05   0.735653E+05   0.886322E-01   0.831764E-01   0.673975E+04   0.716393E+05   0.747002E+05   0.716393E+05  -0.724526E-02   0.716608E+05   0.716068E+05   0.430123E-01
   0.497992E+00   0.736721E+05   0.723415E+05   0.852801E-01   0.800301E-01   0.652881E+04   0.704427E+05   0.734571E+05   0.704427E+05  -0.712423E-02   0.704660E+05   0.704130E+05   0.418184E-01
   0.503352E+00   0.724650E+05   0.711580E+05   0.820958E-01   0.770413E-01   0.632691E+04   0.692844E+05   0.722538E+05   0.692844E+05  -0.700709E-02   0.693096E+05   0.692575E+05   0.406423E-01
   0.508712E+00   0.712932E+05   0.700098E+05   0.790659E-01   0.741976E-01   0.613330E+04   0.681604E+05   0.710858E+05   0.681604E+05  -0.689341E-02   0.681872E+05   0.681361E+05   0.394989E-01
   0.514073E+00   0.701530E+05   0.688924E+05   0.761786E-01   0.714876E-01   0.594736E+04   0.670666E+05   0.699492E+05   0.670666E+05  -0.678279E-02   0.670951E+05   0.670448E+05   0.384021E-01
   0.519433E+00   0.690402E+05   0.678014E+05   0.734227E-01   0.689010E-01   0.576849E+04   0.659993E+05   0.688400E+05   0.659993E+05  -0.667485E-02   0.660293E+05   0.659799E+05   0.373614E-01
   0.524793E+00   0.679510E+05   0.667327E+05   0.707877E-01   0.664279E-01   0.559606E+04   0.649545E+05   0.677541E+05   0.649545E+05  -0.656919E-02   0.649860E+05   0.649373E+05   0.363792E-01
   0.530154E+00   0.668828E+05   0.656835E+05   0.682654E-01   0.640606E-01   0.542969E+04   0.639299E+05   0.666890E+05   0.639299E+05  -0.646556E-02   0.639626E+05   0.639148E+05   0.354525E-01
   0.535514E+00   0.658357E+05   0.646543E+05   0.658507E-01   0.617943E-01   0.526916E+04   0.629254E+05   0.656448E+05   0.629254E+05  -0.636398E-02   0.629595E+05   0.629123E+05   0.345734E-01
   0.540874E+00   0.648115E+05   0.636472E+05   0.635407E-01   0.596263E-01   0.511443E+04   0.619431E+05   0.646234E+05   0.619431E+05  -0.626463E-02   0.619783E+05   0.619318E+05   0.337323E-01
   0.546235E+00   0.638118E+05   0.626641E+05   0.613321E-01   0.575534E-01   0.496542E+04   0.609842E+05   0.636263E+05   0.609842E+05  -0.616765E-02   0.610205E+05   0.609747E+05   0.329196E-01
   0.551595E+00   0.628368E+05   0.617055E+05   0.592206E-01   0.555717E-01   0.482196E+04   0.600492E+05   0.626539E+05   0.600492E+05  -0.607309E-02   0.600865E+05   0.600414E+05   0.321271E-01
   0.556955E+00   0.618865E+05   0.607717E+05   0.572019E-01   0.536771E-01   0.468387E+04   0.591381E+05   0.617064E+05   0.591381E+05  -0.598094E-02   0.591764E+05   0.591319E+05   0.313502E-01
   0.562315E+00   0.609615E+05   0.598632E+05   0.552722E-01   0.518661E-01   0.455100E+04   0.582513E+05   0.607840E+05   0.582513E+05  -0.589125E-02   0.582905E+05   0.582467E+05   0.305879E-01
   0.567676E+00   0.600615E+05   0.589798E+05   0.534275E-01   0.501348E-01   0.442316E+04   0.573886E+05   0.598867E+05   0.573886E+05  -0.580401E-02   0.574287E+05   0.573855E+05   0.298418E-01
   0.573036E+00   0.591848E+05   0.581195E+05   0.516625E-01   0.484783E-01   0.430007E+04   0.565484E+05   0.590126E+05   0.565484E+05  -0.571903E-02   0.565892E+05   0.565467E+05   0.291150E-01
   0.578396E+00   0.583287E+05   0.572796E+05   0.499713E-01   0.468912E-01   0.418136E+04   0.557280E+05   0.581592E+05   0.557280E+05  -0.563606E-02   0.557696E+05   0.557277E+05   0.284110E-01
   0.629654E+00   0.510081E+05   0.500902E+05   0.368447E-01   0.345722E-01   0.323064E+04   0.487146E+05   0.508598E+05   0.487146E+05  -0.492676E-02   0.487610E+05   0.487243E+05   0.228409E-01
   0.769061E+00   0.370649E+05   0.363983E+05   0.179179E-01   0.168114E-01   0.173695E+04   0.353708E+05   0.369571E+05   0.353708E+05  -0.357724E-02   0.354190E+05   0.353924E+05   0.135952E-01
   0.939334E+00   0.268037E+05   0.263217E+05   0.867494E-02   0.813873E-02   0.917760E+03   0.255634E+05   0.267258E+05   0.255634E+05  -0.258536E-02   0.256064E+05   0.255871E+05   0.806305E-02
   0.114731E+01   0.193012E+05   0.189540E+05   0.418341E-02   0.392464E-02   0.477223E+03   0.183998E+05   0.192451E+05   0.183998E+05  -0.186086E-02   0.184352E+05   0.184212E+05   0.476691E-02
   0.140132E+01   0.138446E+05   0.135956E+05   0.201005E-02   0.188565E-02   0.244466E+03   0.131936E+05   0.138044E+05   0.131936E+05  -0.133434E-02   0.132214E+05   0.132114E+05   0.281153E-02
   0.171158E+01   0.989489E+04   0.971691E+04   0.962491E-03   0.902899E-03   0.123489E+03   0.942732E+04   0.986613E+04   0.942732E+04  -0.953434E-03   0.944845E+04   0.944123E+04   0.165593E-02
   0.209053E+01   0.704892E+04   0.692211E+04   0.459439E-03   0.430985E-03   0.615771E+02   0.671464E+04   0.702842E+04   0.671464E+04  -0.679086E-03   0.673035E+04   0.672515E+04   0.975300E-03
   0.255338E+01   0.500614E+04   0.491606E+04   0.218661E-03   0.205117E-03   0.303438E+02   0.476813E+04   0.499158E+04   0.476813E+04  -0.482226E-03   0.477962E+04   0.477588E+04   0.575387E-03
   0.311870E+01   0.354533E+04   0.348150E+04   0.103782E-03   0.973528E-04   0.147961E+02   0.337646E+04   0.353501E+04   0.337646E+04  -0.341479E-03   0.338477E+04   0.338207E+04   0.340823E-03
   0.380919E+01   0.250450E+04   0.245938E+04   0.491372E-04   0.460927E-04   0.714999E+01   0.238505E+04   0.249721E+04   0.238505E+04  -0.241213E-03   0.239101E+04   0.238904E+04   0.203353E-03
   0.465255E+01   0.176512E+04   0.173329E+04   0.232115E-04   0.217733E-04   0.342887E+01   0.168086E+04   0.175998E+04   0.168086E+04  -0.169994E-03   0.168510E+04   0.168365E+04   0.122713E-03
   0.568264E+01   0.124125E+04   0.121883E+04   0.109404E-04   0.102626E-04   0.163389E+01   0.118195E+04   0.123762E+04   0.118195E+04  -0.119537E-03   0.118496E+04   0.118387E+04   0.752698E-04
   0.694079E+01   0.871109E+03   0.855337E+03   0.514640E-05   0.482754E-05   0.774564E+00   0.829476E+03   0.868560E+03   0.829476E+03  -0.838892E-04   0.831598E+03   0.830764E+03   0.472110E-04
   0.847750E+01   0.610193E+03   0.599104E+03   0.241632E-05   0.226662E-05   0.365650E+00   0.581015E+03   0.608401E+03   0.581015E+03  -0.587611E-04   0.582510E+03   0.581852E+03   0.304664E-04
   0.103544E+02   0.426681E+03   0.418884E+03   0.113252E-05   0.106236E-05   0.172025E+00   0.406268E+03   0.425421E+03   0.406268E+03  -0.410880E-04   0.407319E+03   0.406782E+03   0.203384E-04
   0.126469E+02   0.297872E+03   0.292384E+03   0.529929E-06   0.497109E-06   0.807040E-01   0.283612E+03   0.296985E+03   0.283612E+03  -0.286832E-04   0.284351E+03   0.283897E+03   0.140942E-04
   0.154470E+02   0.207631E+03   0.203759E+03   0.247580E-06   0.232251E-06   0.377725E-01   0.197684E+03   0.207005E+03   0.197684E+03  -0.199928E-04   0.198203E+03   0.197803E+03   0.101456E-04
   0.188670E+02   0.144522E+03   0.141779E+03   0.115497E-06   0.108350E-06   0.176437E-01   0.137590E+03   0.144079E+03   0.137590E+03  -0.139152E-04   0.137956E+03   0.137592E+03   0.756821E-05
   0.230442E+02   0.100459E+03   0.985018E+02   0.538032E-07   0.504761E-07   0.822683E-02   0.956329E+02   0.100143E+03   0.956329E+02  -0.967185E-05   0.958913E+02   0.955495E+02   0.582299E-05
   0.281463E+02   0.697412E+02   0.683301E+02   0.250289E-07   0.234829E-07   0.383003E-02   0.663825E+02   0.695131E+02   0.663825E+02  -0.671360E-05   0.665662E+02   0.662369E+02   0.459384E-05
   0.343780E+02   0.483560E+02   0.473237E+02   0.116269E-07   0.109099E-07   0.178041E-02   0.460189E+02   0.481892E+02   0.460189E+02  -0.465412E-05   0.461507E+02   0.458273E+02   0.369386E-05
   0.419893E+02   0.334883E+02   0.327178E+02   0.539341E-08   0.506164E-08   0.826488E-03   0.318611E+02   0.333638E+02   0.318611E+02  -0.322228E-05   0.319571E+02   0.316350E+02   0.301118E-05
   0.512859E+02   0.231644E+02   0.225742E+02   0.249797E-08   0.234487E-08   0.383135E-03   0.220300E+02   0.230690E+02   0.220300E+02  -0.222801E-05   0.221011E+02   0.217775E+02   0.247749E-05
   0.626408E+02   0.160040E+02   0.155374E+02   0.115492E-08   0.108453E-08   0.177355E-03   0.152111E+02   0.159286E+02   0.152111E+02  -0.153838E-05   0.152651E+02   0.149381E+02   0.205001E-05
   0.765096E+02   0.110430E+02   0.106608E+02   0.532867E-09   0.500655E-09   0.819679E-04   0.104866E+02   0.109812E+02   0.104866E+02  -0.106057E-05   0.105289E+02   0.101974E+02   0.170105E-05
   0.934490E+02   0.760931E+01   0.728464E+01   0.245227E-09   0.230586E-09   0.378150E-04   0.721648E+01   0.755684E+01   0.721648E+01  -0.729840E-06   0.725066E+01   0.691458E+01   0.141197E-05
   0.114139E+03   0.523505E+01   0.494946E+01   0.112478E-09   0.105887E-09   0.174068E-04   0.495519E+01   0.518889E+01   0.495519E+01  -0.501144E-06   0.498384E+01   0.464378E+01   0.116968E-05
