#          k/h    CDM            baryon         photon         nu             mass_nu        total          no_nu          total_de       Weyl           v_CDM          v_b            v_b-v_c     
   0.105163E-04   0.100269E+07   0.100269E+07   0.133689E+07   0.133689E+07   0.100304E+07   0.100271E+07   0.100269E+07   0.101108E+07  -0.601294E+00   0.100074E+07   0.100074E+07   0.114375E+00
   0.116112E-04   0.100269E+07   0.100269E+07   0.133689E+07   0.133689E+07   0.100304E+07   0.100271E+07   0.100269E+07   0.101108E+07  -0.601294E+00   0.100074E+07   0.100074E+07   0.126283E+00
   0.128200E-04   0.100269E+07   0.100269E+07   0.133688E+07   0.133688E+07   0.100304E+07   0.100271E+07   0.100269E+07   0.101108E+07  -0.601294E+00   0.100074E+07   0.100074E+07   0.139430E+00
   0.141547E-04   0.100269E+07   0.100269E+07   0.133687E+07   0.133687E+07   0.100304E+07   0.100271E+07   0.100269E+07   0.101108E+07  -0.601294E+00   0.100074E+07   0.100074E+07   0.153946E+00
   0.156284E-04   0.100269E+07   0.100269E+07   0.133686E+07   0.133686E+07   0.100304E+07   0.100271E+07   0.100269E+07   0.101108E+07  -0.601294E+00   0.100074E+07   0.100074E+07   0.169974E+00
   0.172555E-04   0.100269E+07   0.100269E+07   0.133684E+07   0.133684E+07   0.100304E+07   0.100271E+07   0.100269E+07   0.101108E+07  -0.601293E+00   0.100074E+07   0.100074E+07   0.187670E+00
   0.190520E-04   0.100269E+07   0.100269E+07   0.133682E+07   0.133682E+07   0.100304E+07   0.100271E+07   0.100269E+07   0.101108E+07  -0.601293E+00   0.100074E+07   0.100074E+07   0.207208E+00
   0.210355E-04   0.100269E+07   0.100269E+07   0.133680E+07   0.133680E+07   0.100304E+07   0.100271E+07   0.100269E+07   0.101108E+07  -0.601293E+00   0.100074E+07   0.100074E+07   0.228781E+00
   0.232256E-04   0.100269E+07   0.100269E+07   0.133678E+07   0.133677E+07   0.100304E+07   0.100271E+07   0.100269E+07   0.101108E+07  -0.601292E+00   0.100074E+07   0.100074E+07   0.252599E+00
   0.256436E-04   0.100269E+07   0.100269E+07   0.133674E+07   0.133674E+07   0.100304E+07   0.100271E+07   0.100269E+07   0.101107E+07  -0.601292E+00   0.100074E+07   0.100074E+07   0.278897E+00
   0.283134E-04   0.100269E+07   0.100269E+07   0.133670E+07   0.133670E+07   0.100304E+07   0.100270E+07   0.100269E+07   0.101107E+07  -0.601291E+00   0.100074E+07   0.100074E+07   0.307933E+00
   0.312612E-04   0.100269E+07   0.100269E+07   0.133666E+07   0.133665E+07   0.100303E+07   0.100270E+07   0.100269E+07   0.101107E+07  -0.601291E+00   0.100074E+07   0.100074E+07   0.339991E+00
   0.345158E-04   0.100269E+07   0.100269E+07   0.133660E+07   0.133659E+07   0.100303E+07   0.100270E+07   0.100269E+07   0.101107E+07  -0.601290E+00   0.100074E+07   0.100074E+07   0.375387E+00
   0.381093E-04   0.100269E+07   0.100269E+07   0.133653E+07   0.133652E+07   0.100303E+07   0.100270E+07   0.100269E+07   0.101107E+07  -0.601289E+00   0.100074E+07   0.100074E+07   0.414468E+00
   0.420769E-04   0.100268E+07   0.100268E+07   0.133644E+07   0.133643E+07   0.100303E+07   0.100270E+07   0.100268E+07   0.101107E+07  -0.601287E+00   0.100074E+07   0.100074E+07   0.457617E+00
   0.464576E-04   0.100268E+07   0.100268E+07   0.133633E+07   0.133632E+07   0.100303E+07   0.100270E+07   0.100268E+07   0.101106E+07  -0.601286E+00   0.100073E+07   0.100073E+07   0.505257E+00
   0.512944E-04   0.100268E+07   0.100268E+07   0.133620E+07   0.133618E+07   0.100302E+07   0.100270E+07   0.100268E+07   0.101106E+07  -0.601284E+00   0.100073E+07   0.100073E+07   0.557857E+00
   0.566347E-04   0.100268E+07   0.100268E+07   0.133605E+07   0.133602E+07   0.100302E+07   0.100269E+07   0.100268E+07   0.101106E+07  -0.601282E+00   0.100073E+07   0.100073E+07   0.615931E+00
   0.625311E-04   0.100267E+07   0.100267E+07   0.133585E+07   0.133582E+07   0.100301E+07   0.100269E+07   0.100267E+07   0.101105E+07  -0.601279E+00   0.100073E+07   0.100073E+07   0.680050E+00
   0.690413E-04   0.100267E+07   0.100267E+07   0.133562E+07   0.133558E+07   0.100301E+07   0.100269E+07   0.100267E+07   0.101105E+07  -0.601275E+00   0.100072E+07   0.100072E+07   0.750841E+00
   0.762293E-04   0.100267E+07   0.100267E+07   0.133533E+07   0.133529E+07   0.100300E+07   0.100268E+07   0.100267E+07   0.101104E+07  -0.601271E+00   0.100072E+07   0.100072E+07   0.829001E+00
   0.841656E-04   0.100266E+07   0.100266E+07   0.133499E+07   0.133493E+07   0.100299E+07   0.100267E+07   0.100266E+07   0.101103E+07  -0.601266E+00   0.100071E+07   0.100071E+07   0.915293E+00
   0.929282E-04   0.100265E+07   0.100265E+07   0.133456E+07   0.133450E+07   0.100298E+07   0.100267E+07   0.100265E+07   0.101102E+07  -0.601259E+00   0.100070E+07   0.100070E+07   0.101056E+01
   0.102603E-03   0.100264E+07   0.100264E+07   0.133405E+07   0.133396E+07   0.100297E+07   0.100266E+07   0.100264E+07   0.101101E+07  -0.601252E+00   0.100070E+07   0.100070E+07   0.111574E+01
   0.113285E-03   0.100263E+07   0.100263E+07   0.133342E+07   0.133332E+07   0.100295E+07   0.100265E+07   0.100263E+07   0.101100E+07  -0.601242E+00   0.100068E+07   0.100068E+07   0.123187E+01
   0.125080E-03   0.100262E+07   0.100262E+07   0.133265E+07   0.133253E+07   0.100294E+07   0.100263E+07   0.100262E+07   0.101098E+07  -0.601231E+00   0.100067E+07   0.100067E+07   0.136006E+01
   0.138102E-03   0.100260E+07   0.100260E+07   0.133171E+07   0.133157E+07   0.100291E+07   0.100262E+07   0.100260E+07   0.101095E+07  -0.601216E+00   0.100066E+07   0.100066E+07   0.150159E+01
   0.152480E-03   0.100258E+07   0.100258E+07   0.133057E+07   0.133039E+07   0.100288E+07   0.100260E+07   0.100258E+07   0.101093E+07  -0.601199E+00   0.100064E+07   0.100064E+07   0.165782E+01
   0.168355E-03   0.100256E+07   0.100256E+07   0.132919E+07   0.132897E+07   0.100285E+07   0.100257E+07   0.100256E+07   0.101089E+07  -0.601179E+00   0.100061E+07   0.100061E+07   0.183029E+01
   0.185882E-03   0.100253E+07   0.100253E+07   0.132750E+07   0.132723E+07   0.100281E+07   0.100254E+07   0.100253E+07   0.101085E+07  -0.601153E+00   0.100058E+07   0.100058E+07   0.202067E+01
   0.205235E-03   0.100250E+07   0.100249E+07   0.132544E+07   0.132512E+07   0.100276E+07   0.100251E+07   0.100250E+07   0.101080E+07  -0.601122E+00   0.100055E+07   0.100055E+07   0.223080E+01
   0.226602E-03   0.100245E+07   0.100245E+07   0.132294E+07   0.132254E+07   0.100270E+07   0.100246E+07   0.100245E+07   0.101074E+07  -0.601084E+00   0.100051E+07   0.100050E+07   0.246273E+01
   0.250194E-03   0.100240E+07   0.100239E+07   0.131989E+07   0.131941E+07   0.100262E+07   0.100241E+07   0.100240E+07   0.101067E+07  -0.601039E+00   0.100045E+07   0.100045E+07   0.271870E+01
   0.276242E-03   0.100234E+07   0.100233E+07   0.131619E+07   0.131560E+07   0.100253E+07   0.100234E+07   0.100233E+07   0.101058E+07  -0.600983E+00   0.100039E+07   0.100039E+07   0.300117E+01
   0.305002E-03   0.100226E+07   0.100225E+07   0.131168E+07   0.131097E+07   0.100242E+07   0.100226E+07   0.100226E+07   0.101047E+07  -0.600914E+00   0.100031E+07   0.100031E+07   0.331284E+01
   0.336756E-03   0.100216E+07   0.100215E+07   0.130621E+07   0.130535E+07   0.100228E+07   0.100217E+07   0.100216E+07   0.101034E+07  -0.600832E+00   0.100022E+07   0.100022E+07   0.365670E+01
   0.371817E-03   0.100205E+07   0.100203E+07   0.129957E+07   0.129853E+07   0.100211E+07   0.100205E+07   0.100205E+07   0.101018E+07  -0.600731E+00   0.100010E+07   0.100010E+07   0.403599E+01
   0.410527E-03   0.100191E+07   0.100189E+07   0.129151E+07   0.129026E+07   0.100191E+07   0.100190E+07   0.100190E+07   0.100999E+07  -0.600608E+00   0.999961E+06   0.999960E+06   0.445429E+01
   0.453268E-03   0.100173E+07   0.100171E+07   0.128176E+07   0.128024E+07   0.100166E+07   0.100173E+07   0.100173E+07   0.100975E+07  -0.600458E+00   0.999791E+06   0.999788E+06   0.491549E+01
   0.500458E-03   0.100153E+07   0.100150E+07   0.126995E+07   0.126812E+07   0.100136E+07   0.100151E+07   0.100152E+07   0.100946E+07  -0.600277E+00   0.999583E+06   0.999580E+06   0.542383E+01
   0.552561E-03   0.100127E+07   0.100124E+07   0.125570E+07   0.125349E+07   0.100100E+07   0.100126E+07   0.100127E+07   0.100911E+07  -0.600056E+00   0.999329E+06   0.999326E+06   0.598393E+01
   0.610090E-03   0.100096E+07   0.100093E+07   0.123851E+07   0.123587E+07   0.100055E+07   0.100094E+07   0.100096E+07   0.100869E+07  -0.599789E+00   0.999021E+06   0.999017E+06   0.660079E+01
   0.673607E-03   0.100059E+07   0.100054E+07   0.121786E+07   0.121470E+07   0.100001E+07   0.100055E+07   0.100058E+07   0.100817E+07  -0.599464E+00   0.998646E+06   0.998641E+06   0.727979E+01
   0.743737E-03   0.100013E+07   0.100008E+07   0.119310E+07   0.118935E+07   0.999356E+06   0.100009E+07   0.100012E+07   0.100755E+07  -0.599071E+00   0.998191E+06   0.998184E+06   0.802671E+01
   0.821169E-03   0.999578E+06   0.999510E+06   0.116355E+07   0.115911E+07   0.998557E+06   0.999521E+06   0.999567E+06   0.100680E+07  -0.598595E+00   0.997638E+06   0.997630E+06   0.884770E+01
   0.906662E-03   0.998906E+06   0.998824E+06   0.112843E+07   0.112322E+07   0.997587E+06   0.998834E+06   0.998893E+06   0.100589E+07  -0.598021E+00   0.996966E+06   0.996956E+06   0.974927E+01
   0.100106E-02   0.998092E+06   0.997993E+06   0.108693E+07   0.108087E+07   0.996410E+06   0.998001E+06   0.998076E+06   0.100479E+07  -0.597329E+00   0.996151E+06   0.996140E+06   0.107382E+02
   0.110528E-02   0.997108E+06   0.996987E+06   0.103824E+07   0.103127E+07   0.994985E+06   0.996994E+06   0.997089E+06   0.100348E+07  -0.596497E+00   0.995164E+06   0.995150E+06   0.118217E+02
   0.122035E-02   0.995920E+06   0.995772E+06   0.981603E+06   0.973688E+06   0.993259E+06   0.995777E+06   0.995896E+06   0.100191E+07  -0.595500E+00   0.993970E+06   0.993954E+06   0.130067E+02
   0.134740E-02   0.994488E+06   0.994307E+06   0.916428E+06   0.907598E+06   0.991151E+06   0.994310E+06   0.994459E+06   0.100003E+07  -0.594309E+00   0.992528E+06   0.992508E+06   0.143006E+02
   0.148768E-02   0.992766E+06   0.992546E+06   0.842420E+06   0.832784E+06   0.988606E+06   0.992545E+06   0.992730E+06   0.997800E+06  -0.592891E+00   0.990790E+06   0.990765E+06   0.157103E+02
   0.164257E-02   0.990700E+06   0.990432E+06   0.759760E+06   0.749542E+06   0.985554E+06   0.990427E+06   0.990657E+06   0.995164E+06  -0.591212E+00   0.988699E+06   0.988669E+06   0.172426E+02
   0.181358E-02   0.988231E+06   0.987905E+06   0.669338E+06   0.658908E+06   0.981901E+06   0.987896E+06   0.988178E+06   0.992066E+06  -0.589236E+00   0.986192E+06   0.986156E+06   0.189037E+02
   0.200239E-02   0.985290E+06   0.984893E+06   0.572987E+06   0.562878E+06   0.977537E+06   0.984880E+06   0.985226E+06   0.988447E+06  -0.586925E+00   0.983198E+06   0.983154E+06   0.206992E+02
   0.221086E-02   0.981804E+06   0.981321E+06   0.473696E+06   0.464603E+06   0.972340E+06   0.981303E+06   0.981726E+06   0.984251E+06  -0.584241E+00   0.979634E+06   0.979581E+06   0.226341E+02
   0.244104E-02   0.977693E+06   0.977105E+06   0.375702E+06   0.368423E+06   0.966175E+06   0.977083E+06   0.977598E+06   0.979421E+06  -0.581151E+00   0.975415E+06   0.975351E+06   0.247124E+02
   0.269518E-02   0.972872E+06   0.972158E+06   0.284329E+06   0.279634E+06   0.958891E+06   0.972132E+06   0.972757E+06   0.973903E+06  -0.577623E+00   0.970447E+06   0.970370E+06   0.269383E+02
   0.297578E-02   0.967256E+06   0.966388E+06   0.205409E+06   0.203825E+06   0.950333E+06   0.966360E+06   0.967116E+06   0.967643E+06  -0.573631E+00   0.964636E+06   0.964543E+06   0.293161E+02
   0.328559E-02   0.960759E+06   0.959705E+06   0.144168E+06   0.145683E+06   0.940332E+06   0.959676E+06   0.960589E+06   0.960582E+06  -0.569153E+00   0.957889E+06   0.957778E+06   0.318512E+02
   0.362766E-02   0.953298E+06   0.952019E+06   0.103591E+06   0.107401E+06   0.928718E+06   0.951994E+06   0.953092E+06   0.952650E+06  -0.564164E+00   0.950120E+06   0.949987E+06   0.345512E+02
   0.400534E-02   0.944794E+06   0.943242E+06   0.827038E+05   0.871658E+05   0.915319E+06   0.943226E+06   0.944543E+06   0.943753E+06  -0.558634E+00   0.941250E+06   0.941091E+06   0.374264E+02
   0.442234E-02   0.935167E+06   0.933288E+06   0.756571E+05   0.787110E+05   0.899964E+06   0.933291E+06   0.934864E+06   0.933771E+06  -0.552516E+00   0.931212E+06   0.931021E+06   0.404899E+02
   0.488276E-02   0.924341E+06   0.922066E+06   0.729306E+05   0.730920E+05   0.882490E+06   0.922104E+06   0.923973E+06   0.922561E+06  -0.545741E+00   0.919940E+06   0.919712E+06   0.437561E+02
   0.539111E-02   0.912231E+06   0.909480E+06   0.654370E+05   0.629806E+05   0.862743E+06   0.909577E+06   0.911787E+06   0.909982E+06  -0.538224E+00   0.907369E+06   0.907097E+06   0.472376E+02
   0.595239E-02   0.898747E+06   0.895425E+06   0.502067E+05   0.474665E+05   0.840591E+06   0.895615E+06   0.898210E+06   0.895923E+06  -0.529872E+00   0.893417E+06   0.893094E+06   0.509423E+02
   0.657210E-02   0.883792E+06   0.879786E+06   0.331160E+05   0.327666E+05   0.815935E+06   0.880116E+06   0.883144E+06   0.880323E+06  -0.520609E+00   0.877983E+06   0.877599E+06   0.548713E+02
   0.725633E-02   0.867266E+06   0.862443E+06   0.235035E+05   0.255362E+05   0.788736E+06   0.862984E+06   0.866486E+06   0.863135E+06  -0.510387E+00   0.860956E+06   0.860500E+06   0.590193E+02
   0.801180E-02   0.849077E+06   0.843283E+06   0.228360E+05   0.227837E+05   0.759030E+06   0.844126E+06   0.848141E+06   0.844269E+06  -0.499173E+00   0.842226E+06   0.841685E+06   0.633768E+02
   0.884592E-02   0.829143E+06   0.822196E+06   0.216637E+05   0.182310E+05   0.726939E+06   0.823466E+06   0.828020E+06   0.823595E+06  -0.486914E+00   0.821726E+06   0.821085E+06   0.679277E+02
   0.976688E-02   0.807389E+06   0.799082E+06   0.144739E+05   0.145448E+05   0.692666E+06   0.800938E+06   0.806046E+06   0.801029E+06  -0.473558E+00   0.799387E+06   0.798631E+06   0.726423E+02
   0.107837E-01   0.783751E+06   0.773849E+06   0.977887E+04   0.115647E+05   0.656473E+06   0.776489E+06   0.782151E+06   0.776554E+06  -0.459068E+00   0.775153E+06   0.774262E+06   0.774705E+02
   0.119064E-01   0.758186E+06   0.746425E+06   0.104513E+05   0.916039E+04   0.618658E+06   0.750085E+06   0.756286E+06   0.750148E+06  -0.443433E+00   0.748981E+06   0.747936E+06   0.823412E+02
   0.131460E-01   0.730670E+06   0.716764E+06   0.722750E+04   0.722700E+04   0.579518E+06   0.721714E+06   0.728423E+06   0.721760E+06  -0.426643E+00   0.720858E+06   0.719637E+06   0.871578E+02
   0.145147E-01   0.701205E+06   0.684847E+06   0.519114E+04   0.567618E+04   0.539346E+06   0.691388E+06   0.698561E+06   0.691421E+06  -0.408698E+00   0.690795E+06   0.689376E+06   0.917871E+02
   0.160258E-01   0.669821E+06   0.650702E+06   0.504033E+04   0.443604E+04   0.498460E+06   0.659150E+06   0.666731E+06   0.659180E+06  -0.389630E+00   0.658830E+06   0.657190E+06   0.960551E+02
   0.176943E-01   0.636590E+06   0.614415E+06   0.300962E+04   0.344830E+04   0.457263E+06   0.625089E+06   0.633006E+06   0.625108E+06  -0.369486E+00   0.625046E+06   0.623166E+06   0.997416E+02
   0.195365E-01   0.601637E+06   0.576158E+06   0.294580E+04   0.266459E+04   0.416257E+06   0.589353E+06   0.597519E+06   0.589371E+06  -0.348355E+00   0.589583E+06   0.587447E+06   0.102574E+03
   0.215705E-01   0.565156E+06   0.536211E+06   0.202844E+04   0.204589E+04   0.375919E+06   0.552163E+06   0.560478E+06   0.552176E+06  -0.326366E+00   0.552654E+06   0.550258E+06   0.104232E+03
   0.238162E-01   0.527428E+06   0.495002E+06   0.139193E+04   0.156006E+04   0.336504E+06   0.513822E+06   0.522188E+06   0.513831E+06  -0.303699E+00   0.514560E+06   0.511912E+06   0.104352E+03
   0.262957E-01   0.488839E+06   0.453129E+06   0.128208E+04   0.118094E+04   0.298058E+06   0.474733E+06   0.483068E+06   0.474741E+06  -0.280591E+00   0.475702E+06   0.472829E+06   0.102552E+03
   0.290334E-01   0.450197E+06   0.411688E+06   0.998376E+03   0.887668E+03   0.259128E+06   0.435646E+06   0.443974E+06   0.435652E+06  -0.257486E+00   0.436855E+06   0.433808E+06   0.984796E+02
   0.320561E-01   0.411617E+06   0.371153E+06   0.730452E+03   0.662503E+03   0.223759E+06   0.396909E+06   0.405078E+06   0.396914E+06  -0.234588E+00   0.398282E+06   0.395144E+06   0.918526E+02
   0.353936E-01   0.374233E+06   0.333057E+06   0.621539E+03   0.491787E+03   0.191680E+06   0.359654E+06   0.367578E+06   0.359657E+06  -0.212567E+00   0.361135E+06   0.358021E+06   0.825783E+02
   0.390784E-01   0.338934E+06   0.298665E+06   0.477889E+03   0.363851E+03   0.163123E+06   0.324798E+06   0.332426E+06   0.324801E+06  -0.191965E+00   0.326342E+06   0.323392E+06   0.708440E+02
   0.431470E-01   0.306766E+06   0.269267E+06   0.310638E+03   0.269286E+03   0.138167E+06   0.293383E+06   0.300705E+06   0.293385E+06  -0.173396E+00   0.294946E+06   0.292315E+06   0.572364E+02
   0.474616E-01   0.279256E+06   0.246155E+06   0.202277E+03   0.202243E+03   0.117530E+06   0.266862E+06   0.273907E+06   0.266863E+06  -0.157721E+00   0.268408E+06   0.266216E+06   0.433495E+02
   0.517763E-01   0.257497E+06   0.229565E+06   0.156682E+03   0.156655E+03   0.101665E+06   0.246166E+06   0.252983E+06   0.246167E+06  -0.145488E+00   0.247674E+06   0.245958E+06   0.310983E+02
   0.560910E-01   0.239773E+06   0.217028E+06   0.124388E+03   0.124367E+03   0.891527E+05   0.229477E+06   0.236097E+06   0.229478E+06  -0.135624E+00   0.230942E+06   0.229674E+06   0.212143E+02
   0.604057E-01   0.224787E+06   0.206605E+06   0.100624E+03   0.100607E+03   0.787987E+05   0.215404E+06   0.221848E+06   0.215404E+06  -0.127307E+00   0.216833E+06   0.215931E+06   0.140067E+02
   0.647204E-01   0.211599E+06   0.196915E+06   0.825437E+02   0.825297E+02   0.700083E+05   0.202954E+06   0.209226E+06   0.202954E+06  -0.119948E+00   0.204355E+06   0.203706E+06   0.940926E+01
   0.690351E-01   0.199334E+06   0.186875E+06   0.683170E+02   0.683054E+02   0.623394E+05   0.191239E+06   0.197321E+06   0.191240E+06  -0.113025E+00   0.192620E+06   0.192100E+06   0.706925E+01
   0.733498E-01   0.187427E+06   0.175947E+06   0.568240E+02   0.568144E+02   0.554643E+05   0.179710E+06   0.185572E+06   0.179710E+06  -0.106210E+00   0.181074E+06   0.180570E+06   0.645204E+01
   0.776645E-01   0.175668E+06   0.164140E+06   0.473944E+02   0.473864E+02   0.492011E+05   0.168191E+06   0.173805E+06   0.168192E+06  -0.994027E-01   0.169541E+06   0.168967E+06   0.694565E+01
   0.819792E-01   0.164160E+06   0.151903E+06   0.396259E+02   0.396192E+02   0.435491E+05   0.156834E+06   0.162179E+06   0.156835E+06  -0.926906E-01   0.158167E+06   0.157472E+06   0.795715E+01
   0.862939E-01   0.153168E+06   0.139900E+06   0.332486E+02   0.332429E+02   0.385401E+05   0.145956E+06   0.151023E+06   0.145956E+06  -0.862611E-01   0.147267E+06   0.146440E+06   0.898905E+01
   0.906086E-01   0.142956E+06   0.128764E+06   0.280451E+02   0.280404E+02   0.341530E+05   0.135864E+06   0.140663E+06   0.135864E+06  -0.802967E-01   0.137148E+06   0.136212E+06   0.968789E+01
   0.959689E-01   0.131660E+06   0.116866E+06   0.229359E+02   0.229320E+02   0.295485E+05   0.124777E+06   0.129270E+06   0.124777E+06  -0.737440E-01   0.126018E+06   0.125014E+06   0.981593E+01
   0.101329E+00   0.122154E+06   0.107618E+06   0.190415E+02   0.190383E+02   0.258370E+05   0.115572E+06   0.119805E+06   0.115572E+06  -0.683037E-01   0.116763E+06   0.115782E+06   0.908822E+01
   0.106690E+00   0.114510E+06   0.101081E+06   0.160901E+02   0.160874E+02   0.228939E+05   0.108310E+06   0.112340E+06   0.108310E+06  -0.640120E-01   0.109449E+06   0.108572E+06   0.771246E+01
   0.112050E+00   0.108484E+06   0.967553E+05   0.138313E+02   0.138289E+02   0.205571E+05   0.102712E+06   0.106588E+06   0.102712E+06  -0.607036E-01   0.103801E+06   0.103080E+06   0.603475E+01
   0.117410E+00   0.103568E+06   0.937472E+05   0.120467E+02   0.120447E+02   0.186466E+05   0.982264E+05   0.101981E+06   0.982265E+05  -0.580523E-01   0.992684E+05   0.987160E+05   0.441515E+01
   0.122770E+00   0.992065E+05   0.911092E+05   0.105718E+02   0.105700E+02   0.169920E+05   0.942529E+05   0.978979E+05   0.942530E+05  -0.557039E-01   0.952539E+05   0.948443E+05   0.313103E+01
   0.128131E+00   0.949702E+05   0.881219E+05   0.930077E+01   0.929917E+01   0.154871E+05   0.903324E+05   0.938635E+05   0.903325E+05  -0.533869E-01   0.912978E+05   0.909803E+05   0.232514E+01
   0.133491E+00   0.906161E+05   0.844132E+05   0.817532E+01   0.817392E+01   0.140779E+05   0.862106E+05   0.896136E+05   0.862106E+05  -0.509508E-01   0.871446E+05   0.868601E+05   0.200018E+01
   0.138851E+00   0.860809E+05   0.799602E+05   0.716902E+01   0.716779E+01   0.127395E+05   0.818321E+05   0.850918E+05   0.818322E+05  -0.483631E-01   0.827380E+05   0.824348E+05   0.204906E+01
   0.144212E+00   0.814457E+05   0.750156E+05   0.627413E+01   0.627305E+01   0.114871E+05   0.773015E+05   0.804065E+05   0.773016E+05  -0.456855E-01   0.781803E+05   0.778261E+05   0.230517E+01
   0.149572E+00   0.768800E+05   0.699865E+05   0.549052E+01   0.548958E+01   0.103414E+05   0.728184E+05   0.757659E+05   0.728184E+05  -0.430359E-01   0.736698E+05   0.732560E+05   0.259603E+01
   0.154932E+00   0.725911E+05   0.653120E+05   0.481891E+01   0.481808E+01   0.932118E+04   0.686172E+05   0.714147E+05   0.686173E+05  -0.405530E-01   0.694402E+05   0.689803E+05   0.278602E+01
   0.160293E+00   0.687742E+05   0.613552E+05   0.425675E+01   0.425602E+01   0.844441E+04   0.649112E+05   0.675752E+05   0.649113E+05  -0.383628E-01   0.657051E+05   0.652268E+05   0.280043E+01
   0.165653E+00   0.655434E+05   0.583021E+05   0.379476E+01   0.379411E+01   0.770869E+04   0.618202E+05   0.643731E+05   0.618203E+05  -0.365360E-01   0.625855E+05   0.621213E+05   0.262971E+01
   0.171013E+00   0.628803E+05   0.561079E+05   0.341629E+01   0.341571E+01   0.709573E+04   0.593219E+05   0.617858E+05   0.593219E+05  -0.350594E-01   0.600596E+05   0.596374E+05   0.231719E+01
   0.176373E+00   0.606592E+05   0.545447E+05   0.310126E+01   0.310072E+01   0.657904E+04   0.572791E+05   0.596710E+05   0.572791E+05  -0.338521E-01   0.579909E+05   0.576270E+05   0.193633E+01
   0.181734E+00   0.587198E+05   0.533145E+05   0.283133E+01   0.283084E+01   0.612835E+04   0.555163E+05   0.578463E+05   0.555163E+05  -0.328103E-01   0.562041E+05   0.559010E+05   0.156523E+01
   0.187094E+00   0.569131E+05   0.521357E+05   0.259230E+01   0.259185E+01   0.571916E+04   0.538694E+05   0.561410E+05   0.538694E+05  -0.318370E-01   0.545356E+05   0.542832E+05   0.126588E+01
   0.192454E+00   0.551095E+05   0.507846E+05   0.237387E+01   0.237347E+01   0.533483E+04   0.521996E+05   0.544105E+05   0.521996E+05  -0.308501E-01   0.528461E+05   0.526262E+05   0.107213E+01
   0.197815E+00   0.532194E+05   0.491338E+05   0.216980E+01   0.216943E+01   0.496309E+04   0.504148E+05   0.525591E+05   0.504148E+05  -0.297953E-01   0.510429E+05   0.508349E+05   0.987062E+00
   0.203175E+00   0.512262E+05   0.471860E+05   0.197827E+01   0.197793E+01   0.460263E+04   0.485022E+05   0.505733E+05   0.485022E+05  -0.286649E-01   0.491127E+05   0.488987E+05   0.988272E+00
   0.208535E+00   0.491849E+05   0.450585E+05   0.180067E+01   0.180036E+01   0.425924E+04   0.465241E+05   0.485181E+05   0.465241E+05  -0.274959E-01   0.471173E+05   0.468866E+05   0.103838E+01
   0.213896E+00   0.471793E+05   0.429183E+05   0.163918E+01   0.163890E+01   0.393866E+04   0.445736E+05   0.464907E+05   0.445736E+05  -0.263431E-01   0.451499E+05   0.448998E+05   0.109727E+01
   0.219256E+00   0.452849E+05   0.409204E+05   0.149517E+01   0.149492E+01   0.364753E+04   0.427355E+05   0.445796E+05   0.427355E+05  -0.252568E-01   0.432949E+05   0.430304E+05   0.113236E+01
   0.224616E+00   0.435589E+05   0.391789E+05   0.136889E+01   0.136865E+01   0.338846E+04   0.410732E+05   0.428511E+05   0.410732E+05  -0.242743E-01   0.416160E+05   0.413468E+05   0.112486E+01
   0.229977E+00   0.420356E+05   0.377516E+05   0.125952E+01   0.125930E+01   0.316110E+04   0.396230E+05   0.413432E+05   0.396231E+05  -0.234173E-01   0.401497E+05   0.398872E+05   0.107136E+01
   0.235337E+00   0.407150E+05   0.366290E+05   0.116510E+01   0.116490E+01   0.296321E+04   0.383836E+05   0.400547E+05   0.383836E+05  -0.226848E-01   0.388949E+05   0.386488E+05   0.981473E+00
   0.240697E+00   0.395614E+05   0.357401E+05   0.108279E+01   0.108261E+01   0.278903E+04   0.373150E+05   0.389438E+05   0.373150E+05  -0.220532E-01   0.378118E+05   0.375879E+05   0.872775E+00
   0.246057E+00   0.385182E+05   0.349808E+05   0.100953E+01   0.100936E+01   0.263199E+04   0.363555E+05   0.379465E+05   0.363555E+05  -0.214862E-01   0.368389E+05   0.366383E+05   0.764788E+00
   0.251418E+00   0.375272E+05   0.342468E+05   0.942681E+00   0.942518E+00   0.248693E+04   0.354423E+05   0.369971E+05   0.354423E+05  -0.209465E-01   0.359130E+05   0.357325E+05   0.673743E+00
   0.256778E+00   0.365409E+05   0.334572E+05   0.880316E+00   0.880164E+00   0.234919E+04   0.345246E+05   0.360425E+05   0.345246E+05  -0.204041E-01   0.349834E+05   0.348167E+05   0.609240E+00
   0.262138E+00   0.355306E+05   0.325691E+05   0.821325E+00   0.821184E+00   0.221611E+04   0.335727E+05   0.350520E+05   0.335727E+05  -0.198415E-01   0.340202E+05   0.338601E+05   0.573167E+00
   0.267499E+00   0.344920E+05   0.315834E+05   0.765386E+00   0.765253E+00   0.208774E+04   0.325832E+05   0.340219E+05   0.325832E+05  -0.192567E-01   0.330197E+05   0.328599E+05   0.560686E+00
   0.272859E+00   0.334416E+05   0.305373E+05   0.712722E+00   0.712599E+00   0.196452E+04   0.315752E+05   0.329722E+05   0.315752E+05  -0.186610E-01   0.320010E+05   0.318374E+05   0.562682E+00
   0.278219E+00   0.324065E+05   0.294858E+05   0.663762E+00   0.663647E+00   0.184823E+04   0.305790E+05   0.319345E+05   0.305790E+05  -0.180722E-01   0.309942E+05   0.308256E+05   0.568811E+00
   0.283580E+00   0.314143E+05   0.284844E+05   0.618864E+00   0.618758E+00   0.174039E+04   0.296253E+05   0.309408E+05   0.296253E+05  -0.175086E-01   0.300302E+05   0.298579E+05   0.570221E+00
   0.288940E+00   0.304878E+05   0.275760E+05   0.578193E+00   0.578093E+00   0.164144E+04   0.287388E+05   0.300172E+05   0.287388E+05  -0.169847E-01   0.291336E+05   0.289608E+05   0.561341E+00
   0.294300E+00   0.296402E+05   0.267838E+05   0.541661E+00   0.541568E+00   0.155191E+04   0.279339E+05   0.291786E+05   0.279339E+05  -0.165090E-01   0.283189E+05   0.281494E+05   0.540542E+00
   0.299661E+00   0.288721E+05   0.261065E+05   0.508908E+00   0.508820E+00   0.147112E+04   0.272108E+05   0.284252E+05   0.272108E+05  -0.160816E-01   0.275865E+05   0.274237E+05   0.509737E+00
   0.305021E+00   0.281719E+05   0.255215E+05   0.479364E+00   0.479281E+00   0.139759E+04   0.265566E+05   0.277435E+05   0.265566E+05  -0.156950E-01   0.269234E+05   0.267696E+05   0.473223E+00
   0.310381E+00   0.275205E+05   0.249940E+05   0.452389E+00   0.452311E+00   0.132991E+04   0.259506E+05   0.271122E+05   0.259506E+05  -0.153369E-01   0.263090E+05   0.261647E+05   0.436149E+00
   0.315741E+00   0.268981E+05   0.244882E+05   0.427404E+00   0.427330E+00   0.126664E+04   0.253714E+05   0.265086E+05   0.253714E+05  -0.149946E-01   0.257217E+05   0.255861E+05   0.403080E+00
   0.321102E+00   0.262877E+05   0.239749E+05   0.403952E+00   0.403882E+00   0.120650E+04   0.248008E+05   0.259140E+05   0.248008E+05  -0.146573E-01   0.251435E+05   0.250145E+05   0.376986E+00
   0.326462E+00   0.256780E+05   0.234366E+05   0.381736E+00   0.381670E+00   0.114899E+04   0.242270E+05   0.253157E+05   0.242270E+05  -0.143182E-01   0.245622E+05   0.244374E+05   0.358830E+00
   0.331822E+00   0.250650E+05   0.228702E+05   0.360619E+00   0.360557E+00   0.109361E+04   0.236463E+05   0.247103E+05   0.236463E+05  -0.139750E-01   0.239744E+05   0.238514E+05   0.347706E+00
   0.337183E+00   0.244527E+05   0.222855E+05   0.340603E+00   0.340545E+00   0.104041E+04   0.230635E+05   0.241025E+05   0.230635E+05  -0.136306E-01   0.233845E+05   0.232618E+05   0.341400E+00
   0.342543E+00   0.238500E+05   0.217005E+05   0.321764E+00   0.321708E+00   0.989944E+03   0.224884E+05   0.235026E+05   0.224884E+05  -0.132907E-01   0.228025E+05   0.226795E+05   0.337150E+00
   0.347903E+00   0.232668E+05   0.211347E+05   0.304176E+00   0.304123E+00   0.942318E+03   0.219319E+05   0.229222E+05   0.219319E+05  -0.129618E-01   0.222394E+05   0.221162E+05   0.332404E+00
   0.353264E+00   0.227110E+05   0.206037E+05   0.287875E+00   0.287825E+00   0.897846E+03   0.214030E+05   0.223704E+05   0.214030E+05  -0.126492E-01   0.217039E+05   0.215815E+05   0.325383E+00
   0.358624E+00   0.221875E+05   0.201164E+05   0.272841E+00   0.272794E+00   0.856575E+03   0.209068E+05   0.218528E+05   0.209069E+05  -0.123560E-01   0.212014E+05   0.210809E+05   0.315348E+00
   0.363984E+00   0.216972E+05   0.196741E+05   0.258993E+00   0.258949E+00   0.818250E+03   0.204443E+05   0.213702E+05   0.204443E+05  -0.120826E-01   0.207328E+05   0.206154E+05   0.302565E+00
   0.369344E+00   0.212370E+05   0.192708E+05   0.246207E+00   0.246165E+00   0.782684E+03   0.200121E+05   0.209193E+05   0.200121E+05  -0.118272E-01   0.202947E+05   0.201813E+05   0.288036E+00
   0.374705E+00   0.208011E+05   0.188957E+05   0.234329E+00   0.234289E+00   0.749470E+03   0.196037E+05   0.204932E+05   0.196037E+05  -0.115858E-01   0.198806E+05   0.197716E+05   0.273113E+00
   0.380065E+00   0.203825E+05   0.185362E+05   0.223208E+00   0.223170E+00   0.718068E+03   0.192116E+05   0.200841E+05   0.192116E+05  -0.113541E-01   0.194831E+05   0.193782E+05   0.259108E+00
   0.385425E+00   0.199748E+05   0.181819E+05   0.212719E+00   0.212682E+00   0.688252E+03   0.188292E+05   0.196851E+05   0.188292E+05  -0.111281E-01   0.190954E+05   0.189940E+05   0.246976E+00
   0.390786E+00   0.195739E+05   0.178256E+05   0.202772E+00   0.202737E+00   0.659791E+03   0.184520E+05   0.192914E+05   0.184520E+05  -0.109051E-01   0.187131E+05   0.186144E+05   0.237152E+00
   0.396146E+00   0.191775E+05   0.174647E+05   0.193311E+00   0.193277E+00   0.632442E+03   0.180777E+05   0.189007E+05   0.180777E+05  -0.106839E-01   0.183339E+05   0.182370E+05   0.229538E+00
   0.401506E+00   0.187855E+05   0.171008E+05   0.184310E+00   0.184278E+00   0.606287E+03   0.177065E+05   0.185133E+05   0.177065E+05  -0.104646E-01   0.179579E+05   0.178622E+05   0.223623E+00
   0.406867E+00   0.184002E+05   0.167389E+05   0.175771E+00   0.175741E+00   0.581233E+03   0.173411E+05   0.181318E+05   0.173411E+05  -0.102486E-01   0.175877E+05   0.174929E+05   0.218677E+00
   0.412227E+00   0.180251E+05   0.163855E+05   0.167705E+00   0.167676E+00   0.557388E+03   0.169851E+05   0.177601E+05   0.169851E+05  -0.100382E-01   0.172272E+05   0.171332E+05   0.213958E+00
   0.417587E+00   0.176631E+05   0.160465E+05   0.160117E+00   0.160089E+00   0.534884E+03   0.166419E+05   0.174018E+05   0.166419E+05  -0.983541E-02   0.168796E+05   0.167866E+05   0.208890E+00
   0.422948E+00   0.173158E+05   0.157252E+05   0.152996E+00   0.152969E+00   0.513602E+03   0.163133E+05   0.170587E+05   0.163133E+05  -0.964120E-02   0.165466E+05   0.164550E+05   0.203160E+00
   0.428308E+00   0.169834E+05   0.154224E+05   0.146316E+00   0.146291E+00   0.493523E+03   0.159996E+05   0.167311E+05   0.159996E+05  -0.945576E-02   0.162286E+05   0.161388E+05   0.196736E+00
   0.433668E+00   0.166654E+05   0.151370E+05   0.140047E+00   0.140022E+00   0.474600E+03   0.157001E+05   0.164184E+05   0.157001E+05  -0.927879E-02   0.159250E+05   0.158373E+05   0.189822E+00
   0.439028E+00   0.163606E+05   0.148662E+05   0.134150E+00   0.134127E+00   0.456691E+03   0.154135E+05   0.161191E+05   0.154135E+05  -0.910937E-02   0.156344E+05   0.155489E+05   0.182758E+00
   0.444389E+00   0.160665E+05   0.146060E+05   0.128584E+00   0.128562E+00   0.439698E+03   0.151371E+05   0.158305E+05   0.151371E+05  -0.894603E-02   0.153542E+05   0.152709E+05   0.175915E+00
   0.449749E+00   0.157805E+05   0.143521E+05   0.123305E+00   0.123284E+00   0.423515E+03   0.148682E+05   0.155496E+05   0.148682E+05  -0.878711E-02   0.150815E+05   0.150002E+05   0.169596E+00
   0.455109E+00   0.155007E+05   0.141015E+05   0.118282E+00   0.118261E+00   0.407974E+03   0.146048E+05   0.152745E+05   0.146048E+05  -0.863143E-02   0.148145E+05   0.147350E+05   0.163974E+00
   0.460470E+00   0.152262E+05   0.138530E+05   0.113494E+00   0.113474E+00   0.393115E+03   0.143460E+05   0.150043E+05   0.143460E+05  -0.847850E-02   0.145522E+05   0.144741E+05   0.159077E+00
   0.465830E+00   0.149569E+05   0.136066E+05   0.108928E+00   0.108909E+00   0.378878E+03   0.140917E+05   0.147386E+05   0.140917E+05  -0.832821E-02   0.142944E+05   0.142176E+05   0.154805E+00
   0.471190E+00   0.146929E+05   0.133633E+05   0.104575E+00   0.104557E+00   0.365190E+03   0.138422E+05   0.144780E+05   0.138422E+05  -0.818074E-02   0.140415E+05   0.139657E+05   0.150973E+00
   0.476551E+00   0.144348E+05   0.131247E+05   0.100429E+00   0.100412E+00   0.352114E+03   0.135981E+05   0.142231E+05   0.135981E+05  -0.803651E-02   0.137942E+05   0.137194E+05   0.147372E+00
   0.481911E+00   0.141835E+05   0.128927E+05   0.964890E-01   0.964723E-01   0.339604E+03   0.133606E+05   0.139749E+05   0.133606E+05  -0.789613E-02   0.135534E+05   0.134796E+05   0.143816E+00
   0.487271E+00   0.139400E+05   0.126688E+05   0.927498E-01   0.927338E-01   0.327681E+03   0.131305E+05   0.137345E+05   0.131305E+05  -0.776015E-02   0.133202E+05   0.132474E+05   0.140181E+00
   0.492631E+00   0.137045E+05   0.124537E+05   0.892044E-01   0.891889E-01   0.316346E+03   0.129083E+05   0.135023E+05   0.129083E+05  -0.762881E-02   0.130949E+05   0.130233E+05   0.136422E+00
   0.497992E+00   0.134767E+05   0.122473E+05   0.858408E-01   0.858259E-01   0.305525E+03   0.126936E+05   0.132780E+05   0.126936E+05  -0.750193E-02   0.128773E+05   0.128069E+05   0.132566E+00
   0.503352E+00   0.132561E+05   0.120484E+05   0.826453E-01   0.826310E-01   0.295189E+03   0.124858E+05   0.130609E+05   0.124858E+05  -0.737912E-02   0.126666E+05   0.125976E+05   0.128688E+00
   0.508712E+00   0.130419E+05   0.118558E+05   0.796044E-01   0.795907E-01   0.285337E+03   0.122841E+05   0.128502E+05   0.122841E+05  -0.725992E-02   0.124621E+05   0.123944E+05   0.124885E+00
   0.514073E+00   0.128334E+05   0.116684E+05   0.767063E-01   0.766930E-01   0.275891E+03   0.120878E+05   0.126451E+05   0.120878E+05  -0.714392E-02   0.122630E+05   0.121966E+05   0.121248E+00
   0.519433E+00   0.126299E+05   0.114851E+05   0.739394E-01   0.739266E-01   0.266829E+03   0.118963E+05   0.124449E+05   0.118963E+05  -0.703071E-02   0.120688E+05   0.120036E+05   0.117842E+00
   0.524793E+00   0.124309E+05   0.113049E+05   0.712935E-01   0.712811E-01   0.258142E+03   0.117087E+05   0.122489E+05   0.117087E+05  -0.691987E-02   0.118786E+05   0.118145E+05   0.114690E+00
   0.530154E+00   0.122358E+05   0.111275E+05   0.687602E-01   0.687483E-01   0.249764E+03   0.115248E+05   0.120567E+05   0.115248E+05  -0.681115E-02   0.116921E+05   0.116290E+05   0.111780E+00
   0.535514E+00   0.120447E+05   0.109529E+05   0.663345E-01   0.663231E-01   0.241734E+03   0.113444E+05   0.118682E+05   0.113444E+05  -0.670457E-02   0.115093E+05   0.114470E+05   0.109069E+00
   0.540874E+00   0.118577E+05   0.107818E+05   0.640137E-01   0.640026E-01   0.234013E+03   0.111680E+05   0.116839E+05   0.111680E+05  -0.660031E-02   0.113304E+05   0.112690E+05   0.106501E+00
   0.546235E+00   0.116753E+05   0.106147E+05   0.617944E-01   0.617837E-01   0.226581E+03   0.109958E+05   0.115039E+05   0.109958E+05  -0.649854E-02   0.111558E+05   0.110953E+05   0.104018E+00
   0.551595E+00   0.114973E+05   0.104519E+05   0.596724E-01   0.596621E-01   0.219464E+03   0.108279E+05   0.113283E+05   0.108279E+05  -0.639928E-02   0.109855E+05   0.109258E+05   0.101575E+00
   0.556955E+00   0.113238E+05   0.102936E+05   0.576436E-01   0.576336E-01   0.212635E+03   0.106642E+05   0.111573E+05   0.106642E+05  -0.630255E-02   0.108196E+05   0.107607E+05   0.991484E-01
   0.562315E+00   0.111548E+05   0.101399E+05   0.557042E-01   0.556945E-01   0.206075E+03   0.105049E+05   0.109908E+05   0.105049E+05  -0.620840E-02   0.106580E+05   0.106001E+05   0.967322E-01
   0.567676E+00   0.109903E+05   0.999074E+04   0.538499E-01   0.538406E-01   0.199787E+03   0.103499E+05   0.108288E+05   0.103499E+05  -0.611680E-02   0.105008E+05   0.104438E+05   0.943391E-01
   0.573036E+00   0.108300E+05   0.984566E+04   0.520756E-01   0.520665E-01   0.193745E+03   0.101989E+05   0.106710E+05   0.101989E+05  -0.602758E-02   0.103477E+05   0.102916E+05   0.919916E-01
   0.578396E+00   0.106735E+05   0.970407E+04   0.503753E-01   0.503666E-01   0.187927E+03   0.100515E+05   0.105169E+05   0.100515E+05  -0.594045E-02   0.101982E+05   0.101429E+05   0.897143E-01
   0.629654E+00   0.933570E+04   0.848748E+04   0.371701E-01   0.371636E-01   0.142051E+03   0.879060E+04   0.919862E+04   0.879060E+04  -0.519525E-02   0.891948E+04   0.887109E+04   0.721203E-01
   0.769061E+00   0.678608E+04   0.617006E+04   0.181031E-01   0.180999E-01   0.726855E+02   0.638856E+04   0.668653E+04   0.638856E+04  -0.377564E-02   0.648297E+04   0.644787E+04   0.428405E-01
   0.939334E+00   0.490867E+04   0.446319E+04   0.877474E-02   0.877322E-02   0.366634E+02   0.462042E+04   0.483668E+04   0.462042E+04  -0.273067E-02   0.468911E+04   0.466373E+04   0.253518E-01
   0.114731E+01   0.353536E+04   0.321457E+04   0.423529E-02   0.423456E-02   0.182621E+02   0.332740E+04   0.348352E+04   0.332740E+04  -0.196650E-02   0.337707E+04   0.335880E+04   0.149416E-01
   0.140132E+01   0.253624E+04   0.230614E+04   0.203634E-02   0.203598E-02   0.899520E+01   0.238687E+04   0.249905E+04   0.238687E+04  -0.141064E-02   0.242260E+04   0.240950E+04   0.877295E-02
   0.171158E+01   0.181285E+04   0.164841E+04   0.975559E-03   0.975390E-03   0.438811E+01   0.170600E+04   0.178627E+04   0.170600E+04  -0.100824E-02   0.173159E+04   0.172223E+04   0.513320E-02
   0.209053E+01   0.129152E+04   0.117438E+04   0.465845E-03   0.465765E-03   0.212331E+01   0.121535E+04   0.127259E+04   0.121535E+04  -0.718276E-03   0.123361E+04   0.122694E+04   0.299433E-02
   0.255338E+01   0.917283E+03   0.834091E+03   0.221769E-03   0.221730E-03   0.102043E+01   0.863164E+03   0.903838E+03   0.863164E+03  -0.510131E-03   0.876144E+03   0.871405E+03   0.174178E-02
   0.311870E+01   0.649637E+03   0.590721E+03   0.105277E-03   0.105259E-03   0.487548E+00   0.611299E+03   0.640116E+03   0.611299E+03  -0.361278E-03   0.620497E+03   0.617139E+03   0.101072E-02
   0.380919E+01   0.458928E+03   0.417308E+03   0.498516E-04   0.498429E-04   0.231944E+00   0.431840E+03   0.452202E+03   0.431840E+03  -0.255218E-03   0.438341E+03   0.435965E+03   0.585351E-03
   0.465255E+01   0.323449E+03   0.294113E+03   0.235512E-04   0.235472E-04   0.109930E+00   0.304355E+03   0.318708E+03   0.304355E+03  -0.179874E-03   0.308938E+03   0.307260E+03   0.338491E-03
   0.568264E+01   0.227455E+03   0.206822E+03   0.111014E-04   0.110995E-04   0.519302E-01   0.214026E+03   0.224120E+03   0.214026E+03  -0.126489E-03   0.217250E+03   0.216066E+03   0.195535E-03
   0.694079E+01   0.159630E+03   0.145146E+03   0.522242E-05   0.522152E-05   0.244682E-01   0.150204E+03   0.157289E+03   0.150204E+03  -0.887708E-04   0.152467E+03   0.151632E+03   0.112926E-03
   0.847750E+01   0.111819E+03   0.101668E+03   0.245214E-05   0.245172E-05   0.114998E-01   0.105215E+03   0.110178E+03   0.105215E+03  -0.621821E-04   0.106801E+03   0.106211E+03   0.652620E-04
   0.103544E+02   0.781909E+02   0.710878E+02   0.114937E-05   0.114917E-05   0.539369E-02   0.735722E+02   0.770430E+02   0.735722E+02  -0.434813E-04   0.746815E+02   0.742646E+02   0.377925E-04
   0.126469E+02   0.545871E+02   0.496228E+02   0.537850E-06   0.537757E-06   0.252480E-02   0.513618E+02   0.537848E+02   0.513618E+02  -0.303549E-04   0.521366E+02   0.518406E+02   0.219695E-04
   0.154470E+02   0.380508E+02   0.345846E+02   0.251302E-06   0.251259E-06   0.117987E-02   0.358017E+02   0.374907E+02   0.358017E+02  -0.211588E-04   0.363421E+02   0.361306E+02   0.128527E-04
   0.188670E+02   0.264864E+02   0.240675E+02   0.117248E-06   0.117228E-06   0.550755E-03   0.249198E+02   0.260955E+02   0.249198E+02  -0.147276E-04   0.252964E+02   0.251438E+02   0.759262E-05
   0.230442E+02   0.184120E+02   0.167242E+02   0.546285E-07   0.546191E-07   0.256709E-03   0.173221E+02   0.181393E+02   0.173221E+02  -0.102373E-04   0.175843E+02   0.174726E+02   0.454888E-05
   0.281463E+02   0.127831E+02   0.116047E+02   0.254195E-07   0.254151E-07   0.119443E-03   0.120253E+02   0.125926E+02   0.120253E+02  -0.710698E-05   0.122078E+02   0.121244E+02   0.277872E-05
   0.343780E+02   0.886440E+01   0.804042E+01   0.118130E-07   0.118109E-07   0.555038E-04   0.833788E+01   0.873124E+01   0.833788E+01  -0.492769E-05   0.846484E+01   0.840106E+01   0.174096E-05
   0.419893E+02   0.614002E+01   0.556222E+01   0.548285E-08   0.548191E-08   0.257557E-04   0.577423E+01   0.604665E+01   0.577423E+01  -0.341258E-05   0.586261E+01   0.581226E+01   0.112528E-05
   0.512859E+02   0.424829E+01   0.384122E+01   0.254156E-08   0.254113E-08   0.119506E-04   0.399407E+01   0.418250E+01   0.399407E+01  -0.236050E-05   0.405568E+01   0.401449E+01   0.753750E-06
   0.626408E+02   0.293625E+01   0.264742E+01   0.117657E-08   0.117637E-08   0.553394E-05   0.275939E+01   0.288957E+01   0.275939E+01  -0.163080E-05   0.280244E+01   0.276744E+01   0.524308E-06
   0.765096E+02   0.202725E+01   0.182016E+01   0.543883E-09   0.543790E-09   0.255943E-05   0.190396E+01   0.199378E+01   0.190396E+01  -0.112524E-05   0.193416E+01   0.190332E+01   0.378322E-06
   0.934490E+02   0.139813E+01   0.124746E+01   0.250999E-09   0.250956E-09   0.118386E-05   0.131189E+01   0.137378E+01   0.131189E+01  -0.775327E-06   0.133321E+01   0.130513E+01   0.282008E-06
   0.114139E+03   0.963128E+00   0.851364E+00   0.115604E-09   0.115584E-09   0.544822E-06   0.902488E+00   0.945066E+00   0.902488E+00  -0.533371E-06   0.917674E+00   0.891428E+00   0.215795E-06
