#          k/h    CDM            baryon         photon         nu             mass_nu        total          no_nu          total_de       Weyl           v_CDM          v_b            v_b-v_c     
   0.105163E-04   0.207722E+07   0.207722E+07   0.276950E+07   0.276949E+07   0.207747E+07   0.207723E+07   0.207722E+07   0.208566E+07  -0.600542E+00   0.207370E+07   0.207370E+07   0.137130E+01
   0.116112E-04   0.207722E+07   0.207722E+07   0.276947E+07   0.276946E+07   0.207747E+07   0.207723E+07   0.207722E+07   0.208566E+07  -0.600542E+00   0.207370E+07   0.207370E+07   0.151405E+01
   0.128200E-04   0.207722E+07   0.207722E+07   0.276943E+07   0.276943E+07   0.207747E+07   0.207723E+07   0.207722E+07   0.208565E+07  -0.600542E+00   0.207370E+07   0.207370E+07   0.167167E+01
   0.141547E-04   0.207722E+07   0.207722E+07   0.276939E+07   0.276938E+07   0.207747E+07   0.207723E+07   0.207722E+07   0.208565E+07  -0.600542E+00   0.207370E+07   0.207370E+07   0.184569E+01
   0.156284E-04   0.207722E+07   0.207722E+07   0.276933E+07   0.276933E+07   0.207747E+07   0.207723E+07   0.207722E+07   0.208565E+07  -0.600541E+00   0.207370E+07   0.207370E+07   0.203782E+01
   0.172555E-04   0.207722E+07   0.207722E+07   0.276927E+07   0.276926E+07   0.207747E+07   0.207723E+07   0.207722E+07   0.208565E+07  -0.600541E+00   0.207370E+07   0.207370E+07   0.224995E+01
   0.190520E-04   0.207722E+07   0.207722E+07   0.276919E+07   0.276918E+07   0.207746E+07   0.207723E+07   0.207722E+07   0.208565E+07  -0.600541E+00   0.207370E+07   0.207370E+07   0.248415E+01
   0.210355E-04   0.207722E+07   0.207722E+07   0.276909E+07   0.276908E+07   0.207746E+07   0.207723E+07   0.207722E+07   0.208565E+07  -0.600540E+00   0.207370E+07   0.207370E+07   0.274272E+01
   0.232256E-04   0.207722E+07   0.207722E+07   0.276897E+07   0.276896E+07   0.207746E+07   0.207723E+07   0.207722E+07   0.208565E+07  -0.600540E+00   0.207370E+07   0.207370E+07   0.302818E+01
   0.256436E-04   0.207722E+07   0.207722E+07   0.276883E+07   0.276882E+07   0.207746E+07   0.207723E+07   0.207722E+07   0.208565E+07  -0.600539E+00   0.207370E+07   0.207370E+07   0.334334E+01
   0.283134E-04   0.207721E+07   0.207721E+07   0.276865E+07   0.276864E+07   0.207746E+07   0.207722E+07   0.207721E+07   0.208564E+07  -0.600539E+00   0.207370E+07   0.207370E+07   0.369127E+01
   0.312612E-04   0.207721E+07   0.207721E+07   0.276844E+07   0.276842E+07   0.207745E+07   0.207722E+07   0.207721E+07   0.208564E+07  -0.600538E+00   0.207369E+07   0.207369E+07   0.407537E+01
   0.345158E-04   0.207721E+07   0.207721E+07   0.276817E+07   0.276815E+07   0.207745E+07   0.207722E+07   0.207721E+07   0.208564E+07  -0.600537E+00   0.207369E+07   0.207369E+07   0.449939E+01
   0.381093E-04   0.207721E+07   0.207721E+07   0.276785E+07   0.276783E+07   0.207745E+07   0.207722E+07   0.207721E+07   0.208563E+07  -0.600535E+00   0.207369E+07   0.207369E+07   0.496747E+01
   0.420769E-04   0.207720E+07   0.207720E+07   0.276747E+07   0.276743E+07   0.207744E+07   0.207721E+07   0.207720E+07   0.208563E+07  -0.600534E+00   0.207368E+07   0.207368E+07   0.548415E+01
   0.464576E-04   0.207720E+07   0.207720E+07   0.276699E+07   0.276695E+07   0.207744E+07   0.207721E+07   0.207720E+07   0.208562E+07  -0.600532E+00   0.207368E+07   0.207368E+07   0.605445E+01
   0.512944E-04   0.207719E+07   0.207719E+07   0.276641E+07   0.276636E+07   0.207743E+07   0.207720E+07   0.207719E+07   0.208561E+07  -0.600529E+00   0.207367E+07   0.207367E+07   0.668390E+01
   0.566347E-04   0.207718E+07   0.207718E+07   0.276571E+07   0.276565E+07   0.207742E+07   0.207719E+07   0.207718E+07   0.208560E+07  -0.600526E+00   0.207367E+07   0.207366E+07   0.737857E+01
   0.625311E-04   0.207717E+07   0.207717E+07   0.276485E+07   0.276478E+07   0.207741E+07   0.207718E+07   0.207717E+07   0.208559E+07  -0.600523E+00   0.207366E+07   0.207366E+07   0.814515E+01
   0.690413E-04   0.207716E+07   0.207716E+07   0.276380E+07   0.276372E+07   0.207740E+07   0.207717E+07   0.207716E+07   0.208558E+07  -0.600519E+00   0.207365E+07   0.207364E+07   0.899098E+01
   0.762293E-04   0.207715E+07   0.207715E+07   0.276253E+07   0.276242E+07   0.207738E+07   0.207716E+07   0.207715E+07   0.208556E+07  -0.600513E+00   0.207363E+07   0.207363E+07   0.992413E+01
   0.841656E-04   0.207713E+07   0.207713E+07   0.276097E+07   0.276084E+07   0.207736E+07   0.207714E+07   0.207713E+07   0.208554E+07  -0.600507E+00   0.207362E+07   0.207362E+07   0.109534E+02
   0.929282E-04   0.207711E+07   0.207711E+07   0.275908E+07   0.275892E+07   0.207734E+07   0.207712E+07   0.207711E+07   0.208551E+07  -0.600499E+00   0.207360E+07   0.207360E+07   0.120885E+02
   0.102603E-03   0.207709E+07   0.207709E+07   0.275677E+07   0.275658E+07   0.207731E+07   0.207710E+07   0.207709E+07   0.208548E+07  -0.600489E+00   0.207357E+07   0.207357E+07   0.133400E+02
   0.113285E-03   0.207706E+07   0.207706E+07   0.275396E+07   0.275373E+07   0.207727E+07   0.207707E+07   0.207706E+07   0.208544E+07  -0.600478E+00   0.207354E+07   0.207354E+07   0.147192E+02
   0.125080E-03   0.207702E+07   0.207702E+07   0.275054E+07   0.275026E+07   0.207723E+07   0.207703E+07   0.207702E+07   0.208540E+07  -0.600464E+00   0.207351E+07   0.207351E+07   0.162388E+02
   0.138102E-03   0.207698E+07   0.207698E+07   0.274637E+07   0.274603E+07   0.207717E+07   0.207699E+07   0.207698E+07   0.208534E+07  -0.600446E+00   0.207347E+07   0.207346E+07   0.179122E+02
   0.152480E-03   0.207693E+07   0.207693E+07   0.274130E+07   0.274088E+07   0.207711E+07   0.207694E+07   0.207693E+07   0.208527E+07  -0.600425E+00   0.207341E+07   0.207341E+07   0.197538E+02
   0.168355E-03   0.207686E+07   0.207686E+07   0.273513E+07   0.273462E+07   0.207703E+07   0.207687E+07   0.207686E+07   0.208519E+07  -0.600400E+00   0.207335E+07   0.207334E+07   0.217791E+02
   0.185882E-03   0.207678E+07   0.207678E+07   0.272763E+07   0.272701E+07   0.207693E+07   0.207679E+07   0.207678E+07   0.208508E+07  -0.600368E+00   0.207327E+07   0.207326E+07   0.240046E+02
   0.205235E-03   0.207669E+07   0.207668E+07   0.271851E+07   0.271775E+07   0.207682E+07   0.207669E+07   0.207669E+07   0.208496E+07  -0.600330E+00   0.207318E+07   0.207317E+07   0.264473E+02
   0.226602E-03   0.207657E+07   0.207656E+07   0.270742E+07   0.270651E+07   0.207667E+07   0.207657E+07   0.207657E+07   0.208481E+07  -0.600284E+00   0.207306E+07   0.207305E+07   0.291250E+02
   0.250194E-03   0.207643E+07   0.207642E+07   0.269397E+07   0.269286E+07   0.207650E+07   0.207643E+07   0.207643E+07   0.208462E+07  -0.600228E+00   0.207292E+07   0.207291E+07   0.320556E+02
   0.276242E-03   0.207625E+07   0.207624E+07   0.267765E+07   0.267632E+07   0.207628E+07   0.207625E+07   0.207625E+07   0.208440E+07  -0.600159E+00   0.207275E+07   0.207273E+07   0.352566E+02
   0.305002E-03   0.207604E+07   0.207603E+07   0.265789E+07   0.265627E+07   0.207603E+07   0.207604E+07   0.207604E+07   0.208412E+07  -0.600075E+00   0.207254E+07   0.207252E+07   0.387446E+02
   0.336756E-03   0.207578E+07   0.207577E+07   0.263397E+07   0.263202E+07   0.207571E+07   0.207578E+07   0.207578E+07   0.208379E+07  -0.599974E+00   0.207228E+07   0.207226E+07   0.425338E+02
   0.371817E-03   0.207547E+07   0.207545E+07   0.260509E+07   0.260274E+07   0.207533E+07   0.207546E+07   0.207547E+07   0.208338E+07  -0.599850E+00   0.207197E+07   0.207195E+07   0.466352E+02
   0.410527E-03   0.207509E+07   0.207507E+07   0.257027E+07   0.256746E+07   0.207486E+07   0.207508E+07   0.207509E+07   0.208289E+07  -0.599700E+00   0.207159E+07   0.207156E+07   0.510541E+02
   0.453268E-03   0.207463E+07   0.207460E+07   0.252842E+07   0.252506E+07   0.207429E+07   0.207461E+07   0.207462E+07   0.208229E+07  -0.599519E+00   0.207113E+07   0.207110E+07   0.557878E+02
   0.500458E-03   0.207406E+07   0.207403E+07   0.247825E+07   0.247426E+07   0.207360E+07   0.207404E+07   0.207406E+07   0.208157E+07  -0.599298E+00   0.207058E+07   0.207053E+07   0.608227E+02
   0.552561E-03   0.207338E+07   0.207334E+07   0.241835E+07   0.241363E+07   0.207276E+07   0.207334E+07   0.207337E+07   0.208069E+07  -0.599031E+00   0.206990E+07   0.206984E+07   0.661296E+02
   0.610090E-03   0.207255E+07   0.207250E+07   0.234715E+07   0.234161E+07   0.207174E+07   0.207250E+07   0.207254E+07   0.207964E+07  -0.598709E+00   0.206907E+07   0.206901E+07   0.716591E+02
   0.673607E-03   0.207154E+07   0.207149E+07   0.226301E+07   0.225656E+07   0.207051E+07   0.207148E+07   0.207153E+07   0.207836E+07  -0.598320E+00   0.206807E+07   0.206799E+07   0.773353E+02
   0.743737E-03   0.207032E+07   0.207025E+07   0.216426E+07   0.215683E+07   0.206901E+07   0.207025E+07   0.207031E+07   0.207682E+07  -0.597851E+00   0.206686E+07   0.206676E+07   0.830494E+02
   0.821169E-03   0.206885E+07   0.206877E+07   0.204935E+07   0.204091E+07   0.206720E+07   0.206876E+07   0.206883E+07   0.207498E+07  -0.597288E+00   0.206539E+07   0.206528E+07   0.886522E+02
   0.906662E-03   0.206707E+07   0.206697E+07   0.191705E+07   0.190763E+07   0.206500E+07   0.206696E+07   0.206705E+07   0.207278E+07  -0.596614E+00   0.206362E+07   0.206349E+07   0.939479E+02
   0.100106E-02   0.206492E+07   0.206481E+07   0.176673E+07   0.175643E+07   0.206236E+07   0.206479E+07   0.206491E+07   0.207015E+07  -0.595810E+00   0.206148E+07   0.206132E+07   0.986899E+02
   0.110528E-02   0.206235E+07   0.206221E+07   0.159871E+07   0.158775E+07   0.205917E+07   0.206218E+07   0.206233E+07   0.206704E+07  -0.594855E+00   0.205890E+07   0.205872E+07   0.102582E+03
   0.122035E-02   0.205927E+07   0.205909E+07   0.141470E+07   0.140348E+07   0.205535E+07   0.205906E+07   0.205924E+07   0.206335E+07  -0.593726E+00   0.205580E+07   0.205560E+07   0.105286E+03
   0.134740E-02   0.205558E+07   0.205538E+07   0.121833E+07   0.120738E+07   0.205074E+07   0.205533E+07   0.205555E+07   0.205903E+07  -0.592398E+00   0.205209E+07   0.205187E+07   0.106451E+03
   0.148768E-02   0.205121E+07   0.205096E+07   0.101552E+07   0.100556E+07   0.204523E+07   0.205090E+07   0.205117E+07   0.205398E+07  -0.590847E+00   0.204767E+07   0.204743E+07   0.105747E+03
   0.164257E-02   0.204602E+07   0.204572E+07   0.814696E+06   0.806553E+06   0.203869E+07   0.204564E+07   0.204597E+07   0.204811E+07  -0.589048E+00   0.204241E+07   0.204215E+07   0.102940E+03
   0.181358E-02   0.203992E+07   0.203955E+07   0.626490E+06   0.620944E+06   0.203095E+07   0.203946E+07   0.203986E+07   0.204136E+07  -0.586976E+00   0.203620E+07   0.203593E+07   0.979759E+02
   0.200239E-02   0.203276E+07   0.203232E+07   0.462567E+06   0.460143E+06   0.202183E+07   0.203220E+07   0.203269E+07   0.203361E+07  -0.584609E+00   0.202890E+07   0.202862E+07   0.910805E+02
   0.221086E-02   0.202444E+07   0.202390E+07   0.333434E+06   0.334100E+06   0.201114E+07   0.202376E+07   0.202435E+07   0.202477E+07  -0.581922E+00   0.202038E+07   0.202010E+07   0.828360E+02
   0.244104E-02   0.201481E+07   0.201416E+07   0.245233E+06   0.248136E+06   0.199866E+07   0.201398E+07   0.201470E+07   0.201473E+07  -0.578891E+00   0.201051E+07   0.201023E+07   0.741849E+02
   0.269518E-02   0.200373E+07   0.200296E+07   0.196340E+06   0.199784E+06   0.198419E+07   0.200273E+07   0.200361E+07   0.200333E+07  -0.575487E+00   0.199914E+07   0.199887E+07   0.662915E+02
   0.297578E-02   0.199109E+07   0.199015E+07   0.175607E+06   0.177506E+06   0.196748E+07   0.198988E+07   0.199094E+07   0.199042E+07  -0.571669E+00   0.198616E+07   0.198588E+07   0.602179E+02
   0.328559E-02   0.197672E+07   0.197558E+07   0.164723E+06   0.163651E+06   0.194827E+07   0.197526E+07   0.197654E+07   0.197576E+07  -0.567387E+00   0.197142E+07   0.197114E+07   0.564673E+02
   0.362766E-02   0.196048E+07   0.195910E+07   0.146200E+06   0.142587E+06   0.192630E+07   0.195872E+07   0.196025E+07   0.195917E+07  -0.562578E+00   0.195480E+07   0.195450E+07   0.546195E+02
   0.400534E-02   0.194218E+07   0.194052E+07   0.114253E+06   0.110594E+06   0.190127E+07   0.194008E+07   0.194191E+07   0.194043E+07  -0.557174E+00   0.193613E+07   0.193580E+07   0.534361E+02
   0.442234E-02   0.192166E+07   0.191965E+07   0.797419E+05   0.786977E+05   0.187286E+07   0.191915E+07   0.192133E+07   0.191939E+07  -0.551111E+00   0.191521E+07   0.191486E+07   0.516803E+02
   0.488276E-02   0.189870E+07   0.189627E+07   0.595981E+05   0.608847E+05   0.184076E+07   0.189571E+07   0.189830E+07   0.189589E+07  -0.544335E+00   0.189184E+07   0.189147E+07   0.492317E+02
   0.539111E-02   0.187310E+07   0.187017E+07   0.557043E+05   0.543856E+05   0.180468E+07   0.186957E+07   0.187263E+07   0.186974E+07  -0.536795E+00   0.186578E+07   0.186539E+07   0.472574E+02
   0.595239E-02   0.184467E+07   0.184114E+07   0.505532E+05   0.439213E+05   0.176435E+07   0.184051E+07   0.184410E+07   0.184066E+07  -0.528429E+00   0.183684E+07   0.183642E+07   0.466679E+02
   0.657210E-02   0.181320E+07   0.180895E+07   0.354836E+05   0.353997E+05   0.171957E+07   0.180833E+07   0.181251E+07   0.180844E+07  -0.519169E+00   0.180483E+07   0.180436E+07   0.466538E+02
   0.725633E-02   0.177848E+07   0.177337E+07   0.263836E+05   0.284672E+05   0.167020E+07   0.177282E+07   0.177766E+07   0.177290E+07  -0.508956E+00   0.176952E+07   0.176901E+07   0.461807E+02
   0.801180E-02   0.174033E+07   0.173419E+07   0.261058E+05   0.228348E+05   0.161619E+07   0.173379E+07   0.173934E+07   0.173387E+07  -0.497738E+00   0.173072E+07   0.173016E+07   0.460903E+02
   0.884592E-02   0.169856E+07   0.169121E+07   0.184274E+05   0.182673E+05   0.155760E+07   0.169108E+07   0.169738E+07   0.169114E+07  -0.485466E+00   0.168828E+07   0.168764E+07   0.468069E+02
   0.976688E-02   0.165303E+07   0.164425E+07   0.147304E+05   0.145693E+05   0.149459E+07   0.164454E+07   0.165161E+07   0.164458E+07  -0.472096E+00   0.164203E+07   0.164132E+07   0.472977E+02
   0.107837E-01   0.160361E+07   0.159315E+07   0.130116E+05   0.115813E+05   0.142738E+07   0.159406E+07   0.160192E+07   0.159410E+07  -0.457598E+00   0.159187E+07   0.159107E+07   0.482136E+02
   0.119064E-01   0.155022E+07   0.153781E+07   0.908970E+04   0.917262E+04   0.135627E+07   0.153957E+07   0.154821E+07   0.153959E+07  -0.441949E+00   0.153772E+07   0.153682E+07   0.492616E+02
   0.131460E-01   0.149281E+07   0.147815E+07   0.800373E+04   0.723555E+04   0.128156E+07   0.148104E+07   0.149044E+07   0.148106E+07  -0.425143E+00   0.147956E+07   0.147854E+07   0.504107E+02
   0.145147E-01   0.143141E+07   0.141418E+07   0.628061E+04   0.568222E+04   0.120363E+07   0.141849E+07   0.142862E+07   0.141851E+07  -0.407184E+00   0.141740E+07   0.141625E+07   0.515657E+02
   0.160258E-01   0.136608E+07   0.134595E+07   0.435925E+04   0.444052E+04   0.112297E+07   0.135202E+07   0.136282E+07   0.135203E+07  -0.388101E+00   0.135133E+07   0.135003E+07   0.527219E+02
   0.176943E-01   0.129698E+07   0.127365E+07   0.385270E+04   0.345148E+04   0.104028E+07   0.128182E+07   0.129321E+07   0.128183E+07  -0.367947E+00   0.128153E+07   0.128008E+07   0.536393E+02
   0.195365E-01   0.122439E+07   0.119761E+07   0.317475E+04   0.266695E+04   0.956416E+06   0.120819E+07   0.122006E+07   0.120820E+07  -0.346810E+00   0.120830E+07   0.120668E+07   0.542473E+02
   0.215705E-01   0.114874E+07   0.111833E+07   0.243685E+04   0.204758E+04   0.872202E+06   0.113159E+07   0.114382E+07   0.113160E+07  -0.324821E+00   0.113209E+07   0.113030E+07   0.543826E+02
   0.238162E-01   0.107062E+07   0.103658E+07   0.206400E+04   0.156124E+04   0.788225E+06   0.105264E+07   0.106512E+07   0.105265E+07  -0.302158E+00   0.105352E+07   0.105156E+07   0.538480E+02
   0.262957E-01   0.990839E+06   0.953378E+06   0.166219E+04   0.118177E+04   0.705068E+06   0.972186E+06   0.984785E+06   0.972191E+06  -0.279062E+00   0.973418E+06   0.971307E+06   0.524616E+02
   0.290334E-01   0.911018E+06   0.870654E+06   0.958921E+03   0.888320E+03   0.621721E+06   0.891758E+06   0.904495E+06   0.891761E+06  -0.255975E+00   0.893335E+06   0.891111E+06   0.500367E+02
   0.320561E-01   0.831592E+06   0.789218E+06   0.634999E+03   0.662941E+03   0.544149E+06   0.812105E+06   0.824744E+06   0.812107E+06  -0.233110E+00   0.813942E+06   0.811664E+06   0.464340E+02
   0.353936E-01   0.754896E+06   0.711826E+06   0.556485E+03   0.492021E+03   0.472361E+06   0.735523E+06   0.747936E+06   0.735525E+06  -0.211127E+00   0.737564E+06   0.735310E+06   0.416008E+02
   0.390784E-01   0.682797E+06   0.640733E+06   0.434585E+03   0.363913E+03   0.407275E+06   0.663895E+06   0.675999E+06   0.663896E+06  -0.190567E+00   0.666086E+06   0.663955E+06   0.356292E+02
   0.431470E-01   0.617441E+06   0.578341E+06   0.263174E+03   0.269209E+03   0.349798E+06   0.599351E+06   0.611122E+06   0.599352E+06  -0.172039E+00   0.601645E+06   0.599743E+06   0.287991E+02
   0.474616E-01   0.561894E+06   0.527458E+06   0.231629E+03   0.202059E+03   0.301895E+06   0.544869E+06   0.556329E+06   0.544870E+06  -0.156400E+00   0.547223E+06   0.545633E+06   0.218812E+02
   0.517763E-01   0.518241E+06   0.489264E+06   0.179327E+03   0.156399E+03   0.264714E+06   0.502349E+06   0.513558E+06   0.502350E+06  -0.144195E+00   0.504736E+06   0.503483E+06   0.158036E+02
   0.560910E-01   0.482853E+06   0.459336E+06   0.142283E+03   0.124065E+03   0.234872E+06   0.468054E+06   0.479053E+06   0.468055E+06  -0.134351E+00   0.470463E+06   0.469527E+06   0.109058E+02
   0.604057E-01   0.452973E+06   0.434241E+06   0.115039E+03   0.100289E+03   0.210020E+06   0.439139E+06   0.449946E+06   0.439140E+06  -0.126051E+00   0.441565E+06   0.440888E+06   0.732800E+01
   0.647204E-01   0.426614E+06   0.411533E+06   0.943241E+02   0.822146E+02   0.188730E+06   0.413572E+06   0.424177E+06   0.413572E+06  -0.118712E+00   0.416008E+06   0.415510E+06   0.503191E+01
   0.690351E-01   0.401960E+06   0.389182E+06   0.780370E+02   0.680072E+02   0.169839E+06   0.389532E+06   0.399895E+06   0.389533E+06  -0.111812E+00   0.391972E+06   0.391566E+06   0.384159E+01
   0.733498E-01   0.377864E+06   0.366075E+06   0.648905E+02   0.565422E+02   0.152571E+06   0.365897E+06   0.375959E+06   0.365897E+06  -0.105027E+00   0.368328E+06   0.367936E+06   0.349464E+01
   0.776645E-01   0.353932E+06   0.342052E+06   0.541131E+02   0.471454E+02   0.136624E+06   0.342310E+06   0.352012E+06   0.342310E+06  -0.982570E-01   0.344718E+06   0.344279E+06   0.369242E+01
   0.819792E-01   0.330421E+06   0.317740E+06   0.452393E+02   0.394099E+02   0.122036E+06   0.319078E+06   0.328372E+06   0.319078E+06  -0.915883E-01   0.321447E+06   0.320927E+06   0.414640E+01
   0.862939E-01   0.307930E+06   0.294158E+06   0.379566E+02   0.330624E+02   0.108895E+06   0.296840E+06   0.305704E+06   0.296840E+06  -0.852050E-01   0.299158E+06   0.298548E+06   0.461484E+01
   0.906086E-01   0.287048E+06   0.272287E+06   0.320151E+02   0.278844E+02   0.972697E+05   0.276222E+06   0.284662E+06   0.276222E+06  -0.792869E-01   0.278481E+06   0.277798E+06   0.492592E+01
   0.959689E-01   0.264023E+06   0.248618E+06   0.261799E+02   0.227996E+02   0.849744E+05   0.253581E+06   0.261533E+06   0.253581E+06  -0.727879E-01   0.255760E+06   0.255032E+06   0.495871E+01
   0.101329E+00   0.244770E+06   0.229637E+06   0.217295E+02   0.189216E+02   0.749655E+05   0.234786E+06   0.242324E+06   0.234786E+06  -0.673931E-01   0.236887E+06   0.236177E+06   0.458177E+01
   0.106690E+00   0.229428E+06   0.215466E+06   0.183544E+02   0.159805E+02   0.669897E+05   0.219957E+06   0.227172E+06   0.219957E+06  -0.631365E-01   0.221989E+06   0.221353E+06   0.389516E+01
   0.112050E+00   0.217462E+06   0.205295E+06   0.157698E+02   0.137283E+02   0.606479E+05   0.208521E+06   0.215496E+06   0.208521E+06  -0.598539E-01   0.210496E+06   0.209970E+06   0.306587E+01
   0.117410E+00   0.207782E+06   0.197625E+06   0.137276E+02   0.119487E+02   0.554302E+05   0.199352E+06   0.206141E+06   0.199352E+06  -0.572222E-01   0.201279E+06   0.200872E+06   0.226753E+01
   0.122770E+00   0.199201E+06   0.190854E+06   0.120406E+02   0.104790E+02   0.508833E+05   0.191232E+06   0.197852E+06   0.191232E+06  -0.548914E-01   0.193117E+06   0.192810E+06   0.163375E+01
   0.128131E+00   0.190805E+06   0.183763E+06   0.105884E+02   0.921411E+01   0.467051E+05   0.183228E+06   0.189667E+06   0.183228E+06  -0.525936E-01   0.185069E+06   0.184827E+06   0.123313E+01
   0.133491E+00   0.182082E+06   0.175705E+06   0.930429E+01   0.809589E+01   0.427273E+05   0.174821E+06   0.181051E+06   0.174821E+06  -0.501806E-01   0.176615E+06   0.176397E+06   0.106659E+01
   0.138851E+00   0.172909E+06   0.166604E+06   0.815761E+01   0.709759E+01   0.389124E+05   0.165901E+06   0.171890E+06   0.165901E+06  -0.476202E-01   0.167643E+06   0.167413E+06   0.108200E+01
   0.144212E+00   0.163478E+06   0.156832E+06   0.713880E+01   0.621079E+01   0.353000E+05   0.156679E+06   0.162404E+06   0.156679E+06  -0.449731E-01   0.158364E+06   0.158099E+06   0.119851E+01
   0.149572E+00   0.154166E+06   0.147021E+06   0.624707E+01   0.543470E+01   0.319586E+05   0.147559E+06   0.153011E+06   0.147559E+06  -0.423553E-01   0.149183E+06   0.148878E+06   0.133251E+01
   0.154932E+00   0.145429E+06   0.137869E+06   0.548278E+01   0.476956E+01   0.289676E+05   0.139016E+06   0.144207E+06   0.139016E+06  -0.399032E-01   0.140579E+06   0.140243E+06   0.141830E+01
   0.160293E+00   0.137685E+06   0.129975E+06   0.484275E+01   0.421256E+01   0.263793E+05   0.131482E+06   0.136439E+06   0.131482E+06  -0.377405E-01   0.132987E+06   0.132639E+06   0.141970E+01
   0.165653E+00   0.131176E+06   0.123652E+06   0.431640E+01   0.375447E+01   0.242013E+05   0.125197E+06   0.129960E+06   0.125197E+06  -0.359364E-01   0.126652E+06   0.126314E+06   0.133211E+01
   0.171013E+00   0.125861E+06   0.118832E+06   0.388488E+01   0.337889E+01   0.223885E+05   0.120116E+06   0.124725E+06   0.120116E+06  -0.344780E-01   0.121528E+06   0.121220E+06   0.117646E+01
   0.176373E+00   0.121469E+06   0.115133E+06   0.352545E+01   0.306605E+01   0.208544E+05   0.115959E+06   0.120445E+06   0.115959E+06  -0.332850E-01   0.117335E+06   0.117068E+06   0.988236E+00
   0.181734E+00   0.117656E+06   0.112066E+06   0.321747E+01   0.279798E+01   0.195119E+05   0.112372E+06   0.116752E+06   0.112372E+06  -0.322553E-01   0.113716E+06   0.113492E+06   0.805172E+00
   0.187094E+00   0.114098E+06   0.109167E+06   0.294489E+01   0.256076E+01   0.182890E+05   0.109022E+06   0.113301E+06   0.109022E+06  -0.312936E-01   0.110335E+06   0.110147E+06   0.657207E+00
   0.192454E+00   0.110522E+06   0.106062E+06   0.269606E+01   0.234424E+01   0.171291E+05   0.105627E+06   0.109801E+06   0.105627E+06  -0.303191E-01   0.106910E+06   0.106744E+06   0.560653E+00
   0.197815E+00   0.106738E+06   0.102525E+06   0.246385E+01   0.214223E+01   0.159999E+05   0.102001E+06   0.106057E+06   0.102001E+06  -0.292783E-01   0.103251E+06   0.103095E+06   0.516929E+00
   0.203175E+00   0.102717E+06   0.985462E+05   0.224613E+01   0.195285E+01   0.148957E+05   0.981177E+05   0.102043E+06   0.981177E+05  -0.281637E-01   0.993336E+05   0.991734E+05   0.515137E+00
   0.208535E+00   0.985794E+05   0.943123E+05   0.204439E+01   0.177739E+01   0.138339E+05   0.941037E+05   0.978898E+05   0.941038E+05  -0.270115E-01   0.952830E+05   0.951116E+05   0.537170E+00
   0.213896E+00   0.945068E+05   0.900935E+05   0.186101E+01   0.161792E+01   0.128399E+05   0.901473E+05   0.937936E+05   0.901473E+05  -0.258758E-01   0.912897E+05   0.911051E+05   0.563599E+00
   0.219256E+00   0.906641E+05   0.861385E+05   0.169747E+01   0.147570E+01   0.119320E+05   0.864194E+05   0.899327E+05   0.864194E+05  -0.248058E-01   0.875260E+05   0.873318E+05   0.578654E+00
   0.224616E+00   0.871754E+05   0.826313E+05   0.155400E+01   0.135093E+01   0.111209E+05   0.830484E+05   0.864410E+05   0.830484E+05  -0.238382E-01   0.841215E+05   0.839244E+05   0.573234E+00
   0.229977E+00   0.841132E+05   0.796693E+05   0.142967E+01   0.124281E+01   0.104088E+05   0.801076E+05   0.833951E+05   0.801076E+05  -0.229941E-01   0.811504E+05   0.809583E+05   0.545693E+00
   0.235337E+00   0.814765E+05   0.772405E+05   0.132228E+01   0.114941E+01   0.978738E+04   0.775937E+05   0.807919E+05   0.775937E+05  -0.222725E-01   0.786097E+05   0.784293E+05   0.500686E+00
   0.240697E+00   0.791873E+05   0.752296E+05   0.122863E+01   0.106795E+01   0.923999E+04   0.754259E+05   0.785477E+05   0.754259E+05  -0.216502E-01   0.764181E+05   0.762536E+05   0.446708E+00
   0.246057E+00   0.771242E+05   0.734647E+05   0.114526E+01   0.995447E+00   0.874645E+04   0.734796E+05   0.765328E+05   0.734796E+05  -0.210916E-01   0.744502E+05   0.743021E+05   0.393192E+00
   0.251418E+00   0.751627E+05   0.717722E+05   0.106922E+01   0.929313E+00   0.828763E+04   0.716273E+05   0.746148E+05   0.716273E+05  -0.205599E-01   0.725773E+05   0.724434E+05   0.347977E+00
   0.256778E+00   0.732015E+05   0.700162E+05   0.998323E+00   0.867664E+00   0.785008E+04   0.697664E+05   0.726867E+05   0.697664E+05  -0.200257E-01   0.706959E+05   0.705718E+05   0.315691E+00
   0.262138E+00   0.711808E+05   0.681216E+05   0.931318E+00   0.809404E+00   0.742586E+04   0.678370E+05   0.706864E+05   0.678370E+05  -0.194719E-01   0.687454E+05   0.686262E+05   0.297232E+00
   0.267499E+00   0.690923E+05   0.660864E+05   0.867820E+00   0.754200E+00   0.701341E+04   0.658323E+05   0.686066E+05   0.658323E+05  -0.188965E-01   0.667189E+05   0.666000E+05   0.290247E+00
   0.272859E+00   0.669728E+05   0.639688E+05   0.808072E+00   0.702261E+00   0.661662E+04   0.637907E+05   0.664874E+05   0.637907E+05  -0.183104E-01   0.646549E+05   0.645337E+05   0.290319E+00
   0.278219E+00   0.648812E+05   0.618578E+05   0.752540E+00   0.653988E+00   0.624048E+04   0.617733E+05   0.643926E+05   0.617733E+05  -0.177314E-01   0.626153E+05   0.624907E+05   0.292439E+00
   0.283580E+00   0.628774E+05   0.598425E+05   0.701614E+00   0.609721E+00   0.589006E+04   0.598422E+05   0.623869E+05   0.598422E+05  -0.171771E-01   0.606625E+05   0.605356E+05   0.292322E+00
   0.288940E+00   0.610103E+05   0.579933E+05   0.655473E+00   0.569612E+00   0.556873E+04   0.580475E+05   0.605227E+05   0.580475E+05  -0.166619E-01   0.588473E+05   0.587202E+05   0.287271E+00
   0.294300E+00   0.593084E+05   0.563487E+05   0.614012E+00   0.533571E+00   0.527697E+04   0.564179E+05   0.588300E+05   0.564179E+05  -0.161942E-01   0.571986E+05   0.570740E+05   0.276500E+00
   0.299661E+00   0.577724E+05   0.549076E+05   0.576828E+00   0.501246E+00   0.501315E+04   0.549539E+05   0.573094E+05   0.549539E+05  -0.157739E-01   0.557171E+05   0.555974E+05   0.260934E+00
   0.305021E+00   0.563771E+05   0.536330E+05   0.543278E+00   0.472080E+00   0.477306E+04   0.536292E+05   0.559336E+05   0.536292E+05  -0.153937E-01   0.543763E+05   0.542630E+05   0.242650E+00
   0.310381E+00   0.550819E+05   0.524675E+05   0.512645E+00   0.445450E+00   0.455155E+04   0.524024E+05   0.546594E+05   0.524024E+05  -0.150416E-01   0.531343E+05   0.530279E+05   0.224136E+00
   0.315741E+00   0.538441E+05   0.513515E+05   0.484276E+00   0.420789E+00   0.434400E+04   0.512298E+05   0.534413E+05   0.512298E+05  -0.147050E-01   0.519473E+05   0.518470E+05   0.207597E+00
   0.321102E+00   0.526276E+05   0.502361E+05   0.457658E+00   0.397652E+00   0.414637E+04   0.500748E+05   0.522411E+05   0.500748E+05  -0.143735E-01   0.507781E+05   0.506825E+05   0.194465E+00
   0.326462E+00   0.514084E+05   0.490910E+05   0.432454E+00   0.375745E+00   0.395624E+04   0.489134E+05   0.510339E+05   0.489134E+05  -0.140401E-01   0.496025E+05   0.495100E+05   0.185202E+00
   0.331822E+00   0.501791E+05   0.479093E+05   0.408508E+00   0.354933E+00   0.377278E+04   0.477386E+05   0.498123E+05   0.477386E+05  -0.137029E-01   0.484133E+05   0.483222E+05   0.179365E+00
   0.337183E+00   0.489483E+05   0.467063E+05   0.385817E+00   0.335214E+00   0.359626E+04   0.465595E+05   0.485860E+05   0.465595E+05  -0.133644E-01   0.472199E+05   0.471291E+05   0.175880E+00
   0.342543E+00   0.477353E+05   0.455108E+05   0.364464E+00   0.316657E+00   0.342794E+04   0.453963E+05   0.473758E+05   0.453963E+05  -0.130305E-01   0.460424E+05   0.459515E+05   0.173411E+00
   0.347903E+00   0.465615E+05   0.443543E+05   0.344530E+00   0.299334E+00   0.326902E+04   0.442709E+05   0.462048E+05   0.442709E+05  -0.127075E-01   0.449031E+05   0.448122E+05   0.170721E+00
   0.353264E+00   0.454443E+05   0.432624E+05   0.326054E+00   0.283278E+00   0.312025E+04   0.432012E+05   0.450917E+05   0.432012E+05  -0.124005E-01   0.438201E+05   0.437298E+05   0.166950E+00
   0.358624E+00   0.443940E+05   0.422495E+05   0.309011E+00   0.268467E+00   0.298190E+04   0.421978E+05   0.440475E+05   0.421978E+05  -0.121124E-01   0.428040E+05   0.427152E+05   0.161739E+00
   0.363984E+00   0.434125E+05   0.413180E+05   0.293310E+00   0.254822E+00   0.285348E+04   0.412624E+05   0.430740E+05   0.412624E+05  -0.118439E-01   0.418566E+05   0.417701E+05   0.155217E+00
   0.369344E+00   0.424933E+05   0.404580E+05   0.278810E+00   0.242221E+00   0.273394E+04   0.403884E+05   0.421644E+05   0.403884E+05  -0.115931E-01   0.409712E+05   0.408876E+05   0.147869E+00
   0.374705E+00   0.416236E+05   0.396517E+05   0.265340E+00   0.230515E+00   0.262204E+04   0.395625E+05   0.413049E+05   0.395625E+05  -0.113560E-01   0.401346E+05   0.400541E+05   0.140347E+00
   0.380065E+00   0.407884E+05   0.388782E+05   0.252729E+00   0.219556E+00   0.251634E+04   0.387697E+05   0.404797E+05   0.387697E+05  -0.111284E-01   0.393314E+05   0.392538E+05   0.133285E+00
   0.385425E+00   0.399746E+05   0.381198E+05   0.240837E+00   0.209222E+00   0.241567E+04   0.379966E+05   0.396748E+05   0.379966E+05  -0.109065E-01   0.385481E+05   0.384731E+05   0.127143E+00
   0.390786E+00   0.391730E+05   0.373645E+05   0.229562E+00   0.199424E+00   0.231927E+04   0.372339E+05   0.388807E+05   0.372339E+05  -0.106876E-01   0.377754E+05   0.377024E+05   0.122131E+00
   0.396146E+00   0.383791E+05   0.366073E+05   0.218841E+00   0.190108E+00   0.222656E+04   0.364773E+05   0.380928E+05   0.364773E+05  -0.104704E-01   0.370089E+05   0.369372E+05   0.118200E+00
   0.401506E+00   0.375931E+05   0.358501E+05   0.208644E+00   0.181248E+00   0.213752E+04   0.357271E+05   0.373114E+05   0.357271E+05  -0.102551E-01   0.362489E+05   0.361782E+05   0.115101E+00
   0.406867E+00   0.368198E+05   0.351007E+05   0.198971E+00   0.172844E+00   0.205226E+04   0.349885E+05   0.365420E+05   0.349885E+05  -0.100431E-01   0.355007E+05   0.354306E+05   0.112481E+00
   0.412227E+00   0.360668E+05   0.343699E+05   0.189834E+00   0.164905E+00   0.197096E+04   0.342691E+05   0.357925E+05   0.342691E+05  -0.983660E-02   0.347718E+05   0.347024E+05   0.109981E+00
   0.417587E+00   0.353404E+05   0.336672E+05   0.181239E+00   0.157437E+00   0.189394E+04   0.335757E+05   0.350700E+05   0.335757E+05  -0.963756E-02   0.340692E+05   0.340006E+05   0.107320E+00
   0.422948E+00   0.346442E+05   0.329978E+05   0.173172E+00   0.150428E+00   0.182111E+04   0.329117E+05   0.343781E+05   0.329117E+05  -0.944695E-02   0.333963E+05   0.333288E+05   0.104348E+00
   0.428308E+00   0.339786E+05   0.323629E+05   0.165605E+00   0.143853E+00   0.175233E+04   0.322777E+05   0.337175E+05   0.322777E+05  -0.926497E-02   0.327538E+05   0.326876E+05   0.101050E+00
   0.433668E+00   0.333426E+05   0.317607E+05   0.158502E+00   0.137682E+00   0.168738E+04   0.316726E+05   0.330869E+05   0.316726E+05  -0.909129E-02   0.321406E+05   0.320758E+05   0.975221E-01
   0.439028E+00   0.327332E+05   0.311868E+05   0.151822E+00   0.131878E+00   0.162584E+04   0.310934E+05   0.324833E+05   0.310934E+05  -0.892504E-02   0.315535E+05   0.314904E+05   0.939303E-01
   0.444389E+00   0.321456E+05   0.306343E+05   0.145515E+00   0.126398E+00   0.156739E+04   0.305350E+05   0.319013E+05   0.305350E+05  -0.876476E-02   0.309875E+05   0.309259E+05   0.904529E-01
   0.449749E+00   0.315739E+05   0.300960E+05   0.139535E+00   0.121203E+00   0.151156E+04   0.299918E+05   0.313351E+05   0.299918E+05  -0.860882E-02   0.304368E+05   0.303767E+05   0.872360E-01
   0.455109E+00   0.310143E+05   0.295667E+05   0.133845E+00   0.116259E+00   0.145803E+04   0.294596E+05   0.307804E+05   0.294596E+05  -0.845608E-02   0.298974E+05   0.298386E+05   0.843632E-01
   0.460470E+00   0.304650E+05   0.290443E+05   0.128423E+00   0.111548E+00   0.140664E+04   0.289369E+05   0.302354E+05   0.289369E+05  -0.830604E-02   0.293675E+05   0.293098E+05   0.818471E-01
   0.465830E+00   0.299257E+05   0.285286E+05   0.123252E+00   0.107056E+00   0.135726E+04   0.284233E+05   0.296999E+05   0.284233E+05  -0.815860E-02   0.288468E+05   0.287900E+05   0.796390E-01
   0.471190E+00   0.293967E+05   0.280210E+05   0.118324E+00   0.102774E+00   0.130986E+04   0.279193E+05   0.291744E+05   0.279193E+05  -0.801394E-02   0.283359E+05   0.282799E+05   0.776496E-01
   0.476551E+00   0.288794E+05   0.275238E+05   0.113630E+00   0.986971E-01   0.126443E+04   0.274264E+05   0.286604E+05   0.274264E+05  -0.787246E-02   0.278363E+05   0.277810E+05   0.757765E-01
   0.481911E+00   0.283759E+05   0.270401E+05   0.109169E+00   0.948215E-01   0.122095E+04   0.269467E+05   0.281601E+05   0.269467E+05  -0.773476E-02   0.273499E+05   0.272954E+05   0.739298E-01
   0.487271E+00   0.278881E+05   0.265725E+05   0.104936E+00   0.911437E-01   0.117944E+04   0.264820E+05   0.276754E+05   0.264820E+05  -0.760138E-02   0.268788E+05   0.268251E+05   0.720500E-01
   0.492631E+00   0.274165E+05   0.261222E+05   0.100921E+00   0.876564E-01   0.113988E+04   0.260332E+05   0.272073E+05   0.260332E+05  -0.747256E-02   0.264238E+05   0.263709E+05   0.701151E-01
   0.497992E+00   0.269608E+05   0.256885E+05   0.971130E-01   0.843480E-01   0.110212E+04   0.255997E+05   0.267552E+05   0.255997E+05  -0.734813E-02   0.259842E+05   0.259323E+05   0.681372E-01
   0.503352E+00   0.265194E+05   0.252697E+05   0.934950E-01   0.812050E-01   0.106606E+04   0.251801E+05   0.263175E+05   0.251801E+05  -0.722768E-02   0.255587E+05   0.255078E+05   0.661529E-01
   0.508712E+00   0.260909E+05   0.248637E+05   0.900521E-01   0.782141E-01   0.103155E+04   0.247728E+05   0.258926E+05   0.247728E+05  -0.711077E-02   0.251457E+05   0.250957E+05   0.642090E-01
   0.514073E+00   0.256740E+05   0.244685E+05   0.867709E-01   0.753637E-01   0.998464E+03   0.243765E+05   0.254792E+05   0.243765E+05  -0.699702E-02   0.247438E+05   0.246948E+05   0.623496E-01
   0.519433E+00   0.252671E+05   0.240825E+05   0.836387E-01   0.726428E-01   0.966728E+03   0.239897E+05   0.250756E+05   0.239897E+05  -0.688600E-02   0.243516E+05   0.243034E+05   0.606052E-01
   0.524793E+00   0.248689E+05   0.237038E+05   0.806435E-01   0.700409E-01   0.936188E+03   0.236111E+05   0.246806E+05   0.236111E+05  -0.677731E-02   0.239676E+05   0.239202E+05   0.589875E-01
   0.530154E+00   0.244784E+05   0.233316E+05   0.777759E-01   0.675499E-01   0.906776E+03   0.232397E+05   0.242931E+05   0.232397E+05  -0.667071E-02   0.235910E+05   0.235443E+05   0.574899E-01
   0.535514E+00   0.240957E+05   0.229660E+05   0.750305E-01   0.651651E-01   0.878482E+03   0.228756E+05   0.239131E+05   0.228756E+05  -0.656620E-02   0.232217E+05   0.231758E+05   0.560917E-01
   0.540874E+00   0.237214E+05   0.226081E+05   0.724038E-01   0.628834E-01   0.851245E+03   0.225195E+05   0.235415E+05   0.225195E+05  -0.646398E-02   0.228606E+05   0.228152E+05   0.547653E-01
   0.546235E+00   0.233561E+05   0.222586E+05   0.698921E-01   0.607016E-01   0.825077E+03   0.221718E+05   0.231787E+05   0.221718E+05  -0.636420E-02   0.225080E+05   0.224633E+05   0.534831E-01
   0.551595E+00   0.229997E+05   0.219180E+05   0.674906E-01   0.586156E-01   0.799933E+03   0.218328E+05   0.228249E+05   0.218328E+05  -0.626688E-02   0.221642E+05   0.221201E+05   0.522233E-01
   0.556955E+00   0.226523E+05   0.215863E+05   0.651945E-01   0.566211E-01   0.775762E+03   0.215025E+05   0.224801E+05   0.215025E+05  -0.617205E-02   0.218291E+05   0.217856E+05   0.509735E-01
   0.562315E+00   0.223141E+05   0.212640E+05   0.629996E-01   0.547145E-01   0.752568E+03   0.211809E+05   0.221444E+05   0.211809E+05  -0.607975E-02   0.215029E+05   0.214601E+05   0.497314E-01
   0.567676E+00   0.219850E+05   0.209507E+05   0.609011E-01   0.528917E-01   0.730276E+03   0.208681E+05   0.218179E+05   0.208681E+05  -0.598996E-02   0.211856E+05   0.211434E+05   0.485030E-01
   0.573036E+00   0.216644E+05   0.206458E+05   0.588931E-01   0.511475E-01   0.708844E+03   0.205633E+05   0.214998E+05   0.205633E+05  -0.590249E-02   0.208765E+05   0.208350E+05   0.472990E-01
   0.578396E+00   0.213513E+05   0.203482E+05   0.569690E-01   0.494762E-01   0.688226E+03   0.202658E+05   0.211892E+05   0.202658E+05  -0.581708E-02   0.205747E+05   0.205338E+05   0.461312E-01
   0.629654E+00   0.186742E+05   0.177965E+05   0.420278E-01   0.364986E-01   0.524481E+03   0.177212E+05   0.185323E+05   0.177212E+05  -0.508669E-02   0.179932E+05   0.179575E+05   0.370832E-01
   0.769061E+00   0.135730E+05   0.129356E+05   0.204617E-01   0.177682E-01   0.273415E+03   0.128756E+05   0.134700E+05   0.128756E+05  -0.369581E-02   0.130759E+05   0.130500E+05   0.220304E-01
   0.939334E+00   0.981732E+04   0.935638E+04   0.991533E-02   0.860959E-02   0.140329E+03   0.931031E+04   0.974283E+04   0.931031E+04  -0.267243E-02   0.945658E+04   0.943784E+04   0.130377E-01
   0.114731E+01   0.707038E+04   0.673846E+04   0.478486E-02   0.415456E-02   0.710025E+02   0.670389E+04   0.701674E+04   0.670389E+04  -0.192428E-02   0.680997E+04   0.679647E+04   0.768453E-02
   0.140132E+01   0.507207E+04   0.483399E+04   0.230023E-02   0.199716E-02   0.354575E+02   0.480847E+04   0.503360E+04   0.480847E+04  -0.138022E-02   0.488495E+04   0.487527E+04   0.451232E-02
   0.171158E+01   0.362533E+04   0.345518E+04   0.110187E-02   0.956666E-03   0.174998E+02   0.343657E+04   0.359783E+04   0.343657E+04  -0.986430E-03   0.349142E+04   0.348451E+04   0.264050E-02
   0.209053E+01   0.258274E+04   0.246153E+04   0.526120E-03   0.456781E-03   0.854818E+01   0.244809E+04   0.256316E+04   0.244809E+04  -0.702699E-03   0.248727E+04   0.248234E+04   0.154047E-02
   0.255338E+01   0.183433E+04   0.174825E+04   0.250449E-03   0.217440E-03   0.413885E+01   0.173861E+04   0.182042E+04   0.173861E+04  -0.499050E-03   0.176649E+04   0.176298E+04   0.896250E-03
   0.311870E+01   0.129910E+04   0.123813E+04   0.118888E-03   0.103217E-03   0.198903E+01   0.123127E+04   0.128925E+04   0.123127E+04  -0.353422E-03   0.125103E+04   0.124855E+04   0.520210E-03
   0.380919E+01   0.917728E+03   0.874657E+03   0.562950E-04   0.488746E-04   0.950153E+00   0.869787E+03   0.910768E+03   0.869787E+03  -0.249663E-03   0.883762E+03   0.882005E+03   0.301393E-03
   0.465255E+01   0.646805E+03   0.616444E+03   0.265948E-04   0.230892E-04   0.451662E+00   0.613007E+03   0.641899E+03   0.613007E+03  -0.175957E-03   0.622862E+03   0.621620E+03   0.174384E-03
   0.568264E+01   0.454843E+03   0.433486E+03   0.125359E-04   0.108834E-04   0.213807E+00   0.431069E+03   0.451391E+03   0.431069E+03  -0.123734E-03   0.438003E+03   0.437126E+03   0.100819E-03
   0.694079E+01   0.319212E+03   0.304216E+03   0.589720E-05   0.511984E-05   0.100878E+00   0.302525E+03   0.316789E+03   0.302525E+03  -0.868365E-04   0.307392E+03   0.306773E+03   0.582955E-04
   0.847750E+01   0.223603E+03   0.213090E+03   0.276896E-05   0.240396E-05   0.474610E-01   0.211911E+03   0.221904E+03   0.211911E+03  -0.608268E-04   0.215322E+03   0.214884E+03   0.337498E-04
   0.103544E+02   0.156357E+03   0.148997E+03   0.129786E-05   0.112678E-05   0.222774E-01   0.148179E+03   0.155167E+03   0.148179E+03  -0.425333E-04   0.150565E+03   0.150254E+03   0.195945E-04
   0.126469E+02   0.109156E+03   0.104008E+03   0.607332E-06   0.527278E-06   0.104335E-01   0.103446E+03   0.108324E+03   0.103446E+03  -0.296929E-04   0.105112E+03   0.104890E+03   0.114331E-04
   0.154470E+02   0.760882E+02   0.724901E+02   0.283765E-06   0.246362E-06   0.487808E-02   0.721060E+02   0.755067E+02   0.721060E+02  -0.206973E-04   0.732679E+02   0.731089E+02   0.672413E-05
   0.188670E+02   0.529626E+02   0.504476E+02   0.132393E-06   0.114943E-06   0.227692E-02   0.501890E+02   0.525561E+02   0.501890E+02  -0.144062E-04   0.509983E+02   0.508828E+02   0.400161E-05
   0.230442E+02   0.368161E+02   0.350571E+02   0.616841E-07   0.535546E-07   0.106112E-02   0.348864E+02   0.365319E+02   0.348864E+02  -0.100138E-04   0.354496E+02   0.353642E+02   0.242148E-05
   0.281463E+02   0.255598E+02   0.243273E+02   0.287021E-07   0.249198E-07   0.493917E-03   0.242184E+02   0.253606E+02   0.242184E+02  -0.695162E-05   0.246099E+02   0.245454E+02   0.149852E-05
   0.343780E+02   0.177235E+02   0.168572E+02   0.133381E-07   0.115808E-07   0.229576E-03   0.167915E+02   0.175835E+02   0.167915E+02  -0.481982E-05   0.170636E+02   0.170134E+02   0.954087E-06
   0.419893E+02   0.122754E+02   0.116634E+02   0.619053E-08   0.537513E-08   0.106573E-03   0.116281E+02   0.121765E+02   0.116281E+02  -0.333771E-05   0.118171E+02   0.117768E+02   0.628315E-06
   0.512859E+02   0.849241E+01   0.805659E+01   0.286946E-08   0.249165E-08   0.494127E-04   0.804264E+01   0.842198E+01   0.804264E+01  -0.230855E-05   0.817407E+01   0.814036E+01   0.429458E-06
   0.626408E+02   0.586863E+01   0.555471E+01   0.132826E-08   0.115348E-08   0.228816E-04   0.555585E+01   0.581790E+01   0.555585E+01  -0.159475E-05   0.564732E+01   0.561809E+01   0.304828E-06
   0.765096E+02   0.405082E+01   0.382107E+01   0.613935E-09   0.533220E-09   0.105837E-04   0.383290E+01   0.401369E+01   0.383290E+01  -0.110019E-05   0.389669E+01   0.387045E+01   0.224097E-06
   0.934490E+02   0.279268E+01   0.262095E+01   0.283280E-09   0.246085E-09   0.488767E-05   0.264039E+01   0.276493E+01   0.264039E+01  -0.757896E-06   0.268504E+01   0.266076E+01   0.169740E-06
   0.114139E+03   0.192273E+01   0.179096E+01   0.130440E-09   0.113346E-09   0.225224E-05   0.181579E+01   0.190144E+01   0.181579E+01  -0.521204E-06   0.184721E+01   0.182423E+01   0.131561E-06
