#           k/h    P           
    0.10000E-03    0.22882E+03
    0.10202E-03    0.23328E+03
    0.10408E-03    0.23783E+03
    0.10618E-03    0.24247E+03
    0.10833E-03    0.24719E+03
    0.11052E-03    0.25201E+03
    0.11275E-03    0.25693E+03
    0.11503E-03    0.26194E+03
    0.11735E-03    0.26704E+03
    0.11972E-03    0.27225E+03
    0.12214E-03    0.27756E+03
    0.12461E-03    0.28297E+03
    0.12712E-03    0.28848E+03
    0.12969E-03    0.29411E+03
    0.13231E-03    0.29984E+03
    0.13499E-03    0.30569E+03
    0.13771E-03    0.31165E+03
    0.14049E-03    0.31772E+03
    0.14333E-03    0.32391E+03
    0.14623E-03    0.33023E+03
    0.14918E-03    0.33666E+03
    0.15220E-03    0.34322E+03
    0.15527E-03    0.34991E+03
    0.15841E-03    0.35673E+03
    0.16161E-03    0.36368E+03
    0.16487E-03    0.37077E+03
    0.16820E-03    0.37799E+03
    0.17160E-03    0.38536E+03
    0.17507E-03    0.39286E+03
    0.17860E-03    0.40052E+03
    0.18221E-03    0.40832E+03
    0.18589E-03    0.41627E+03
    0.18965E-03    0.42438E+03
    0.19348E-03    0.43265E+03
    0.19739E-03    0.44107E+03
    0.20138E-03    0.44966E+03
    0.20544E-03    0.45842E+03
    0.20959E-03    0.46735E+03
    0.21383E-03    0.47645E+03
    0.21815E-03    0.48572E+03
    0.22255E-03    0.49518E+03
    0.22705E-03    0.50482E+03
    0.23164E-03    0.51464E+03
    0.23632E-03    0.52466E+03
    0.24109E-03    0.53487E+03
    0.24596E-03    0.54528E+03
    0.25093E-03    0.55589E+03
    0.25600E-03    0.56670E+03
    0.26117E-03    0.57773E+03
    0.26645E-03    0.58896E+03
    0.27183E-03    0.60042E+03
    0.27732E-03    0.61209E+03
    0.28292E-03    0.62399E+03
    0.28864E-03    0.63612E+03
    0.29447E-03    0.64849E+03
    0.30042E-03    0.66109E+03
    0.30649E-03    0.67394E+03
    0.31268E-03    0.68703E+03
    0.31899E-03    0.70038E+03
    0.32544E-03    0.71398E+03
    0.33201E-03    0.72785E+03
    0.33872E-03    0.74198E+03
    0.34556E-03    0.75639E+03
    0.35254E-03    0.77107E+03
    0.35966E-03    0.78603E+03
    0.36693E-03    0.80128E+03
    0.37434E-03    0.81682E+03
    0.38190E-03    0.83267E+03
    0.38962E-03    0.84881E+03
    0.39749E-03    0.86526E+03
    0.40552E-03    0.88203E+03
    0.41371E-03    0.89912E+03
    0.42207E-03    0.91654E+03
    0.43060E-03    0.93428E+03
    0.43929E-03    0.95237E+03
    0.44817E-03    0.97080E+03
    0.45722E-03    0.98959E+03
    0.46646E-03    0.10087E+04
    0.47588E-03    0.10282E+04
    0.48550E-03    0.10481E+04
    0.49530E-03    0.10684E+04
    0.50531E-03    0.10890E+04
    0.51552E-03    0.11100E+04
    0.52593E-03    0.11314E+04
    0.53656E-03    0.11533E+04
    0.54739E-03    0.11755E+04
    0.55845E-03    0.11982E+04
    0.56973E-03    0.12213E+04
    0.58124E-03    0.12448E+04
    0.59299E-03    0.12687E+04
    0.60496E-03    0.12932E+04
    0.61719E-03    0.13180E+04
    0.62965E-03    0.13434E+04
    0.64237E-03    0.13692E+04
    0.65535E-03    0.13955E+04
    0.66859E-03    0.14222E+04
    0.68210E-03    0.14495E+04
    0.69588E-03    0.14773E+04
    0.70993E-03    0.15056E+04
    0.72427E-03    0.15344E+04
    0.73891E-03    0.15638E+04
    0.75383E-03    0.15937E+04
    0.76906E-03    0.16241E+04
    0.78460E-03    0.16551E+04
    0.80045E-03    0.16867E+04
    0.81662E-03    0.17189E+04
    0.83311E-03    0.17516E+04
    0.84994E-03    0.17850E+04
    0.86711E-03    0.18189E+04
    0.88463E-03    0.18535E+04
    0.90250E-03    0.18887E+04
    0.92073E-03    0.19245E+04
    0.93933E-03    0.19610E+04
    0.95831E-03    0.19981E+04
    0.97767E-03    0.20359E+04
    0.99742E-03    0.20744E+04
    0.10176E-02    0.21135E+04
    0.10381E-02    0.21534E+04
    0.10591E-02    0.21940E+04
    0.10805E-02    0.22352E+04
    0.11023E-02    0.22773E+04
    0.11246E-02    0.23200E+04
    0.11473E-02    0.23635E+04
    0.11705E-02    0.24078E+04
    0.11941E-02    0.24528E+04
    0.12182E-02    0.24986E+04
    0.12429E-02    0.25453E+04
    0.12680E-02    0.25927E+04
    0.12936E-02    0.26409E+04
    0.13197E-02    0.26900E+04
    0.13464E-02    0.27399E+04
    0.13736E-02    0.27906E+04
    0.14013E-02    0.28422E+04
    0.14296E-02    0.28947E+04
    0.14585E-02    0.29481E+04
    0.14880E-02    0.30023E+04
    0.15180E-02    0.30574E+04
    0.15487E-02    0.31135E+04
    0.15800E-02    0.31705E+04
    0.16119E-02    0.32284E+04
    0.16445E-02    0.32873E+04
    0.16777E-02    0.33471E+04
    0.17116E-02    0.34078E+04
    0.17462E-02    0.34696E+04
    0.17814E-02    0.35323E+04
    0.18174E-02    0.35960E+04
    0.18541E-02    0.36607E+04
    0.18916E-02    0.37265E+04
    0.19298E-02    0.37932E+04
    0.19688E-02    0.38610E+04
    0.20086E-02    0.39298E+04
    0.20491E-02    0.39996E+04
    0.20905E-02    0.40705E+04
    0.21328E-02    0.41425E+04
    0.21758E-02    0.42155E+04
    0.22198E-02    0.42895E+04
    0.22646E-02    0.43647E+04
    0.23104E-02    0.44409E+04
    0.23571E-02    0.45182E+04
    0.24047E-02    0.45966E+04
    0.24533E-02    0.46761E+04
    0.25028E-02    0.47567E+04
    0.25534E-02    0.48384E+04
    0.26050E-02    0.49212E+04
    0.26576E-02    0.50051E+04
    0.27113E-02    0.50900E+04
    0.27660E-02    0.51761E+04
    0.28219E-02    0.52633E+04
    0.28789E-02    0.53515E+04
    0.29371E-02    0.54409E+04
    0.29964E-02    0.55314E+04
    0.30569E-02    0.56229E+04
    0.31187E-02    0.57155E+04
    0.31817E-02    0.58092E+04
    0.32460E-02    0.59039E+04
    0.33115E-02    0.59997E+04
    0.33784E-02    0.60965E+04
    0.34467E-02    0.61944E+04
    0.35163E-02    0.62933E+04
    0.35874E-02    0.63932E+04
    0.36598E-02    0.64941E+04
    0.37338E-02    0.65959E+04
    0.38092E-02    0.66987E+04
    0.38861E-02    0.68025E+04
    0.39646E-02    0.69071E+04
    0.40447E-02    0.70126E+04
    0.41264E-02    0.71190E+04
    0.42098E-02    0.72263E+04
    0.42948E-02    0.73343E+04
    0.43816E-02    0.74431E+04
    0.44701E-02    0.75527E+04
    0.45604E-02    0.76630E+04
    0.46525E-02    0.77739E+04
    0.47465E-02    0.78855E+04
    0.48424E-02    0.79977E+04
    0.49402E-02    0.81104E+04
    0.50400E-02    0.82236E+04
    0.51419E-02    0.83373E+04
    0.52457E-02    0.84514E+04
    0.53517E-02    0.85658E+04
    0.54598E-02    0.86806E+04
    0.55701E-02    0.87956E+04
    0.56826E-02    0.89108E+04
    0.57974E-02    0.90261E+04
    0.59145E-02    0.91415E+04
    0.60340E-02    0.92568E+04
    0.61559E-02    0.93721E+04
    0.62803E-02    0.94873E+04
    0.64072E-02    0.96022E+04
    0.65366E-02    0.97168E+04
    0.66686E-02    0.98310E+04
    0.68033E-02    0.99448E+04
    0.69408E-02    0.10058E+05
    0.70810E-02    0.10171E+05
    0.72240E-02    0.10282E+05
    0.73700E-02    0.10393E+05
    0.75189E-02    0.10504E+05
    0.76708E-02    0.10613E+05
    0.78257E-02    0.10721E+05
    0.79838E-02    0.10827E+05
    0.81451E-02    0.10933E+05
    0.83096E-02    0.11037E+05
    0.84775E-02    0.11139E+05
    0.86488E-02    0.11240E+05
    0.88235E-02    0.11339E+05
    0.90017E-02    0.11436E+05
    0.91836E-02    0.11531E+05
    0.93691E-02    0.11624E+05
    0.95583E-02    0.11715E+05
    0.97514E-02    0.11803E+05
    0.99484E-02    0.11889E+05
    0.10149E-01    0.11972E+05
    0.10354E-01    0.12052E+05
    0.10564E-01    0.12130E+05
    0.10777E-01    0.12204E+05
    0.10995E-01    0.12275E+05
    0.11217E-01    0.12343E+05
    0.11443E-01    0.12408E+05
    0.11675E-01    0.12469E+05
    0.11910E-01    0.12526E+05
    0.12151E-01    0.12579E+05
    0.12397E-01    0.12629E+05
    0.12647E-01    0.12674E+05
    0.12902E-01    0.12715E+05
    0.13163E-01    0.12752E+05
    0.13429E-01    0.12784E+05
    0.13700E-01    0.12811E+05
    0.13977E-01    0.12834E+05
    0.14259E-01    0.12852E+05
    0.14547E-01    0.12865E+05
    0.14841E-01    0.12873E+05
    0.15141E-01    0.12875E+05
    0.15447E-01    0.12872E+05
    0.15759E-01    0.12864E+05
    0.16077E-01    0.12850E+05
    0.16402E-01    0.12831E+05
    0.16734E-01    0.12806E+05
    0.17072E-01    0.12775E+05
    0.17416E-01    0.12738E+05
    0.17768E-01    0.12696E+05
    0.18127E-01    0.12647E+05
    0.18493E-01    0.12593E+05
    0.18867E-01    0.12532E+05
    0.19248E-01    0.12466E+05
    0.19637E-01    0.12393E+05
    0.20034E-01    0.12315E+05
    0.20438E-01    0.12230E+05
    0.20851E-01    0.12139E+05
    0.21272E-01    0.12043E+05
    0.21702E-01    0.11941E+05
    0.22141E-01    0.11833E+05
    0.22588E-01    0.11719E+05
    0.23044E-01    0.11599E+05
    0.23510E-01    0.11474E+05
    0.23985E-01    0.11344E+05
    0.24469E-01    0.11208E+05
    0.24964E-01    0.11067E+05
    0.25468E-01    0.10921E+05
    0.25982E-01    0.10772E+05
    0.26507E-01    0.10619E+05
    0.27043E-01    0.10462E+05
    0.27589E-01    0.10302E+05
    0.28146E-01    0.10138E+05
    0.28715E-01    0.99714E+04
    0.29295E-01    0.98008E+04
    0.29887E-01    0.96271E+04
    0.30490E-01    0.94509E+04
    0.31106E-01    0.92729E+04
    0.31735E-01    0.90937E+04
    0.32376E-01    0.89139E+04
    0.33030E-01    0.87339E+04
    0.33697E-01    0.85541E+04
    0.34378E-01    0.83748E+04
    0.35072E-01    0.81963E+04
    0.35781E-01    0.80190E+04
    0.36504E-01    0.78432E+04
    0.37241E-01    0.76696E+04
    0.37993E-01    0.74989E+04
    0.38761E-01    0.73314E+04
    0.39544E-01    0.71678E+04
    0.40343E-01    0.70083E+04
    0.41158E-01    0.68529E+04
    0.41989E-01    0.67019E+04
    0.42838E-01    0.65553E+04
    0.43703E-01    0.64133E+04
    0.44586E-01    0.62760E+04
    0.45486E-01    0.61441E+04
    0.46405E-01    0.60177E+04
    0.47343E-01    0.58974E+04
    0.48299E-01    0.57833E+04
    0.49275E-01    0.56751E+04
    0.50270E-01    0.55723E+04
    0.51286E-01    0.54743E+04
    0.52322E-01    0.53807E+04
    0.53379E-01    0.52911E+04
    0.54457E-01    0.52050E+04
    0.55557E-01    0.51219E+04
    0.56680E-01    0.50415E+04
    0.57825E-01    0.49633E+04
    0.58993E-01    0.48869E+04
    0.60184E-01    0.48119E+04
    0.61400E-01    0.47379E+04
    0.62641E-01    0.46639E+04
    0.63906E-01    0.45894E+04
    0.65197E-01    0.45133E+04
    0.66514E-01    0.44350E+04
    0.67858E-01    0.43537E+04
    0.69229E-01    0.42687E+04
    0.70627E-01    0.41796E+04
    0.72054E-01    0.40859E+04
    0.73510E-01    0.39874E+04
    0.74994E-01    0.38840E+04
    0.76509E-01    0.37760E+04
    0.78055E-01    0.36638E+04
    0.79632E-01    0.35479E+04
    0.81241E-01    0.34292E+04
    0.82882E-01    0.33088E+04
    0.84556E-01    0.31875E+04
    0.86264E-01    0.30666E+04
    0.88007E-01    0.29471E+04
    0.89785E-01    0.28300E+04
    0.91598E-01    0.27163E+04
    0.93449E-01    0.26070E+04
    0.95337E-01    0.25031E+04
    0.97263E-01    0.24054E+04
    0.99227E-01    0.23147E+04
    0.10123E+00    0.22316E+04
    0.10328E+00    0.21565E+04
    0.10536E+00    0.20895E+04
    0.10749E+00    0.20305E+04
    0.10966E+00    0.19788E+04
    0.11188E+00    0.19334E+04
    0.11414E+00    0.18933E+04
    0.11644E+00    0.18570E+04
    0.11880E+00    0.18229E+04
    0.12120E+00    0.17895E+04
    0.12365E+00    0.17554E+04
    0.12614E+00    0.17192E+04
    0.12869E+00    0.16798E+04
    0.13129E+00    0.16364E+04
    0.13394E+00    0.15887E+04
    0.13665E+00    0.15366E+04
    0.13941E+00    0.14804E+04
    0.14223E+00    0.14210E+04
    0.14510E+00    0.13594E+04
    0.14803E+00    0.12970E+04
    0.15102E+00    0.12354E+04
    0.15407E+00    0.11760E+04
    0.15718E+00    0.11205E+04
    0.16036E+00    0.10701E+04
    0.16360E+00    0.10258E+04
    0.16690E+00    0.98774E+03
    0.17028E+00    0.95564E+03
    0.17371E+00    0.92857E+03
    0.17722E+00    0.90528E+03
    0.18080E+00    0.88443E+03
    0.18446E+00    0.86459E+03
    0.18818E+00    0.84434E+03
    0.19198E+00    0.82233E+03
    0.19586E+00    0.79748E+03
    0.19982E+00    0.76936E+03
    0.20386E+00    0.73832E+03
    0.20797E+00    0.70537E+03
    0.21218E+00    0.67190E+03
    0.21646E+00    0.63925E+03
    0.22083E+00    0.60864E+03
    0.22530E+00    0.58101E+03
    0.22985E+00    0.55698E+03
    0.23449E+00    0.53663E+03
    0.23923E+00    0.51941E+03
    0.24406E+00    0.50434E+03
    0.24899E+00    0.49021E+03
    0.25402E+00    0.47585E+03
    0.25915E+00    0.46034E+03
    0.26439E+00    0.44327E+03
    0.26973E+00    0.42481E+03
    0.27518E+00    0.40564E+03
    0.28074E+00    0.38668E+03
    0.28641E+00    0.36880E+03
    0.29219E+00    0.35266E+03
    0.29810E+00    0.33855E+03
    0.30412E+00    0.32625E+03
    0.31026E+00    0.31516E+03
    0.31653E+00    0.30456E+03
    0.32292E+00    0.29379E+03
    0.32945E+00    0.28246E+03
    0.33610E+00    0.27060E+03
    0.34289E+00    0.25862E+03
    0.34982E+00    0.24703E+03
    0.35689E+00    0.23628E+03
    0.36409E+00    0.22656E+03
    0.37145E+00    0.21778E+03
    0.37895E+00    0.20960E+03
    0.38661E+00    0.20162E+03
    0.39442E+00    0.19360E+03
    0.40239E+00    0.18546E+03
    0.41052E+00    0.17740E+03
    0.41881E+00    0.16968E+03
    0.42727E+00    0.16247E+03
    0.43590E+00    0.15580E+03
    0.44471E+00    0.14954E+03
    0.45369E+00    0.14350E+03
    0.46286E+00    0.13754E+03
    0.47221E+00    0.13168E+03
    0.48174E+00    0.12598E+03
    0.49148E+00    0.12057E+03
    0.50141E+00    0.11548E+03
    0.51153E+00    0.11066E+03
    0.52187E+00    0.10602E+03
    0.53241E+00    0.10151E+03
    0.54317E+00    0.97130E+02
    0.55414E+00    0.92930E+02
    0.56533E+00    0.88930E+02
    0.57675E+00    0.85127E+02
    0.58840E+00    0.81474E+02
    0.60029E+00    0.77956E+02
    0.61242E+00    0.74574E+02
    0.62479E+00    0.71328E+02
    0.63741E+00    0.68219E+02
    0.65029E+00    0.65242E+02
    0.66342E+00    0.62391E+02
    0.67683E+00    0.59661E+02
    0.69050E+00    0.57047E+02
    0.70445E+00    0.54544E+02
    0.71868E+00    0.52146E+02
    0.73320E+00    0.49849E+02
    0.74801E+00    0.47650E+02
    0.76312E+00    0.45543E+02
    0.77854E+00    0.43525E+02
    0.79426E+00    0.41592E+02
    0.81031E+00    0.39740E+02
    0.82668E+00    0.37968E+02
    0.84338E+00    0.36271E+02
    0.86041E+00    0.34647E+02
    0.87780E+00    0.33093E+02
    0.89553E+00    0.31606E+02
    0.91362E+00    0.30183E+02
    0.93208E+00    0.28822E+02
    0.95091E+00    0.27521E+02
    0.97011E+00    0.26276E+02
    0.98971E+00    0.25086E+02
    0.10097E+01    0.23947E+02
    0.10301E+01    0.22859E+02
    0.10509E+01    0.21819E+02
    0.10721E+01    0.20824E+02
    0.10938E+01    0.19874E+02
    0.11159E+01    0.18965E+02
    0.11384E+01    0.18096E+02
    0.11614E+01    0.17266E+02
    0.11849E+01    0.16473E+02
    0.12088E+01    0.15715E+02
    0.12333E+01    0.14991E+02
    0.12582E+01    0.14300E+02
    0.12836E+01    0.13639E+02
    0.13095E+01    0.13008E+02
    0.13360E+01    0.12405E+02
    0.13630E+01    0.11829E+02
    0.13905E+01    0.11279E+02
    0.14186E+01    0.10754E+02
    0.14472E+01    0.10253E+02
    0.14765E+01    0.97747E+01
    0.15063E+01    0.93179E+01
    0.15367E+01    0.88818E+01
    0.15678E+01    0.84656E+01
    0.15994E+01    0.80684E+01
    0.16318E+01    0.76894E+01
    0.16647E+01    0.73277E+01
    0.16984E+01    0.69825E+01
    0.17327E+01    0.66532E+01
    0.17677E+01    0.63391E+01
    0.18034E+01    0.60394E+01
    0.18398E+01    0.57535E+01
    0.18770E+01    0.54809E+01
    0.19149E+01    0.52208E+01
    0.19536E+01    0.49728E+01
    0.19930E+01    0.47363E+01
    0.20333E+01    0.45107E+01
    0.20744E+01    0.42957E+01
    0.21163E+01    0.40907E+01
    0.21590E+01    0.38952E+01
    0.22026E+01    0.37088E+01
    0.22471E+01    0.35312E+01
    0.22925E+01    0.33618E+01
    0.23388E+01    0.32004E+01
    0.23861E+01    0.30466E+01
    0.24343E+01    0.29000E+01
    0.24835E+01    0.27603E+01
    0.25336E+01    0.26272E+01
    0.25848E+01    0.25004E+01
    0.26370E+01    0.23796E+01
    0.26903E+01    0.22644E+01
    0.27447E+01    0.21548E+01
    0.28001E+01    0.20503E+01
    0.28567E+01    0.19508E+01
    0.29144E+01    0.18560E+01
    0.29733E+01    0.17658E+01
    0.30333E+01    0.16798E+01
    0.30946E+01    0.15980E+01
    0.31571E+01    0.15201E+01
    0.32209E+01    0.14459E+01
    0.32860E+01    0.13752E+01
    0.33523E+01    0.13080E+01
    0.34201E+01    0.12440E+01
    0.34892E+01    0.11830E+01
    0.35596E+01    0.11250E+01
    0.36316E+01    0.10698E+01
    0.37049E+01    0.10172E+01
    0.37798E+01    0.96723E+00
    0.38561E+01    0.91963E+00
    0.39340E+01    0.87434E+00
    0.40135E+01    0.83124E+00
    0.40946E+01    0.79023E+00
    0.41773E+01    0.75121E+00
    0.42617E+01    0.71408E+00
    0.43478E+01    0.67876E+00
    0.44356E+01    0.64516E+00
    0.45252E+01    0.61319E+00
    0.46166E+01    0.58278E+00
    0.47099E+01    0.55385E+00
    0.48050E+01    0.52634E+00
    0.49021E+01    0.50017E+00
    0.50011E+01    0.47528E+00
    0.51021E+01    0.45161E+00
    0.52052E+01    0.42910E+00
    0.53104E+01    0.40769E+00
    0.54176E+01    0.38734E+00
    0.55271E+01    0.36799E+00
    0.56387E+01    0.34959E+00
    0.57526E+01    0.33210E+00
    0.58689E+01    0.31547E+00
    0.59874E+01    0.29967E+00
    0.61084E+01    0.28464E+00
    0.62318E+01    0.27036E+00
    0.63577E+01    0.25678E+00
    0.64861E+01    0.24388E+00
    0.66171E+01    0.23161E+00
    0.67508E+01    0.21996E+00
    0.68872E+01    0.20888E+00
    0.70263E+01    0.19835E+00
    0.71682E+01    0.18835E+00
    0.73130E+01    0.17884E+00
    0.74608E+01    0.16981E+00
    0.76115E+01    0.16123E+00
    0.77653E+01    0.15308E+00
    0.79221E+01    0.14533E+00
    0.80822E+01    0.13797E+00
    0.82454E+01    0.13098E+00
    0.84120E+01    0.12434E+00
    0.85819E+01    0.11803E+00
    0.87553E+01    0.11203E+00
    0.89322E+01    0.10634E+00
    0.91126E+01    0.10094E+00
    0.92967E+01    0.95801E-01
    0.94845E+01    0.90924E-01
    0.96761E+01    0.86293E-01
    0.98716E+01    0.81895E-01
    0.10071E+02    0.77718E-01
    0.10274E+02    0.73752E-01
    0.10482E+02    0.69986E-01
    0.10694E+02    0.66411E-01
    0.10910E+02    0.63016E-01
    0.11130E+02    0.59792E-01
    0.11355E+02    0.56732E-01
    0.11584E+02    0.53826E-01
    0.11818E+02    0.51068E-01
    0.12057E+02    0.48449E-01
    0.12301E+02    0.45964E-01
    0.12549E+02    0.43604E-01
    0.12803E+02    0.41364E-01
    0.13061E+02    0.39239E-01
    0.13325E+02    0.37221E-01
    0.13594E+02    0.35306E-01
    0.13869E+02    0.33488E-01
    0.14149E+02    0.31763E-01
    0.14435E+02    0.30126E-01
    0.14727E+02    0.28573E-01
    0.15024E+02    0.27099E-01
    0.15328E+02    0.25700E-01
    0.15637E+02    0.24373E-01
    0.15953E+02    0.23113E-01
    0.16275E+02    0.21918E-01
    0.16604E+02    0.20784E-01
    0.16940E+02    0.19709E-01
    0.17282E+02    0.18688E-01
    0.17631E+02    0.17720E-01
    0.17987E+02    0.16801E-01
    0.18351E+02    0.15930E-01
    0.18721E+02    0.15103E-01
    0.19099E+02    0.14319E-01
    0.19485E+02    0.13575E-01
    0.19879E+02    0.12870E-01
    0.20280E+02    0.12201E-01
    0.20690E+02    0.11566E-01
    0.21108E+02    0.10964E-01
    0.21535E+02    0.10393E-01
    0.21970E+02    0.98513E-02
    0.22413E+02    0.93378E-02
    0.22866E+02    0.88508E-02
    0.23328E+02    0.83890E-02
    0.23799E+02    0.79510E-02
    0.24280E+02    0.75357E-02
    0.24771E+02    0.71419E-02
    0.25271E+02    0.67685E-02
    0.25782E+02    0.64145E-02
    0.26302E+02    0.60788E-02
    0.26834E+02    0.57605E-02
    0.27376E+02    0.54587E-02
    0.27929E+02    0.51726E-02
    0.28493E+02    0.49014E-02
    0.29069E+02    0.46443E-02
    0.29656E+02    0.44005E-02
    0.30255E+02    0.41694E-02
    0.30866E+02    0.39504E-02
    0.31490E+02    0.37427E-02
    0.32126E+02    0.35459E-02
    0.32775E+02    0.33593E-02
    0.33437E+02    0.31825E-02
    0.34112E+02    0.30148E-02
    0.34801E+02    0.28560E-02
    0.35504E+02    0.27054E-02
    0.36222E+02    0.25627E-02
    0.36953E+02    0.24275E-02
    0.37700E+02    0.22993E-02
    0.38462E+02    0.21778E-02
    0.39239E+02    0.20627E-02
    0.40031E+02    0.19537E-02
    0.40840E+02    0.18503E-02
    0.41665E+02    0.17524E-02
    0.42507E+02    0.16596E-02
    0.43365E+02    0.15716E-02
    0.44241E+02    0.14883E-02
    0.45135E+02    0.14094E-02
    0.46047E+02    0.13346E-02
    0.46977E+02    0.12637E-02
    0.47926E+02    0.11966E-02
    0.48894E+02    0.11330E-02
    0.49882E+02    0.10727E-02
    0.50890E+02    0.10156E-02
    0.51918E+02    0.96154E-03
    0.52966E+02    0.91031E-03
    0.54036E+02    0.86179E-03
    0.55128E+02    0.81582E-03
    0.56242E+02    0.77228E-03
    0.57378E+02    0.73104E-03
    0.58537E+02    0.69198E-03
    0.59720E+02    0.65498E-03
    0.60926E+02    0.61994E-03
    0.62157E+02    0.58675E-03
    0.63412E+02    0.55531E-03
    0.64693E+02    0.52554E-03
    0.66000E+02    0.49735E-03
    0.67334E+02    0.47065E-03
    0.68694E+02    0.44537E-03
    0.70082E+02    0.42143E-03
    0.71497E+02    0.39876E-03
    0.72942E+02    0.37730E-03
    0.74415E+02    0.35698E-03
    0.75918E+02    0.33773E-03
    0.77452E+02    0.31952E-03
    0.79017E+02    0.30227E-03
    0.80613E+02    0.28594E-03
    0.82241E+02    0.27049E-03
    0.83903E+02    0.25585E-03
    0.85598E+02    0.24199E-03
    0.87327E+02    0.22887E-03
    0.89091E+02    0.21645E-03
    0.90891E+02    0.20468E-03
    0.92727E+02    0.19355E-03
    0.94600E+02    0.18300E-03
    0.96511E+02    0.17302E-03
    0.98461E+02    0.16357E-03
    0.10045E+03    0.15463E-03
    0.10248E+03    0.14617E-03
    0.10455E+03    0.13817E-03
    0.10666E+03    0.13060E-03
    0.10882E+03    0.12345E-03
    0.11101E+03    0.11668E-03
    0.11326E+03    0.11028E-03
