#          k/h    CDM            baryon         photon         nu             mass_nu        total          no_nu          total_de       Weyl           v_CDM          v_b            v_b-v_c     
   0.105163E-04   0.637465E+07   0.637465E+07   0.849826E+07   0.849821E+07   0.637483E+07   0.637466E+07   0.637465E+07   0.638306E+07  -0.596387E+00   0.625110E+07   0.625110E+07   0.114352E+02
   0.116112E-04   0.637465E+07   0.637465E+07   0.849798E+07   0.849792E+07   0.637483E+07   0.637466E+07   0.637465E+07   0.638306E+07  -0.596387E+00   0.625110E+07   0.625110E+07   0.126256E+02
   0.128200E-04   0.637465E+07   0.637465E+07   0.849764E+07   0.849757E+07   0.637482E+07   0.637466E+07   0.637465E+07   0.638306E+07  -0.596387E+00   0.625110E+07   0.625110E+07   0.139398E+02
   0.141547E-04   0.637464E+07   0.637464E+07   0.849723E+07   0.849714E+07   0.637482E+07   0.637465E+07   0.637464E+07   0.638305E+07  -0.596386E+00   0.625110E+07   0.625110E+07   0.153908E+02
   0.156284E-04   0.637464E+07   0.637464E+07   0.849672E+07   0.849661E+07   0.637482E+07   0.637465E+07   0.637464E+07   0.638305E+07  -0.596386E+00   0.625110E+07   0.625110E+07   0.169927E+02
   0.172555E-04   0.637464E+07   0.637464E+07   0.849610E+07   0.849596E+07   0.637482E+07   0.637465E+07   0.637464E+07   0.638305E+07  -0.596386E+00   0.625109E+07   0.625109E+07   0.187612E+02
   0.190520E-04   0.637464E+07   0.637464E+07   0.849535E+07   0.849518E+07   0.637481E+07   0.637464E+07   0.637464E+07   0.638304E+07  -0.596385E+00   0.625109E+07   0.625109E+07   0.207137E+02
   0.210355E-04   0.637463E+07   0.637463E+07   0.849443E+07   0.849423E+07   0.637481E+07   0.637464E+07   0.637463E+07   0.638304E+07  -0.596385E+00   0.625109E+07   0.625109E+07   0.228692E+02
   0.232256E-04   0.637463E+07   0.637463E+07   0.849331E+07   0.849306E+07   0.637480E+07   0.637463E+07   0.637463E+07   0.638303E+07  -0.596384E+00   0.625108E+07   0.625108E+07   0.252487E+02
   0.256436E-04   0.637462E+07   0.637462E+07   0.849194E+07   0.849165E+07   0.637480E+07   0.637463E+07   0.637462E+07   0.638302E+07  -0.596384E+00   0.625108E+07   0.625107E+07   0.278754E+02
   0.283134E-04   0.637461E+07   0.637461E+07   0.849028E+07   0.848992E+07   0.637479E+07   0.637462E+07   0.637461E+07   0.638302E+07  -0.596383E+00   0.625107E+07   0.625107E+07   0.307749E+02
   0.312612E-04   0.637460E+07   0.637460E+07   0.848825E+07   0.848781E+07   0.637478E+07   0.637461E+07   0.637460E+07   0.638300E+07  -0.596381E+00   0.625106E+07   0.625106E+07   0.339754E+02
   0.345158E-04   0.637459E+07   0.637459E+07   0.848578E+07   0.848524E+07   0.637476E+07   0.637460E+07   0.637459E+07   0.638299E+07  -0.596380E+00   0.625105E+07   0.625104E+07   0.375079E+02
   0.381093E-04   0.637458E+07   0.637457E+07   0.848277E+07   0.848211E+07   0.637475E+07   0.637458E+07   0.637458E+07   0.638297E+07  -0.596378E+00   0.625103E+07   0.625103E+07   0.414066E+02
   0.420769E-04   0.637456E+07   0.637456E+07   0.847910E+07   0.847830E+07   0.637473E+07   0.637457E+07   0.637456E+07   0.638295E+07  -0.596376E+00   0.625102E+07   0.625101E+07   0.457089E+02
   0.464576E-04   0.637454E+07   0.637453E+07   0.847463E+07   0.847365E+07   0.637471E+07   0.637455E+07   0.637454E+07   0.638292E+07  -0.596374E+00   0.625100E+07   0.625099E+07   0.504562E+02
   0.512944E-04   0.637451E+07   0.637451E+07   0.846918E+07   0.846799E+07   0.637468E+07   0.637452E+07   0.637451E+07   0.638289E+07  -0.596371E+00   0.625097E+07   0.625096E+07   0.556937E+02
   0.566347E-04   0.637448E+07   0.637447E+07   0.846255E+07   0.846110E+07   0.637465E+07   0.637449E+07   0.637448E+07   0.638286E+07  -0.596367E+00   0.625094E+07   0.625093E+07   0.614711E+02
   0.625311E-04   0.637444E+07   0.637444E+07   0.845446E+07   0.845270E+07   0.637460E+07   0.637445E+07   0.637444E+07   0.638281E+07  -0.596362E+00   0.625090E+07   0.625089E+07   0.678429E+02
   0.690413E-04   0.637440E+07   0.637439E+07   0.844462E+07   0.844246E+07   0.637456E+07   0.637440E+07   0.637440E+07   0.638275E+07  -0.596357E+00   0.625086E+07   0.625084E+07   0.748683E+02
   0.762293E-04   0.637434E+07   0.637433E+07   0.843264E+07   0.843001E+07   0.637449E+07   0.637434E+07   0.637434E+07   0.638268E+07  -0.596350E+00   0.625080E+07   0.625079E+07   0.826121E+02
   0.841656E-04   0.637427E+07   0.637426E+07   0.841805E+07   0.841485E+07   0.637442E+07   0.637427E+07   0.637427E+07   0.638260E+07  -0.596342E+00   0.625074E+07   0.625071E+07   0.911445E+02
   0.929282E-04   0.637419E+07   0.637417E+07   0.840029E+07   0.839640E+07   0.637433E+07   0.637419E+07   0.637418E+07   0.638249E+07  -0.596332E+00   0.625065E+07   0.625063E+07   0.100542E+03
   0.102603E-03   0.637408E+07   0.637406E+07   0.837870E+07   0.837397E+07   0.637422E+07   0.637409E+07   0.637408E+07   0.638237E+07  -0.596319E+00   0.625055E+07   0.625052E+07   0.110886E+03
   0.113285E-03   0.637396E+07   0.637393E+07   0.835245E+07   0.834670E+07   0.637408E+07   0.637396E+07   0.637395E+07   0.638222E+07  -0.596304E+00   0.625043E+07   0.625039E+07   0.122264E+03
   0.125080E-03   0.637380E+07   0.637377E+07   0.832056E+07   0.831356E+07   0.637392E+07   0.637380E+07   0.637380E+07   0.638203E+07  -0.596286E+00   0.625028E+07   0.625024E+07   0.134769E+03
   0.138102E-03   0.637362E+07   0.637358E+07   0.828183E+07   0.827334E+07   0.637372E+07   0.637362E+07   0.637361E+07   0.638180E+07  -0.596264E+00   0.625010E+07   0.625005E+07   0.148500E+03
   0.152480E-03   0.637339E+07   0.637334E+07   0.823486E+07   0.822455E+07   0.637347E+07   0.637339E+07   0.637338E+07   0.638153E+07  -0.596237E+00   0.624988E+07   0.624981E+07   0.163558E+03
   0.168355E-03   0.637312E+07   0.637306E+07   0.817795E+07   0.816544E+07   0.637318E+07   0.637311E+07   0.637311E+07   0.638119E+07  -0.596204E+00   0.624961E+07   0.624953E+07   0.180046E+03
   0.185882E-03   0.637278E+07   0.637271E+07   0.810908E+07   0.809392E+07   0.637281E+07   0.637277E+07   0.637277E+07   0.638078E+07  -0.596164E+00   0.624928E+07   0.624919E+07   0.198066E+03
   0.205235E-03   0.637237E+07   0.637228E+07   0.802587E+07   0.800754E+07   0.637237E+07   0.637236E+07   0.637236E+07   0.638029E+07  -0.596115E+00   0.624889E+07   0.624877E+07   0.217716E+03
   0.226602E-03   0.637187E+07   0.637177E+07   0.792556E+07   0.790341E+07   0.637184E+07   0.637186E+07   0.637186E+07   0.637968E+07  -0.596056E+00   0.624840E+07   0.624826E+07   0.239083E+03
   0.250194E-03   0.637127E+07   0.637114E+07   0.780490E+07   0.777821E+07   0.637118E+07   0.637124E+07   0.637125E+07   0.637895E+07  -0.595984E+00   0.624781E+07   0.624764E+07   0.262237E+03
   0.276242E-03   0.637053E+07   0.637038E+07   0.766020E+07   0.762812E+07   0.637039E+07   0.637050E+07   0.637051E+07   0.637807E+07  -0.595897E+00   0.624709E+07   0.624688E+07   0.287220E+03
   0.305002E-03   0.636964E+07   0.636945E+07   0.748732E+07   0.744886E+07   0.636943E+07   0.636960E+07   0.636961E+07   0.637699E+07  -0.595791E+00   0.624622E+07   0.624597E+07   0.314033E+03
   0.336756E-03   0.636855E+07   0.636832E+07   0.728168E+07   0.723576E+07   0.636826E+07   0.636850E+07   0.636851E+07   0.637569E+07  -0.595663E+00   0.624516E+07   0.624485E+07   0.342621E+03
   0.371817E-03   0.636723E+07   0.636696E+07   0.703841E+07   0.698382E+07   0.636683E+07   0.636717E+07   0.636719E+07   0.637411E+07  -0.595508E+00   0.624387E+07   0.624350E+07   0.372847E+03
   0.410527E-03   0.636563E+07   0.636530E+07   0.675256E+07   0.668802E+07   0.636511E+07   0.636556E+07   0.636558E+07   0.637222E+07  -0.595322E+00   0.624231E+07   0.624187E+07   0.404471E+03
   0.453268E-03   0.636370E+07   0.636330E+07   0.641943E+07   0.634365E+07   0.636302E+07   0.636361E+07   0.636363E+07   0.636993E+07  -0.595097E+00   0.624042E+07   0.623989E+07   0.437115E+03
   0.500458E-03   0.636136E+07   0.636088E+07   0.603517E+07   0.594692E+07   0.636049E+07   0.636125E+07   0.636128E+07   0.636719E+07  -0.594827E+00   0.623812E+07   0.623750E+07   0.470229E+03
   0.552561E-03   0.635853E+07   0.635797E+07   0.559749E+07   0.549574E+07   0.635744E+07   0.635840E+07   0.635844E+07   0.636390E+07  -0.594503E+00   0.623536E+07   0.623462E+07   0.503052E+03
   0.610090E-03   0.635513E+07   0.635446E+07   0.510672E+07   0.499084E+07   0.635376E+07   0.635497E+07   0.635502E+07   0.635998E+07  -0.594117E+00   0.623202E+07   0.623115E+07   0.534580E+03
   0.673607E-03   0.635104E+07   0.635026E+07   0.456705E+07   0.443704E+07   0.634933E+07   0.635084E+07   0.635092E+07   0.635532E+07  -0.593658E+00   0.622799E+07   0.622699E+07   0.563542E+03
   0.743737E-03   0.634614E+07   0.634522E+07   0.398798E+07   0.384474E+07   0.634402E+07   0.634590E+07   0.634599E+07   0.634980E+07  -0.593115E+00   0.622317E+07   0.622201E+07   0.588400E+03
   0.821169E-03   0.634029E+07   0.633922E+07   0.338550E+07   0.323113E+07   0.633766E+07   0.634000E+07   0.634012E+07   0.634330E+07  -0.592475E+00   0.621739E+07   0.621607E+07   0.607389E+03
   0.906662E-03   0.633332E+07   0.633210E+07   0.278277E+07   0.262081E+07   0.633008E+07   0.633298E+07   0.633312E+07   0.633568E+07  -0.591726E+00   0.621049E+07   0.620901E+07   0.618624E+03
   0.100106E-02   0.632506E+07   0.632367E+07   0.220945E+07   0.204489E+07   0.632108E+07   0.632466E+07   0.632483E+07   0.632680E+07  -0.590854E+00   0.620230E+07   0.620066E+07   0.620291E+03
   0.110528E-02   0.631531E+07   0.631376E+07   0.169867E+07   0.153772E+07   0.631043E+07   0.631485E+07   0.631506E+07   0.631648E+07  -0.589844E+00   0.619262E+07   0.619084E+07   0.610930E+03
   0.122035E-02   0.630386E+07   0.630215E+07   0.128123E+07   0.113060E+07   0.629788E+07   0.630333E+07   0.630358E+07   0.630455E+07  -0.588681E+00   0.618124E+07   0.617933E+07   0.589815E+03
   0.134740E-02   0.629048E+07   0.628863E+07   0.976741E+06   0.842530E+06   0.628314E+07   0.628986E+07   0.629018E+07   0.629079E+07  -0.587349E+00   0.616791E+07   0.616593E+07   0.557349E+03
   0.148768E-02   0.627493E+07   0.627297E+07   0.784206E+06   0.670518E+06   0.626593E+07   0.627422E+07   0.627461E+07   0.627496E+07  -0.585827E+00   0.615242E+07   0.615039E+07   0.515368E+03
   0.164257E-02   0.625693E+07   0.625489E+07   0.676529E+06   0.584500E+06   0.624594E+07   0.625612E+07   0.625660E+07   0.625676E+07  -0.584091E+00   0.613450E+07   0.613247E+07   0.467156E+03
   0.181358E-02   0.623621E+07   0.623412E+07   0.605967E+06   0.533891E+06   0.622281E+07   0.623529E+07   0.623588E+07   0.623586E+07  -0.582114E+00   0.611390E+07   0.611190E+07   0.416988E+03
   0.200239E-02   0.621245E+07   0.621032E+07   0.524726E+06   0.469645E+06   0.619615E+07   0.621139E+07   0.621211E+07   0.621189E+07  -0.579859E+00   0.609031E+07   0.608835E+07   0.369178E+03
   0.221086E-02   0.618529E+07   0.618311E+07   0.414091E+06   0.373928E+06   0.616550E+07   0.618406E+07   0.618494E+07   0.618446E+07  -0.577288E+00   0.606339E+07   0.606148E+07   0.326905E+03
   0.244104E-02   0.615433E+07   0.615209E+07   0.299165E+06   0.273142E+06   0.613034E+07   0.615290E+07   0.615397E+07   0.615319E+07  -0.574360E+00   0.603276E+07   0.603088E+07   0.291422E+03
   0.269518E-02   0.611915E+07   0.611680E+07   0.223474E+06   0.209538E+06   0.609013E+07   0.611748E+07   0.611877E+07   0.611770E+07  -0.571036E+00   0.599797E+07   0.599610E+07   0.262213E+03
   0.297578E-02   0.607928E+07   0.607677E+07   0.194725E+06   0.183323E+06   0.604426E+07   0.607732E+07   0.607888E+07   0.607751E+07  -0.567274E+00   0.595855E+07   0.595668E+07   0.237911E+03
   0.328559E-02   0.603424E+07   0.603150E+07   0.170821E+06   0.149265E+06   0.599206E+07   0.603191E+07   0.603379E+07   0.603208E+07  -0.563026E+00   0.591402E+07   0.591213E+07   0.216953E+03
   0.362766E-02   0.598348E+07   0.598048E+07   0.127948E+06   0.121409E+06   0.593282E+07   0.598073E+07   0.598299E+07   0.598086E+07  -0.558241E+00   0.586385E+07   0.586196E+07   0.197565E+03
   0.400534E-02   0.592645E+07   0.592316E+07   0.100552E+06   0.986367E+05   0.586581E+07   0.592321E+07   0.592592E+07   0.592331E+07  -0.552866E+00   0.580749E+07   0.580560E+07   0.178393E+03
   0.442234E-02   0.586257E+07   0.585893E+07   0.933425E+05   0.800316E+05   0.579023E+07   0.585875E+07   0.586198E+07   0.585884E+07  -0.546843E+00   0.574434E+07   0.574247E+07   0.159986E+03
   0.488276E-02   0.579120E+07   0.578716E+07   0.701646E+05   0.648426E+05   0.570529E+07   0.578671E+07   0.579055E+07   0.578678E+07  -0.540115E+00   0.567379E+07   0.567193E+07   0.143920E+03
   0.539111E-02   0.571172E+07   0.570716E+07   0.579027E+05   0.524516E+05   0.561019E+07   0.570644E+07   0.571098E+07   0.570650E+07  -0.532620E+00   0.559521E+07   0.559335E+07   0.130176E+03
   0.595239E-02   0.562348E+07   0.561830E+07   0.490441E+05   0.423524E+05   0.550417E+07   0.561731E+07   0.562264E+07   0.561735E+07  -0.524298E+00   0.550795E+07   0.550610E+07   0.117828E+03
   0.657210E-02   0.552584E+07   0.551993E+07   0.359112E+05   0.341299E+05   0.538652E+07   0.551865E+07   0.552488E+07   0.551868E+07  -0.515087E+00   0.541139E+07   0.540954E+07   0.106275E+03
   0.725633E-02   0.541816E+07   0.541138E+07   0.293149E+05   0.274429E+05   0.525665E+07   0.540984E+07   0.541707E+07   0.540987E+07  -0.504929E+00   0.530490E+07   0.530306E+07   0.958578E+02
   0.801180E-02   0.529987E+07   0.529205E+07   0.249600E+05   0.220121E+05   0.511410E+07   0.529030E+07   0.529861E+07   0.529032E+07  -0.493770E+00   0.518791E+07   0.518607E+07   0.867896E+02
   0.884592E-02   0.517043E+07   0.516136E+07   0.171147E+05   0.176083E+05   0.495854E+07   0.515948E+07   0.516896E+07   0.515950E+07  -0.481559E+00   0.505990E+07   0.505807E+07   0.785897E+02
   0.976688E-02   0.502938E+07   0.501886E+07   0.154555E+05   0.140433E+05   0.478984E+07   0.501697E+07   0.502768E+07   0.501699E+07  -0.468257E+00   0.492045E+07   0.491861E+07   0.712077E+02
   0.107837E-01   0.487639E+07   0.486415E+07   0.123575E+05   0.111632E+05   0.460798E+07   0.486241E+07   0.487441E+07   0.486242E+07  -0.453831E+00   0.476921E+07   0.476737E+07   0.647165E+02
   0.119064E-01   0.471121E+07   0.469696E+07   0.991975E+04   0.884149E+04   0.441312E+07   0.469558E+07   0.470890E+07   0.469559E+07  -0.438259E+00   0.460597E+07   0.460412E+07   0.589018E+02
   0.131460E-01   0.453373E+07   0.451717E+07   0.809286E+04   0.697451E+04   0.420556E+07   0.451640E+07   0.453106E+07   0.451640E+07  -0.421534E+00   0.443064E+07   0.442878E+07   0.537685E+02
   0.145147E-01   0.434402E+07   0.432482E+07   0.612109E+04   0.547737E+04   0.398587E+07   0.432493E+07   0.434092E+07   0.432493E+07  -0.403663E+00   0.424329E+07   0.424141E+07   0.491984E+02
   0.160258E-01   0.414234E+07   0.412017E+07   0.441270E+04   0.428057E+04   0.375499E+07   0.412147E+07   0.413876E+07   0.412148E+07  -0.384674E+00   0.404421E+07   0.404229E+07   0.451316E+02
   0.176943E-01   0.392923E+07   0.390377E+07   0.336448E+04   0.332728E+04   0.351435E+07   0.390661E+07   0.392511E+07   0.390662E+07  -0.364620E+00   0.383394E+07   0.383200E+07   0.414826E+02
   0.195365E-01   0.370559E+07   0.367658E+07   0.274562E+04   0.257107E+04   0.326579E+07   0.368131E+07   0.370090E+07   0.368131E+07  -0.343591E+00   0.361342E+07   0.361146E+07   0.381659E+02
   0.215705E-01   0.347278E+07   0.344005E+07   0.219508E+04   0.197401E+04   0.301132E+07   0.344695E+07   0.346749E+07   0.344695E+07  -0.321717E+00   0.338402E+07   0.338202E+07   0.350955E+02
   0.238162E-01   0.323268E+07   0.319622E+07   0.151151E+04   0.150516E+04   0.275305E+07   0.320545E+07   0.322678E+07   0.320545E+07  -0.299177E+00   0.314760E+07   0.314558E+07   0.321830E+02
   0.262957E-01   0.298780E+07   0.294785E+07   0.129612E+04   0.113933E+04   0.249375E+07   0.295938E+07   0.298134E+07   0.295938E+07  -0.276210E+00   0.290667E+07   0.290463E+07   0.293324E+02
   0.290334E-01   0.274295E+07   0.270006E+07   0.874173E+03   0.856456E+03   0.223569E+07   0.271348E+07   0.273602E+07   0.271348E+07  -0.253260E+00   0.266587E+07   0.266384E+07   0.264647E+02
   0.320561E-01   0.250003E+07   0.245514E+07   0.694366E+03   0.639126E+03   0.198752E+07   0.247002E+07   0.249278E+07   0.247002E+07  -0.230536E+00   0.242738E+07   0.242539E+07   0.235068E+02
   0.353936E-01   0.226612E+07   0.222060E+07   0.521791E+03   0.474286E+03   0.175325E+07   0.223599E+07   0.225876E+07   0.223600E+07  -0.208694E+00   0.219809E+07   0.219618E+07   0.204251E+02
   0.390784E-01   0.204695E+07   0.200259E+07   0.414007E+03   0.350725E+03   0.153734E+07   0.201715E+07   0.203978E+07   0.201715E+07  -0.188268E+00   0.198363E+07   0.198185E+07   0.172252E+02
   0.431470E-01   0.184904E+07   0.180789E+07   0.275390E+03   0.259373E+03   0.134432E+07   0.181996E+07   0.184239E+07   0.181996E+07  -0.169863E+00   0.179037E+07   0.178878E+07   0.139766E+02
   0.474616E-01   0.168158E+07   0.164540E+07   0.205689E+03   0.194596E+03   0.118186E+07   0.165349E+07   0.167573E+07   0.165349E+07  -0.154326E+00   0.162722E+07   0.162585E+07   0.109280E+02
   0.517763E-01   0.155057E+07   0.152017E+07   0.159139E+03   0.150547E+03   0.105430E+07   0.152352E+07   0.154565E+07   0.152352E+07  -0.142196E+00   0.149986E+07   0.149872E+07   0.836243E+01
   0.560910E-01   0.144471E+07   0.142006E+07   0.126178E+03   0.119358E+03   0.950802E+06   0.141866E+07   0.144073E+07   0.141866E+07  -0.132409E+00   0.139712E+07   0.139618E+07   0.631978E+01
   0.604057E-01   0.135541E+07   0.133579E+07   0.101948E+03   0.964314E+02   0.863765E+06   0.133024E+07   0.135224E+07   0.133024E+07  -0.124156E+00   0.131049E+07   0.130972E+07   0.480007E+01
   0.647204E-01   0.127651E+07   0.126072E+07   0.835351E+02   0.790103E+02   0.788055E+06   0.125208E+07   0.127396E+07   0.125208E+07  -0.116861E+00   0.123390E+07   0.123325E+07   0.376158E+01
   0.690351E-01   0.120247E+07   0.118907E+07   0.690690E+02   0.653239E+02   0.719402E+06   0.117864E+07   0.120030E+07   0.117864E+07  -0.110007E+00   0.116191E+07   0.116134E+07   0.312626E+01
   0.733498E-01   0.112982E+07   0.111743E+07   0.574021E+02   0.542866E+02   0.655203E+06   0.110653E+07   0.112781E+07   0.110653E+07  -0.103276E+00   0.109117E+07   0.109063E+07   0.279601E+01
   0.776645E-01   0.105743E+07   0.104494E+07   0.478454E+02   0.452463E+02   0.594604E+06   0.103466E+07   0.105541E+07   0.103466E+07  -0.965682E-01   0.102062E+07   0.102008E+07   0.266710E+01
   0.819792E-01   0.986195E+06   0.972846E+06   0.399819E+02   0.378081E+02   0.537899E+06   0.963944E+06   0.984038E+06   0.963944E+06  -0.899684E-01   0.951168E+06   0.950596E+06   0.264318E+01
   0.862939E-01   0.918022E+06   0.903520E+06   0.335319E+02   0.317072E+02   0.485852E+06   0.896319E+06   0.915678E+06   0.896319E+06  -0.836567E-01   0.884710E+06   0.884107E+06   0.264491E+01
   0.906086E-01   0.854783E+06   0.839244E+06   0.282717E+02   0.267320E+02   0.439134E+06   0.833664E+06   0.852272E+06   0.833664E+06  -0.778089E-01   0.823110E+06   0.822484E+06   0.261578E+01
   0.959689E-01   0.785238E+06   0.769032E+06   0.231066E+02   0.218470E+02   0.389055E+06   0.764893E+06   0.782619E+06   0.764893E+06  -0.713902E-01   0.755474E+06   0.754842E+06   0.249126E+01
   0.101329E+00   0.727359E+06   0.711454E+06   0.191673E+02   0.181214E+02   0.347845E+06   0.707811E+06   0.724789E+06   0.707811E+06  -0.660626E-01   0.699326E+06   0.698721E+06   0.226054E+01
   0.106690E+00   0.681533E+06   0.666872E+06   0.161793E+02   0.152956E+02   0.314871E+06   0.662756E+06   0.679164E+06   0.662756E+06  -0.618574E-01   0.655012E+06   0.654462E+06   0.195243E+01
   0.112050E+00   0.646049E+06   0.633285E+06   0.138907E+02   0.131314E+02   0.288594E+06   0.627979E+06   0.643986E+06   0.627979E+06  -0.586115E-01   0.620820E+06   0.620341E+06   0.161618E+01
   0.117410E+00   0.617509E+06   0.606863E+06   0.120827E+02   0.114216E+02   0.266897E+06   0.600074E+06   0.615788E+06   0.600074E+06  -0.560071E-01   0.593394E+06   0.592990E+06   0.130250E+01
   0.122770E+00   0.592224E+06   0.583480E+06   0.105901E+02   0.100101E+02   0.247810E+06   0.575362E+06   0.590811E+06   0.575362E+06  -0.537006E-01   0.569106E+06   0.568766E+06   0.104988E+01
   0.128131E+00   0.567366E+06   0.559988E+06   0.930668E+01   0.879661E+01   0.229940E+06   0.551030E+06   0.566174E+06   0.551030E+06  -0.514296E-01   0.545178E+06   0.544881E+06   0.877212E+00
   0.133491E+00   0.541360E+06   0.534674E+06   0.817324E+01   0.772495E+01   0.212573E+06   0.525520E+06   0.540280E+06   0.525520E+06  -0.490486E-01   0.520069E+06   0.519793E+06   0.783012E+00
   0.138851E+00   0.513856E+06   0.507237E+06   0.716239E+01   0.676926E+01   0.195560E+06   0.498498E+06   0.512786E+06   0.498498E+06  -0.465266E-01   0.493450E+06   0.493175E+06   0.749791E+00
   0.144212E+00   0.485475E+06   0.478492E+06   0.626518E+01   0.592106E+01   0.179130E+06   0.470600E+06   0.484346E+06   0.470600E+06  -0.439227E-01   0.465947E+06   0.465661E+06   0.751562E+00
   0.149572E+00   0.457425E+06   0.449914E+06   0.548044E+01   0.517923E+01   0.163704E+06   0.443036E+06   0.456211E+06   0.443036E+06  -0.413502E-01   0.438760E+06   0.438459E+06   0.761826E+00
   0.154932E+00   0.431134E+06   0.423189E+06   0.480809E+01   0.454367E+01   0.149726E+06   0.417233E+06   0.429850E+06   0.417233E+06  -0.389418E-01   0.413300E+06   0.412988E+06   0.759963E+00
   0.160293E+00   0.407905E+06   0.399805E+06   0.424508E+01   0.401148E+01   0.137539E+06   0.394478E+06   0.406596E+06   0.394478E+06  -0.368180E-01   0.390843E+06   0.390532E+06   0.734765E+00
   0.165653E+00   0.388477E+06   0.380577E+06   0.378197E+01   0.357374E+01   0.127256E+06   0.375493E+06   0.387200E+06   0.375493E+06  -0.350461E-01   0.372108E+06   0.371808E+06   0.684823E+00
   0.171013E+00   0.372714E+06   0.365337E+06   0.340218E+01   0.321474E+01   0.118683E+06   0.360134E+06   0.371522E+06   0.360134E+06  -0.336126E-01   0.356955E+06   0.356677E+06   0.616459E+00
   0.176373E+00   0.359774E+06   0.353128E+06   0.308578E+01   0.291568E+01   0.111425E+06   0.347563E+06   0.358700E+06   0.347563E+06  -0.324392E-01   0.344556E+06   0.344304E+06   0.540339E+00
   0.181734E+00   0.348580E+06   0.342720E+06   0.281471E+01   0.265946E+01   0.105050E+06   0.336708E+06   0.347633E+06   0.336708E+06  -0.314261E-01   0.333851E+06   0.333626E+06   0.467821E+00
   0.187094E+00   0.338131E+06   0.332962E+06   0.257495E+01   0.243285E+01   0.991922E+05   0.326572E+06   0.337296E+06   0.326572E+06  -0.304801E-01   0.323855E+06   0.323653E+06   0.407876E+00
   0.192454E+00   0.327572E+06   0.322898E+06   0.235630E+01   0.222620E+01   0.935689E+05   0.316311E+06   0.326817E+06   0.316311E+06  -0.295225E-01   0.313730E+06   0.313544E+06   0.365218E+00
   0.197815E+00   0.316334E+06   0.311916E+06   0.215248E+01   0.203358E+01   0.880064E+05   0.305369E+06   0.315620E+06   0.305369E+06  -0.285011E-01   0.302925E+06   0.302747E+06   0.339948E+00
   0.203175E+00   0.304333E+06   0.299956E+06   0.196159E+01   0.185318E+01   0.824831E+05   0.293666E+06   0.303626E+06   0.293666E+06  -0.274089E-01   0.291362E+06   0.291185E+06   0.328464E+00
   0.208535E+00   0.291947E+06   0.287468E+06   0.178485E+01   0.168616E+01   0.771057E+05   0.281580E+06   0.291223E+06   0.281580E+06  -0.262808E-01   0.279414E+06   0.279235E+06   0.325071E+00
   0.213896E+00   0.279745E+06   0.275111E+06   0.162428E+01   0.153444E+01   0.720179E+05   0.269674E+06   0.278996E+06   0.269674E+06  -0.251696E-01   0.267640E+06   0.267457E+06   0.323725E+00
   0.219256E+00   0.268242E+06   0.263490E+06   0.148112E+01   0.139916E+01   0.673366E+05   0.258460E+06   0.267474E+06   0.258460E+06  -0.241230E-01   0.256548E+06   0.256363E+06   0.319515E+00
   0.224616E+00   0.257826E+06   0.253055E+06   0.135553E+01   0.128049E+01   0.631342E+05   0.248321E+06   0.257055E+06   0.248321E+06  -0.231767E-01   0.246518E+06   0.246334E+06   0.309616E+00
   0.229977E+00   0.248719E+06   0.244055E+06   0.124668E+01   0.117764E+01   0.594339E+05   0.239474E+06   0.247966E+06   0.239474E+06  -0.223510E-01   0.237766E+06   0.237588E+06   0.293533E+00
   0.235337E+00   0.240914E+06   0.236469E+06   0.115264E+01   0.108878E+01   0.562017E+05   0.231909E+06   0.240196E+06   0.231909E+06  -0.216449E-01   0.230284E+06   0.230114E+06   0.272704E+00
   0.240697E+00   0.234167E+06   0.230016E+06   0.107061E+01   0.101128E+01   0.533502E+05   0.225383E+06   0.233496E+06   0.225383E+06  -0.210358E-01   0.223830E+06   0.223671E+06   0.249716E+00
   0.246057E+00   0.228102E+06   0.224264E+06   0.997609E+00   0.942300E+00   0.507692E+05   0.219522E+06   0.227481E+06   0.219522E+06  -0.204888E-01   0.218034E+06   0.217886E+06   0.227416E+00
   0.251418E+00   0.222331E+06   0.218776E+06   0.931050E+00   0.879413E+00   0.483566E+05   0.213947E+06   0.221757E+06   0.213947E+06  -0.199684E-01   0.212520E+06   0.212381E+06   0.208147E+00
   0.256778E+00   0.216544E+06   0.213203E+06   0.869042E+00   0.820827E+00   0.460348E+05   0.208349E+06   0.216004E+06   0.208349E+06  -0.194459E-01   0.206981E+06   0.206850E+06   0.193258E+00
   0.262138E+00   0.210557E+06   0.207348E+06   0.810481E+00   0.765501E+00   0.437611E+05   0.202550E+06   0.210039E+06   0.202550E+06  -0.189047E-01   0.201242E+06   0.201115E+06   0.182955E+00
   0.267499E+00   0.204349E+06   0.201195E+06   0.755029E+00   0.713113E+00   0.415296E+05   0.196529E+06   0.203839E+06   0.196529E+06  -0.183427E-01   0.195280E+06   0.195155E+06   0.176458E+00
   0.272859E+00   0.198034E+06   0.194882E+06   0.702882E+00   0.663850E+00   0.393626E+05   0.190401E+06   0.197525E+06   0.190401E+06  -0.177708E-01   0.189211E+06   0.189087E+06   0.172375E+00
   0.278219E+00   0.191797E+06   0.188624E+06   0.654435E+00   0.618083E+00   0.372947E+05   0.184349E+06   0.191284E+06   0.184349E+06  -0.172059E-01   0.183215E+06   0.183091E+06   0.169144E+00
   0.283580E+00   0.185826E+06   0.182640E+06   0.610016E+00   0.576122E+00   0.353574E+05   0.178557E+06   0.185311E+06   0.178557E+06  -0.166653E-01   0.177476E+06   0.177352E+06   0.165436E+00
   0.288940E+00   0.180270E+06   0.177104E+06   0.569772E+00   0.538106E+00   0.335728E+05   0.173175E+06   0.179759E+06   0.173175E+06  -0.161630E-01   0.172142E+06   0.172020E+06   0.160419E+00
   0.294300E+00   0.175219E+06   0.172114E+06   0.533610E+00   0.503945E+00   0.319489E+05   0.168287E+06   0.174718E+06   0.168287E+06  -0.157068E-01   0.167299E+06   0.167180E+06   0.153852E+00
   0.299661E+00   0.170674E+06   0.167669E+06   0.501174E+00   0.473305E+00   0.304770E+05   0.163896E+06   0.170189E+06   0.163896E+06  -0.152970E-01   0.162948E+06   0.162832E+06   0.146022E+00
   0.305021E+00   0.166556E+06   0.163677E+06   0.471908E+00   0.445660E+00   0.291346E+05   0.159922E+06   0.166091E+06   0.159922E+06  -0.149261E-01   0.159010E+06   0.158899E+06   0.137559E+00
   0.310381E+00   0.162739E+06   0.159996E+06   0.445190E+00   0.420422E+00   0.278926E+05   0.156242E+06   0.162296E+06   0.156242E+06  -0.145826E-01   0.155363E+06   0.155257E+06   0.129213E+00
   0.315741E+00   0.159090E+06   0.156476E+06   0.420454E+00   0.397056E+00   0.267229E+05   0.152725E+06   0.158668E+06   0.152725E+06  -0.142544E-01   0.151878E+06   0.151776E+06   0.121645E+00
   0.321102E+00   0.155500E+06   0.152991E+06   0.397255E+00   0.375143E+00   0.256034E+05   0.149262E+06   0.155094E+06   0.149262E+06  -0.139312E-01   0.148445E+06   0.148347E+06   0.115275E+00
   0.326462E+00   0.151894E+06   0.149463E+06   0.375300E+00   0.354405E+00   0.245195E+05   0.145782E+06   0.151501E+06   0.145782E+06  -0.136063E-01   0.144994E+06   0.144899E+06   0.110225E+00
   0.331822E+00   0.148250E+06   0.145869E+06   0.354450E+00   0.334712E+00   0.234665E+05   0.142262E+06   0.147865E+06   0.142262E+06  -0.132778E-01   0.141504E+06   0.141411E+06   0.106341E+00
   0.337183E+00   0.144597E+06   0.142244E+06   0.334702E+00   0.316060E+00   0.224476E+05   0.138732E+06   0.144216E+06   0.138732E+06  -0.129483E-01   0.138003E+06   0.137911E+06   0.103280E+00
   0.342543E+00   0.140993E+06   0.138659E+06   0.316124E+00   0.298513E+00   0.214707E+05   0.135250E+06   0.140616E+06   0.135250E+06  -0.126234E-01   0.134548E+06   0.134457E+06   0.100624E+00
   0.347903E+00   0.137507E+06   0.135191E+06   0.298785E+00   0.282136E+00   0.205445E+05   0.131882E+06   0.137133E+06   0.131882E+06  -0.123090E-01   0.131207E+06   0.131117E+06   0.979903E-01
   0.353264E+00   0.134192E+06   0.131903E+06   0.282715E+00   0.266959E+00   0.196746E+05   0.128681E+06   0.133822E+06   0.128681E+06  -0.120103E-01   0.128031E+06   0.127942E+06   0.951109E-01
   0.358624E+00   0.131080E+06   0.128830E+06   0.267891E+00   0.252958E+00   0.188630E+05   0.125678E+06   0.130716E+06   0.125678E+06  -0.117300E-01   0.125051E+06   0.124964E+06   0.918749E-01
   0.363984E+00   0.128176E+06   0.125979E+06   0.254236E+00   0.240061E+00   0.181078E+05   0.122880E+06   0.127821E+06   0.122880E+06  -0.114688E-01   0.122274E+06   0.122189E+06   0.883206E-01
   0.369344E+00   0.125461E+06   0.123325E+06   0.241626E+00   0.228152E+00   0.174034E+05   0.120264E+06   0.125116E+06   0.120264E+06  -0.112247E-01   0.119679E+06   0.119596E+06   0.845949E-01
   0.374705E+00   0.122894E+06   0.120825E+06   0.229912E+00   0.217089E+00   0.167419E+05   0.117793E+06   0.122559E+06   0.117793E+06  -0.109941E-01   0.117227E+06   0.117147E+06   0.808941E-01
   0.380065E+00   0.120429E+06   0.118425E+06   0.218948E+00   0.206735E+00   0.161150E+05   0.115422E+06   0.120105E+06   0.115422E+06  -0.107727E-01   0.114873E+06   0.114795E+06   0.774069E-01
   0.385425E+00   0.118026E+06   0.116081E+06   0.208612E+00   0.196973E+00   0.155157E+05   0.113109E+06   0.117712E+06   0.113109E+06  -0.105569E-01   0.112577E+06   0.112502E+06   0.742690E-01
   0.390786E+00   0.115658E+06   0.113760E+06   0.198815E+00   0.187721E+00   0.149392E+05   0.110829E+06   0.115351E+06   0.110829E+06  -0.103440E-01   0.110313E+06   0.110239E+06   0.715385E-01
   0.396146E+00   0.113309E+06   0.111450E+06   0.189502E+00   0.178926E+00   0.143828E+05   0.108567E+06   0.113009E+06   0.108567E+06  -0.101329E-01   0.108068E+06   0.107995E+06   0.691940E-01
   0.401506E+00   0.110982E+06   0.109153E+06   0.180647E+00   0.170563E+00   0.138458E+05   0.106324E+06   0.110686E+06   0.106324E+06  -0.992363E-02   0.105841E+06   0.105770E+06   0.671539E-01
   0.406867E+00   0.108691E+06   0.106887E+06   0.172249E+00   0.162633E+00   0.133295E+05   0.104117E+06   0.108399E+06   0.104117E+06  -0.971764E-02   0.103650E+06   0.103579E+06   0.653057E-01
   0.412227E+00   0.106460E+06   0.104679E+06   0.164318E+00   0.155143E+00   0.128359E+05   0.101968E+06   0.106172E+06   0.101968E+06  -0.951705E-02   0.101515E+06   0.101446E+06   0.635380E-01
   0.417587E+00   0.104309E+06   0.102553E+06   0.156858E+00   0.148099E+00   0.123665E+05   0.998967E+05   0.104025E+06   0.998967E+05  -0.932371E-02   0.994576E+05   0.993894E+05   0.617636E-01
   0.422948E+00   0.102248E+06   0.100521E+06   0.149857E+00   0.141487E+00   0.119216E+05   0.979131E+05   0.101969E+06   0.979131E+05  -0.913858E-02   0.974873E+05   0.974204E+05   0.599341E-01
   0.428308E+00   0.100280E+06   0.985846E+05   0.143290E+00   0.135286E+00   0.115004E+05   0.960195E+05   0.100006E+06   0.960195E+05  -0.896184E-02   0.956063E+05   0.955406E+05   0.580435E-01
   0.433668E+00   0.984005E+05   0.967409E+05   0.137127E+00   0.129466E+00   0.111015E+05   0.942124E+05   0.981322E+05   0.942124E+05  -0.879318E-02   0.938111E+05   0.937468E+05   0.561210E-01
   0.439028E+00   0.966010E+05   0.949786E+05   0.131331E+00   0.123993E+00   0.107230E+05   0.924827E+05   0.963388E+05   0.924827E+05  -0.863174E-02   0.920928E+05   0.920299E+05   0.542163E-01
   0.444389E+00   0.948659E+05   0.932805E+05   0.125860E+00   0.118827E+00   0.103622E+05   0.908152E+05   0.946097E+05   0.908152E+05  -0.847610E-02   0.904361E+05   0.903746E+05   0.523821E-01
   0.449749E+00   0.931780E+05   0.916276E+05   0.120673E+00   0.113929E+00   0.100167E+05   0.891932E+05   0.929275E+05   0.891932E+05  -0.832471E-02   0.888245E+05   0.887643E+05   0.506606E-01
   0.455109E+00   0.915250E+05   0.900064E+05   0.115739E+00   0.109270E+00   0.968444E+04   0.876046E+05   0.912796E+05   0.876046E+05  -0.817645E-02   0.872460E+05   0.871870E+05   0.490750E-01
   0.460470E+00   0.899017E+05   0.884112E+05   0.111037E+00   0.104830E+00   0.936442E+04   0.860443E+05   0.896608E+05   0.860443E+05  -0.803082E-02   0.856954E+05   0.856375E+05   0.476272E-01
   0.465830E+00   0.883070E+05   0.868414E+05   0.106555E+00   0.100598E+00   0.905608E+04   0.845114E+05   0.880701E+05   0.845114E+05  -0.788774E-02   0.841720E+05   0.841151E+05   0.463005E-01
   0.471190E+00   0.867426E+05   0.852993E+05   0.102284E+00   0.965643E-01   0.875917E+04   0.830075E+05   0.865094E+05   0.830075E+05  -0.774738E-02   0.826774E+05   0.826212E+05   0.450655E-01
   0.476551E+00   0.852127E+05   0.837904E+05   0.982164E-01   0.927240E-01   0.847372E+04   0.815369E+05   0.849829E+05   0.815369E+05  -0.761013E-02   0.812156E+05   0.811604E+05   0.438894E-01
   0.481911E+00   0.837236E+05   0.823221E+05   0.943509E-01   0.890740E-01   0.819993E+04   0.801058E+05   0.834971E+05   0.801058E+05  -0.747655E-02   0.797930E+05   0.797386E+05   0.427435E-01
   0.487271E+00   0.822811E+05   0.809009E+05   0.906831E-01   0.856108E-01   0.793795E+04   0.787197E+05   0.820580E+05   0.787197E+05  -0.734719E-02   0.784152E+05   0.783616E+05   0.416091E-01
   0.492631E+00   0.808875E+05   0.795296E+05   0.872055E-01   0.823273E-01   0.768756E+04   0.773810E+05   0.806681E+05   0.773810E+05  -0.722224E-02   0.770844E+05   0.770317E+05   0.404790E-01
   0.497992E+00   0.795411E+05   0.782063E+05   0.839066E-01   0.792124E-01   0.744817E+04   0.760881E+05   0.793254E+05   0.760881E+05  -0.710157E-02   0.757989E+05   0.757471E+05   0.393560E-01
   0.503352E+00   0.782376E+05   0.769265E+05   0.807728E-01   0.762535E-01   0.721899E+04   0.748366E+05   0.780257E+05   0.748366E+05  -0.698477E-02   0.745547E+05   0.745038E+05   0.382503E-01
   0.508712E+00   0.769724E+05   0.756849E+05   0.777911E-01   0.734382E-01   0.699919E+04   0.736221E+05   0.767643E+05   0.736221E+05  -0.687141E-02   0.733471E+05   0.732971E+05   0.371756E-01
   0.514073E+00   0.757412E+05   0.744766E+05   0.749497E-01   0.707554E-01   0.678806E+04   0.724404E+05   0.755368E+05   0.724404E+05  -0.676111E-02   0.721721E+05   0.721230E+05   0.361447E-01
   0.519433E+00   0.745397E+05   0.732969E+05   0.722376E-01   0.681947E-01   0.658490E+04   0.712872E+05   0.743388E+05   0.712872E+05  -0.665349E-02   0.710254E+05   0.709771E+05   0.351660E-01
   0.524793E+00   0.733635E+05   0.721413E+05   0.696446E-01   0.657464E-01   0.638904E+04   0.701584E+05   0.731660E+05   0.701584E+05  -0.654813E-02   0.699028E+05   0.698554E+05   0.342421E-01
   0.530154E+00   0.722101E+05   0.710070E+05   0.671624E-01   0.634028E-01   0.620002E+04   0.690513E+05   0.720156E+05   0.690513E+05  -0.644480E-02   0.688018E+05   0.687551E+05   0.333698E-01
   0.535514E+00   0.710794E+05   0.698942E+05   0.647862E-01   0.611593E-01   0.601760E+04   0.679661E+05   0.708879E+05   0.679661E+05  -0.634352E-02   0.677225E+05   0.676765E+05   0.325421E-01
   0.540874E+00   0.699735E+05   0.688055E+05   0.625131E-01   0.590132E-01   0.584173E+04   0.669048E+05   0.697847E+05   0.669048E+05  -0.624446E-02   0.666669E+05   0.666216E+05   0.317500E-01
   0.546235E+00   0.688940E+05   0.677426E+05   0.603397E-01   0.569612E-01   0.567235E+04   0.658688E+05   0.687079E+05   0.658688E+05  -0.614777E-02   0.656365E+05   0.655918E+05   0.309846E-01
   0.551595E+00   0.678412E+05   0.667063E+05   0.582619E-01   0.549994E-01   0.550923E+04   0.648586E+05   0.676578E+05   0.648586E+05  -0.605348E-02   0.646316E+05   0.645876E+05   0.302383E-01
   0.556955E+00   0.668151E+05   0.656968E+05   0.562754E-01   0.531239E-01   0.535220E+04   0.638742E+05   0.666344E+05   0.638742E+05  -0.596161E-02   0.636524E+05   0.636090E+05   0.295071E-01
   0.562315E+00   0.658163E+05   0.647146E+05   0.543766E-01   0.513312E-01   0.520109E+04   0.629162E+05   0.656382E+05   0.629162E+05  -0.587219E-02   0.626994E+05   0.626566E+05   0.287897E-01
   0.567676E+00   0.648445E+05   0.637594E+05   0.525615E-01   0.496175E-01   0.505568E+04   0.619842E+05   0.646692E+05   0.619842E+05  -0.578520E-02   0.617722E+05   0.617301E+05   0.280878E-01
   0.573036E+00   0.638979E+05   0.628293E+05   0.508247E-01   0.479777E-01   0.491564E+04   0.610764E+05   0.637252E+05   0.610764E+05  -0.570048E-02   0.608690E+05   0.608276E+05   0.274043E-01
   0.578396E+00   0.629735E+05   0.619211E+05   0.491606E-01   0.464067E-01   0.478056E+04   0.601901E+05   0.628035E+05   0.601901E+05  -0.561776E-02   0.599873E+05   0.599464E+05   0.267420E-01
   0.629654E+00   0.550692E+05   0.541484E+05   0.362447E-01   0.342130E-01   0.369796E+04   0.526133E+05   0.549204E+05   0.526134E+05  -0.491059E-02   0.524473E+05   0.524116E+05   0.215002E-01
   0.769061E+00   0.400147E+05   0.393460E+05   0.176239E-01   0.166347E-01   0.199344E+04   0.381990E+05   0.399066E+05   0.381990E+05  -0.356525E-02   0.380949E+05   0.380689E+05   0.127996E-01
   0.939334E+00   0.289363E+05   0.284527E+05   0.853172E-02   0.805235E-02   0.105587E+04   0.276059E+05   0.288581E+05   0.276059E+05  -0.257656E-02   0.275399E+05   0.275210E+05   0.759316E-02
   0.114731E+01   0.208364E+05   0.204882E+05   0.411401E-02   0.388268E-02   0.550307E+03   0.198690E+05   0.207802E+05   0.198690E+05  -0.185444E-02   0.198266E+05   0.198129E+05   0.449085E-02
   0.140132E+01   0.149457E+05   0.146959E+05   0.197658E-02   0.186538E-02   0.282520E+03   0.142467E+05   0.149053E+05   0.142467E+05  -0.132970E-02   0.142190E+05   0.142092E+05   0.265024E-02
   0.171158E+01   0.106817E+05   0.105032E+05   0.946419E-03   0.893149E-03   0.143004E+03   0.101795E+05   0.106529E+05   0.101795E+05  -0.950091E-03   0.101612E+05   0.101541E+05   0.156226E-02
   0.209053E+01   0.760941E+04   0.748218E+04   0.451751E-03   0.426316E-03   0.714435E+02   0.725027E+04   0.758885E+04   0.725027E+04  -0.676693E-03   0.723796E+04   0.723288E+04   0.921277E-03
   0.255338E+01   0.540418E+04   0.531380E+04   0.214997E-03   0.202889E-03   0.352657E+02   0.514841E+04   0.538957E+04   0.514841E+04  -0.480520E-03   0.514007E+04   0.513639E+04   0.544499E-03
   0.311870E+01   0.382720E+04   0.376316E+04   0.102041E-03   0.962938E-04   0.172216E+02   0.364572E+04   0.381685E+04   0.364572E+04  -0.340268E-03   0.364001E+04   0.363734E+04   0.323365E-03
   0.380919E+01   0.270361E+04   0.265834E+04   0.483121E-04   0.455907E-04   0.833240E+01   0.257523E+04   0.269630E+04   0.257523E+04  -0.240355E-03   0.257130E+04   0.256935E+04   0.193644E-03
   0.465255E+01   0.190545E+04   0.187350E+04   0.228215E-04   0.215359E-04   0.399992E+01   0.181488E+04   0.190029E+04   0.181488E+04  -0.169389E-03   0.181216E+04   0.181071E+04   0.117444E-03
   0.568264E+01   0.133993E+04   0.131742E+04   0.107566E-04   0.101506E-04   0.190747E+01   0.127619E+04   0.133629E+04   0.127619E+04  -0.119111E-03   0.127430E+04   0.127321E+04   0.725224E-04
   0.694079E+01   0.940363E+03   0.924522E+03   0.505987E-05   0.477484E-05   0.904785E+00   0.895605E+03   0.937803E+03   0.895605E+03  -0.835900E-04   0.894295E+03   0.893454E+03   0.458774E-04
   0.847750E+01   0.658703E+03   0.647560E+03   0.237568E-05   0.224187E-05   0.427304E+00   0.627334E+03   0.656902E+03   0.627334E+03  -0.585513E-04   0.626426E+03   0.625757E+03   0.299111E-04
   0.103544E+02   0.460601E+03   0.452760E+03   0.111346E-05   0.105075E-05   0.201092E+00   0.438655E+03   0.459334E+03   0.438655E+03  -0.409412E-04   0.438026E+03   0.437474E+03   0.201992E-04
   0.126469E+02   0.321552E+03   0.316026E+03   0.521011E-06   0.491674E-06   0.943607E-01   0.306221E+03   0.320659E+03   0.306221E+03  -0.285806E-04   0.305787E+03   0.305314E+03   0.141671E-04
   0.154470E+02   0.224137E+03   0.220232E+03   0.243412E-06   0.229710E-06   0.441709E-01   0.213441E+03   0.223506E+03   0.213441E+03  -0.199212E-04   0.213144E+03   0.212723E+03   0.103168E-04
   0.188670E+02   0.156011E+03   0.153237E+03   0.113552E-06   0.107163E-06   0.206342E-01   0.148557E+03   0.155562E+03   0.148557E+03  -0.138653E-04   0.148355E+03   0.147968E+03   0.777595E-05
   0.230442E+02   0.108445E+03   0.106459E+03   0.528963E-07   0.499226E-07   0.962188E-02   0.103254E+03   0.108124E+03   0.103254E+03  -0.963709E-05   0.103119E+03   0.102752E+03   0.603460E-05
   0.281463E+02   0.752845E+02   0.738459E+02   0.246066E-07   0.232248E-07   0.447958E-02   0.716719E+02   0.750520E+02   0.716719E+02  -0.668939E-05   0.715831E+02   0.712267E+02   0.479316E-05
   0.343780E+02   0.521993E+02   0.511399E+02   0.114305E-07   0.107897E-07   0.208243E-02   0.496848E+02   0.520280E+02   0.496848E+02  -0.463726E-05   0.496284E+02   0.492766E+02   0.387377E-05
   0.419893E+02   0.361495E+02   0.353520E+02   0.530206E-08   0.500557E-08   0.966685E-03   0.343983E+02   0.360206E+02   0.343983E+02  -0.321052E-05   0.343646E+02   0.340130E+02   0.316943E-05
   0.512859E+02   0.250048E+02   0.243874E+02   0.245551E-08   0.231872E-08   0.448112E-03   0.237834E+02   0.249051E+02   0.237834E+02  -0.221978E-05   0.237655E+02   0.234113E+02   0.261433E-05
   0.626408E+02   0.172751E+02   0.167810E+02   0.113519E-08   0.107231E-08   0.207421E-03   0.164208E+02   0.171953E+02   0.164208E+02  -0.153261E-05   0.164141E+02   0.160555E+02   0.216691E-05
   0.765096E+02   0.119197E+02   0.115097E+02   0.523697E-09   0.494930E-09   0.958575E-04   0.113196E+02   0.118534E+02   0.113196E+02  -0.105649E-05   0.113207E+02   0.109569E+02   0.179993E-05
   0.934490E+02   0.821304E+01   0.786007E+01   0.240960E-09   0.227891E-09   0.442160E-04   0.778866E+01   0.815600E+01   0.778866E+01  -0.726943E-06   0.779528E+01   0.742626E+01   0.149484E-05
   0.114139E+03   0.565001E+01   0.533578E+01   0.110490E-09   0.104611E-09   0.203499E-04   0.534704E+01   0.559922E+01   0.534704E+01  -0.499058E-06   0.535752E+01   0.498411E+01   0.123843E-05
