#           k/h    P           
    0.10000E-03    0.94838E+00
    0.10202E-03    0.96687E+00
    0.10408E-03    0.98573E+00
    0.10618E-03    0.10050E+01
    0.10833E-03    0.10246E+01
    0.11052E-03    0.10445E+01
    0.11275E-03    0.10649E+01
    0.11503E-03    0.10857E+01
    0.11735E-03    0.11069E+01
    0.11972E-03    0.11284E+01
    0.12214E-03    0.11504E+01
    0.12461E-03    0.11729E+01
    0.12712E-03    0.11958E+01
    0.12969E-03    0.12191E+01
    0.13231E-03    0.12429E+01
    0.13499E-03    0.12671E+01
    0.13771E-03    0.12918E+01
    0.14049E-03    0.13170E+01
    0.14333E-03    0.13427E+01
    0.14623E-03    0.13689E+01
    0.14918E-03    0.13955E+01
    0.15220E-03    0.14228E+01
    0.15527E-03    0.14505E+01
    0.15841E-03    0.14788E+01
    0.16161E-03    0.15076E+01
    0.16487E-03    0.15370E+01
    0.16820E-03    0.15670E+01
    0.17160E-03    0.15975E+01
    0.17507E-03    0.16287E+01
    0.17860E-03    0.16604E+01
    0.18221E-03    0.16928E+01
    0.18589E-03    0.17258E+01
    0.18965E-03    0.17595E+01
    0.19348E-03    0.17938E+01
    0.19739E-03    0.18287E+01
    0.20138E-03    0.18644E+01
    0.20544E-03    0.19007E+01
    0.20959E-03    0.19378E+01
    0.21383E-03    0.19755E+01
    0.21815E-03    0.20140E+01
    0.22255E-03    0.20533E+01
    0.22705E-03    0.20933E+01
    0.23164E-03    0.21341E+01
    0.23632E-03    0.21757E+01
    0.24109E-03    0.22181E+01
    0.24596E-03    0.22613E+01
    0.25093E-03    0.23054E+01
    0.25600E-03    0.23503E+01
    0.26117E-03    0.23961E+01
    0.26645E-03    0.24428E+01
    0.27183E-03    0.24903E+01
    0.27732E-03    0.25389E+01
    0.28292E-03    0.25883E+01
    0.28864E-03    0.26387E+01
    0.29447E-03    0.26901E+01
    0.30042E-03    0.27425E+01
    0.30649E-03    0.27959E+01
    0.31268E-03    0.28504E+01
    0.31899E-03    0.29059E+01
    0.32544E-03    0.29624E+01
    0.33201E-03    0.30201E+01
    0.33872E-03    0.30789E+01
    0.34556E-03    0.31388E+01
    0.35254E-03    0.31999E+01
    0.35966E-03    0.32622E+01
    0.36693E-03    0.33257E+01
    0.37434E-03    0.33904E+01
    0.38190E-03    0.34563E+01
    0.38962E-03    0.35236E+01
    0.39749E-03    0.35921E+01
    0.40552E-03    0.36620E+01
    0.41371E-03    0.37332E+01
    0.42207E-03    0.38058E+01
    0.43060E-03    0.38798E+01
    0.43929E-03    0.39552E+01
    0.44817E-03    0.40320E+01
    0.45722E-03    0.41104E+01
    0.46646E-03    0.41903E+01
    0.47588E-03    0.42717E+01
    0.48550E-03    0.43546E+01
    0.49530E-03    0.44392E+01
    0.50531E-03    0.45254E+01
    0.51552E-03    0.46132E+01
    0.52593E-03    0.47028E+01
    0.53656E-03    0.47940E+01
    0.54739E-03    0.48870E+01
    0.55845E-03    0.49818E+01
    0.56973E-03    0.50784E+01
    0.58124E-03    0.51769E+01
    0.59299E-03    0.52772E+01
    0.60496E-03    0.53795E+01
    0.61719E-03    0.54837E+01
    0.62965E-03    0.55899E+01
    0.64237E-03    0.56981E+01
    0.65535E-03    0.58084E+01
    0.66859E-03    0.59208E+01
    0.68210E-03    0.60353E+01
    0.69588E-03    0.61520E+01
    0.70993E-03    0.62709E+01
    0.72427E-03    0.63921E+01
    0.73891E-03    0.65155E+01
    0.75383E-03    0.66413E+01
    0.76906E-03    0.67695E+01
    0.78460E-03    0.69000E+01
    0.80045E-03    0.70331E+01
    0.81662E-03    0.71686E+01
    0.83311E-03    0.73067E+01
    0.84994E-03    0.74473E+01
    0.86711E-03    0.75906E+01
    0.88463E-03    0.77366E+01
    0.90250E-03    0.78853E+01
    0.92073E-03    0.80368E+01
    0.93933E-03    0.81911E+01
    0.95831E-03    0.83482E+01
    0.97767E-03    0.85083E+01
    0.99742E-03    0.86713E+01
    0.10176E-02    0.88373E+01
    0.10381E-02    0.90063E+01
    0.10591E-02    0.91785E+01
    0.10805E-02    0.93538E+01
    0.11023E-02    0.95323E+01
    0.11246E-02    0.97141E+01
    0.11473E-02    0.98991E+01
    0.11705E-02    0.10088E+02
    0.11941E-02    0.10279E+02
    0.12182E-02    0.10475E+02
    0.12429E-02    0.10673E+02
    0.12680E-02    0.10876E+02
    0.12936E-02    0.11082E+02
    0.13197E-02    0.11291E+02
    0.13464E-02    0.11504E+02
    0.13736E-02    0.11721E+02
    0.14013E-02    0.11942E+02
    0.14296E-02    0.12167E+02
    0.14585E-02    0.12395E+02
    0.14880E-02    0.12628E+02
    0.15180E-02    0.12865E+02
    0.15487E-02    0.13105E+02
    0.15800E-02    0.13350E+02
    0.16119E-02    0.13599E+02
    0.16445E-02    0.13852E+02
    0.16777E-02    0.14109E+02
    0.17116E-02    0.14370E+02
    0.17462E-02    0.14636E+02
    0.17814E-02    0.14907E+02
    0.18174E-02    0.15181E+02
    0.18541E-02    0.15460E+02
    0.18916E-02    0.15744E+02
    0.19298E-02    0.16032E+02
    0.19688E-02    0.16325E+02
    0.20086E-02    0.16622E+02
    0.20491E-02    0.16924E+02
    0.20905E-02    0.17231E+02
    0.21328E-02    0.17542E+02
    0.21758E-02    0.17858E+02
    0.22198E-02    0.18179E+02
    0.22646E-02    0.18505E+02
    0.23104E-02    0.18835E+02
    0.23571E-02    0.19170E+02
    0.24047E-02    0.19510E+02
    0.24533E-02    0.19855E+02
    0.25028E-02    0.20205E+02
    0.25534E-02    0.20560E+02
    0.26050E-02    0.20919E+02
    0.26576E-02    0.21284E+02
    0.27113E-02    0.21653E+02
    0.27660E-02    0.22027E+02
    0.28219E-02    0.22406E+02
    0.28789E-02    0.22790E+02
    0.29371E-02    0.23179E+02
    0.29964E-02    0.23572E+02
    0.30569E-02    0.23971E+02
    0.31187E-02    0.24374E+02
    0.31817E-02    0.24782E+02
    0.32460E-02    0.25194E+02
    0.33115E-02    0.25611E+02
    0.33784E-02    0.26033E+02
    0.34467E-02    0.26459E+02
    0.35163E-02    0.26890E+02
    0.35874E-02    0.27326E+02
    0.36598E-02    0.27766E+02
    0.37338E-02    0.28210E+02
    0.38092E-02    0.28658E+02
    0.38861E-02    0.29111E+02
    0.39646E-02    0.29567E+02
    0.40447E-02    0.30028E+02
    0.41264E-02    0.30493E+02
    0.42098E-02    0.30961E+02
    0.42948E-02    0.31433E+02
    0.43816E-02    0.31909E+02
    0.44701E-02    0.32388E+02
    0.45604E-02    0.32871E+02
    0.46525E-02    0.33356E+02
    0.47465E-02    0.33845E+02
    0.48424E-02    0.34337E+02
    0.49402E-02    0.34831E+02
    0.50400E-02    0.35328E+02
    0.51419E-02    0.35828E+02
    0.52457E-02    0.36329E+02
    0.53517E-02    0.36833E+02
    0.54598E-02    0.37338E+02
    0.55701E-02    0.37845E+02
    0.56826E-02    0.38353E+02
    0.57974E-02    0.38862E+02
    0.59145E-02    0.39372E+02
    0.60340E-02    0.39883E+02
    0.61559E-02    0.40393E+02
    0.62803E-02    0.40904E+02
    0.64072E-02    0.41414E+02
    0.65366E-02    0.41924E+02
    0.66686E-02    0.42432E+02
    0.68033E-02    0.42940E+02
    0.69408E-02    0.43445E+02
    0.70810E-02    0.43948E+02
    0.72240E-02    0.44449E+02
    0.73700E-02    0.44947E+02
    0.75189E-02    0.45442E+02
    0.76708E-02    0.45933E+02
    0.78257E-02    0.46420E+02
    0.79838E-02    0.46902E+02
    0.81451E-02    0.47379E+02
    0.83096E-02    0.47851E+02
    0.84775E-02    0.48317E+02
    0.86488E-02    0.48776E+02
    0.88235E-02    0.49228E+02
    0.90017E-02    0.49673E+02
    0.91836E-02    0.50110E+02
    0.93691E-02    0.50539E+02
    0.95583E-02    0.50958E+02
    0.97514E-02    0.51368E+02
    0.99484E-02    0.51767E+02
    0.10149E-01    0.52156E+02
    0.10354E-01    0.52534E+02
    0.10564E-01    0.52899E+02
    0.10777E-01    0.53253E+02
    0.10995E-01    0.53593E+02
    0.11217E-01    0.53919E+02
    0.11443E-01    0.54231E+02
    0.11675E-01    0.54529E+02
    0.11910E-01    0.54811E+02
    0.12151E-01    0.55076E+02
    0.12397E-01    0.55325E+02
    0.12647E-01    0.55557E+02
    0.12902E-01    0.55771E+02
    0.13163E-01    0.55966E+02
    0.13429E-01    0.56142E+02
    0.13700E-01    0.56299E+02
    0.13977E-01    0.56435E+02
    0.14259E-01    0.56550E+02
    0.14547E-01    0.56644E+02
    0.14841E-01    0.56716E+02
    0.15141E-01    0.56766E+02
    0.15447E-01    0.56792E+02
    0.15759E-01    0.56795E+02
    0.16077E-01    0.56774E+02
    0.16402E-01    0.56728E+02
    0.16734E-01    0.56658E+02
    0.17072E-01    0.56562E+02
    0.17416E-01    0.56441E+02
    0.17768E-01    0.56293E+02
    0.18127E-01    0.56120E+02
    0.18493E-01    0.55920E+02
    0.18867E-01    0.55694E+02
    0.19248E-01    0.55440E+02
    0.19637E-01    0.55160E+02
    0.20034E-01    0.54852E+02
    0.20438E-01    0.54518E+02
    0.20851E-01    0.54157E+02
    0.21272E-01    0.53770E+02
    0.21702E-01    0.53356E+02
    0.22141E-01    0.52917E+02
    0.22588E-01    0.52451E+02
    0.23044E-01    0.51960E+02
    0.23510E-01    0.51443E+02
    0.23985E-01    0.50900E+02
    0.24469E-01    0.50333E+02
    0.24964E-01    0.49743E+02
    0.25468E-01    0.49133E+02
    0.25982E-01    0.48506E+02
    0.26507E-01    0.47863E+02
    0.27043E-01    0.47205E+02
    0.27589E-01    0.46531E+02
    0.28146E-01    0.45841E+02
    0.28715E-01    0.45134E+02
    0.29295E-01    0.44409E+02
    0.29887E-01    0.43667E+02
    0.30490E-01    0.42912E+02
    0.31106E-01    0.42148E+02
    0.31735E-01    0.41376E+02
    0.32376E-01    0.40600E+02
    0.33030E-01    0.39823E+02
    0.33697E-01    0.39045E+02
    0.34378E-01    0.38268E+02
    0.35072E-01    0.37494E+02
    0.35781E-01    0.36723E+02
    0.36504E-01    0.35958E+02
    0.37241E-01    0.35202E+02
    0.37993E-01    0.34457E+02
    0.38761E-01    0.33726E+02
    0.39544E-01    0.33011E+02
    0.40343E-01    0.32314E+02
    0.41158E-01    0.31635E+02
    0.41989E-01    0.30974E+02
    0.42838E-01    0.30333E+02
    0.43703E-01    0.29711E+02
    0.44586E-01    0.29111E+02
    0.45486E-01    0.28534E+02
    0.46405E-01    0.27982E+02
    0.47343E-01    0.27456E+02
    0.48299E-01    0.26959E+02
    0.49275E-01    0.26488E+02
    0.50270E-01    0.26040E+02
    0.51286E-01    0.25615E+02
    0.52322E-01    0.25209E+02
    0.53379E-01    0.24821E+02
    0.54457E-01    0.24448E+02
    0.55557E-01    0.24089E+02
    0.56680E-01    0.23741E+02
    0.57825E-01    0.23404E+02
    0.58993E-01    0.23074E+02
    0.60184E-01    0.22750E+02
    0.61400E-01    0.22429E+02
    0.62641E-01    0.22109E+02
    0.63906E-01    0.21784E+02
    0.65197E-01    0.21452E+02
    0.66514E-01    0.21108E+02
    0.67858E-01    0.20749E+02
    0.69229E-01    0.20371E+02
    0.70627E-01    0.19973E+02
    0.72054E-01    0.19552E+02
    0.73510E-01    0.19107E+02
    0.74994E-01    0.18636E+02
    0.76509E-01    0.18143E+02
    0.78055E-01    0.17628E+02
    0.79632E-01    0.17094E+02
    0.81241E-01    0.16545E+02
    0.82882E-01    0.15985E+02
    0.84556E-01    0.15421E+02
    0.86264E-01    0.14856E+02
    0.88007E-01    0.14297E+02
    0.89785E-01    0.13748E+02
    0.91598E-01    0.13214E+02
    0.93449E-01    0.12700E+02
    0.95337E-01    0.12210E+02
    0.97263E-01    0.11750E+02
    0.99227E-01    0.11322E+02
    0.10123E+00    0.10931E+02
    0.10328E+00    0.10578E+02
    0.10536E+00    0.10263E+02
    0.10749E+00    0.99865E+01
    0.10966E+00    0.97455E+01
    0.11188E+00    0.95350E+01
    0.11414E+00    0.93499E+01
    0.11644E+00    0.91829E+01
    0.11880E+00    0.90266E+01
    0.12120E+00    0.88733E+01
    0.12365E+00    0.87158E+01
    0.12614E+00    0.85473E+01
    0.12869E+00    0.83627E+01
    0.13129E+00    0.81577E+01
    0.13394E+00    0.79303E+01
    0.13665E+00    0.76801E+01
    0.13941E+00    0.74092E+01
    0.14223E+00    0.71211E+01
    0.14510E+00    0.68215E+01
    0.14803E+00    0.65168E+01
    0.15102E+00    0.62150E+01
    0.15407E+00    0.59238E+01
    0.15718E+00    0.56514E+01
    0.16036E+00    0.54042E+01
    0.16360E+00    0.51869E+01
    0.16690E+00    0.50008E+01
    0.17028E+00    0.48443E+01
    0.17371E+00    0.47128E+01
    0.17722E+00    0.46002E+01
    0.18080E+00    0.44997E+01
    0.18446E+00    0.44040E+01
    0.18818E+00    0.43060E+01
    0.19198E+00    0.41987E+01
    0.19586E+00    0.40766E+01
    0.19982E+00    0.39375E+01
    0.20386E+00    0.37830E+01
    0.20797E+00    0.36183E+01
    0.21218E+00    0.34505E+01
    0.21646E+00    0.32865E+01
    0.22083E+00    0.31326E+01
    0.22530E+00    0.29937E+01
    0.22985E+00    0.28730E+01
    0.23449E+00    0.27710E+01
    0.23923E+00    0.26850E+01
    0.24406E+00    0.26098E+01
    0.24899E+00    0.25393E+01
    0.25402E+00    0.24674E+01
    0.25915E+00    0.23895E+01
    0.26439E+00    0.23032E+01
    0.26973E+00    0.22094E+01
    0.27518E+00    0.21118E+01
    0.28074E+00    0.20151E+01
    0.28641E+00    0.19237E+01
    0.29219E+00    0.18413E+01
    0.29810E+00    0.17692E+01
    0.30412E+00    0.17065E+01
    0.31026E+00    0.16500E+01
    0.31653E+00    0.15959E+01
    0.32292E+00    0.15408E+01
    0.32945E+00    0.14827E+01
    0.33610E+00    0.14217E+01
    0.34289E+00    0.13599E+01
    0.34982E+00    0.13000E+01
    0.35689E+00    0.12444E+01
    0.36409E+00    0.11942E+01
    0.37145E+00    0.11488E+01
    0.37895E+00    0.11065E+01
    0.38661E+00    0.10652E+01
    0.39442E+00    0.10236E+01
    0.40239E+00    0.98133E+00
    0.41052E+00    0.93934E+00
    0.41881E+00    0.89911E+00
    0.42727E+00    0.86153E+00
    0.43590E+00    0.82670E+00
    0.44471E+00    0.79404E+00
    0.45369E+00    0.76245E+00
    0.46286E+00    0.73129E+00
    0.47221E+00    0.70055E+00
    0.48174E+00    0.67068E+00
    0.49148E+00    0.64228E+00
    0.50141E+00    0.61554E+00
    0.51153E+00    0.59015E+00
    0.52187E+00    0.56575E+00
    0.53241E+00    0.54199E+00
    0.54317E+00    0.51891E+00
    0.55414E+00    0.49674E+00
    0.56533E+00    0.47561E+00
    0.57675E+00    0.45552E+00
    0.58840E+00    0.43619E+00
    0.60029E+00    0.41757E+00
    0.61242E+00    0.39965E+00
    0.62479E+00    0.38244E+00
    0.63741E+00    0.36594E+00
    0.65029E+00    0.35013E+00
    0.66342E+00    0.33498E+00
    0.67683E+00    0.32047E+00
    0.69050E+00    0.30656E+00
    0.70445E+00    0.29323E+00
    0.71868E+00    0.28045E+00
    0.73320E+00    0.26821E+00
    0.74801E+00    0.25647E+00
    0.76312E+00    0.24523E+00
    0.77854E+00    0.23445E+00
    0.79426E+00    0.22412E+00
    0.81031E+00    0.21422E+00
    0.82668E+00    0.20474E+00
    0.84338E+00    0.19565E+00
    0.86041E+00    0.18696E+00
    0.87780E+00    0.17863E+00
    0.89553E+00    0.17065E+00
    0.91362E+00    0.16302E+00
    0.93208E+00    0.15572E+00
    0.95091E+00    0.14873E+00
    0.97011E+00    0.14204E+00
    0.98971E+00    0.13564E+00
    0.10097E+01    0.12952E+00
    0.10301E+01    0.12367E+00
    0.10509E+01    0.11807E+00
    0.10721E+01    0.11272E+00
    0.10938E+01    0.10760E+00
    0.11159E+01    0.10270E+00
    0.11384E+01    0.98022E-01
    0.11614E+01    0.93547E-01
    0.11849E+01    0.89270E-01
    0.12088E+01    0.85181E-01
    0.12333E+01    0.81273E-01
    0.12582E+01    0.77538E-01
    0.12836E+01    0.73970E-01
    0.13095E+01    0.70560E-01
    0.13360E+01    0.67302E-01
    0.13630E+01    0.64190E-01
    0.13905E+01    0.61217E-01
    0.14186E+01    0.58378E-01
    0.14472E+01    0.55666E-01
    0.14765E+01    0.53077E-01
    0.15063E+01    0.50604E-01
    0.15367E+01    0.48243E-01
    0.15678E+01    0.45989E-01
    0.15994E+01    0.43838E-01
    0.16318E+01    0.41784E-01
    0.16647E+01    0.39824E-01
    0.16984E+01    0.37953E-01
    0.17327E+01    0.36168E-01
    0.17677E+01    0.34464E-01
    0.18034E+01    0.32839E-01
    0.18398E+01    0.31288E-01
    0.18770E+01    0.29808E-01
    0.19149E+01    0.28397E-01
    0.19536E+01    0.27051E-01
    0.19930E+01    0.25767E-01
    0.20333E+01    0.24542E-01
    0.20744E+01    0.23374E-01
    0.21163E+01    0.22261E-01
    0.21590E+01    0.21199E-01
    0.22026E+01    0.20186E-01
    0.22471E+01    0.19221E-01
    0.22925E+01    0.18301E-01
    0.23388E+01    0.17424E-01
    0.23861E+01    0.16587E-01
    0.24343E+01    0.15790E-01
    0.24835E+01    0.15031E-01
    0.25336E+01    0.14307E-01
    0.25848E+01    0.13617E-01
    0.26370E+01    0.12960E-01
    0.26903E+01    0.12334E-01
    0.27447E+01    0.11737E-01
    0.28001E+01    0.11169E-01
    0.28567E+01    0.10627E-01
    0.29144E+01    0.10112E-01
    0.29733E+01    0.96206E-02
    0.30333E+01    0.91528E-02
    0.30946E+01    0.87073E-02
    0.31571E+01    0.82831E-02
    0.32209E+01    0.78791E-02
    0.32860E+01    0.74945E-02
    0.33523E+01    0.71283E-02
    0.34201E+01    0.67797E-02
    0.34892E+01    0.64478E-02
    0.35596E+01    0.61319E-02
    0.36316E+01    0.58312E-02
    0.37049E+01    0.55450E-02
    0.37798E+01    0.52725E-02
    0.38561E+01    0.50132E-02
    0.39340E+01    0.47665E-02
    0.40135E+01    0.45317E-02
    0.40946E+01    0.43082E-02
    0.41773E+01    0.40956E-02
    0.42617E+01    0.38933E-02
    0.43478E+01    0.37009E-02
    0.44356E+01    0.35177E-02
    0.45252E+01    0.33435E-02
    0.46166E+01    0.31778E-02
    0.47099E+01    0.30201E-02
    0.48050E+01    0.28702E-02
    0.49021E+01    0.27275E-02
    0.50011E+01    0.25918E-02
    0.51021E+01    0.24628E-02
    0.52052E+01    0.23401E-02
    0.53104E+01    0.22234E-02
    0.54176E+01    0.21125E-02
    0.55271E+01    0.20070E-02
    0.56387E+01    0.19067E-02
    0.57526E+01    0.18113E-02
    0.58689E+01    0.17207E-02
    0.59874E+01    0.16345E-02
    0.61084E+01    0.15525E-02
    0.62318E+01    0.14747E-02
    0.63577E+01    0.14006E-02
    0.64861E+01    0.13303E-02
    0.66171E+01    0.12634E-02
    0.67508E+01    0.11998E-02
    0.68872E+01    0.11394E-02
    0.70263E+01    0.10820E-02
    0.71682E+01    0.10275E-02
    0.73130E+01    0.97562E-03
    0.74608E+01    0.92636E-03
    0.76115E+01    0.87956E-03
    0.77653E+01    0.83509E-03
    0.79221E+01    0.79284E-03
    0.80822E+01    0.75270E-03
    0.82454E+01    0.71456E-03
    0.84120E+01    0.67834E-03
    0.85819E+01    0.64393E-03
    0.87553E+01    0.61124E-03
    0.89322E+01    0.58019E-03
    0.91126E+01    0.55070E-03
    0.92967E+01    0.52269E-03
    0.94845E+01    0.49609E-03
    0.96761E+01    0.47083E-03
    0.98716E+01    0.44684E-03
    0.10071E+02    0.42406E-03
    0.10274E+02    0.40242E-03
    0.10482E+02    0.38188E-03
    0.10694E+02    0.36237E-03
    0.10910E+02    0.34385E-03
    0.11130E+02    0.32627E-03
    0.11355E+02    0.30957E-03
    0.11584E+02    0.29372E-03
    0.11818E+02    0.27867E-03
    0.12057E+02    0.26439E-03
    0.12301E+02    0.25083E-03
    0.12549E+02    0.23796E-03
    0.12803E+02    0.22574E-03
    0.13061E+02    0.21414E-03
    0.13325E+02    0.20313E-03
    0.13594E+02    0.19268E-03
    0.13869E+02    0.18277E-03
    0.14149E+02    0.17336E-03
    0.14435E+02    0.16442E-03
    0.14727E+02    0.15595E-03
    0.15024E+02    0.14791E-03
    0.15328E+02    0.14027E-03
    0.15637E+02    0.13303E-03
    0.15953E+02    0.12616E-03
    0.16275E+02    0.11964E-03
    0.16604E+02    0.11345E-03
    0.16940E+02    0.10758E-03
    0.17282E+02    0.10202E-03
    0.17631E+02    0.96732E-04
    0.17987E+02    0.91720E-04
    0.18351E+02    0.86965E-04
    0.18721E+02    0.82455E-04
    0.19099E+02    0.78176E-04
    0.19485E+02    0.74118E-04
    0.19879E+02    0.70268E-04
    0.20280E+02    0.66616E-04
    0.20690E+02    0.63152E-04
    0.21108E+02    0.59867E-04
    0.21535E+02    0.56752E-04
    0.21970E+02    0.53797E-04
    0.22413E+02    0.50994E-04
    0.22866E+02    0.48337E-04
    0.23328E+02    0.45816E-04
    0.23799E+02    0.43426E-04
    0.24280E+02    0.41160E-04
    0.24771E+02    0.39011E-04
    0.25271E+02    0.36973E-04
    0.25782E+02    0.35041E-04
    0.26302E+02    0.33209E-04
    0.26834E+02    0.31472E-04
    0.27376E+02    0.29825E-04
    0.27929E+02    0.28263E-04
    0.28493E+02    0.26783E-04
    0.29069E+02    0.25379E-04
    0.29656E+02    0.24049E-04
    0.30255E+02    0.22788E-04
    0.30866E+02    0.21592E-04
    0.31490E+02    0.20458E-04
    0.32126E+02    0.19384E-04
    0.32775E+02    0.18365E-04
    0.33437E+02    0.17400E-04
    0.34112E+02    0.16485E-04
    0.34801E+02    0.15618E-04
    0.35504E+02    0.14796E-04
    0.36222E+02    0.14017E-04
    0.36953E+02    0.13278E-04
    0.37700E+02    0.12579E-04
    0.38462E+02    0.11916E-04
    0.39239E+02    0.11287E-04
    0.40031E+02    0.10691E-04
    0.40840E+02    0.10127E-04
    0.41665E+02    0.95922E-05
    0.42507E+02    0.90855E-05
    0.43365E+02    0.86052E-05
    0.44241E+02    0.81502E-05
    0.45135E+02    0.77190E-05
    0.46047E+02    0.73105E-05
    0.46977E+02    0.69235E-05
    0.47926E+02    0.65567E-05
    0.48894E+02    0.62093E-05
    0.49882E+02    0.58801E-05
    0.50890E+02    0.55683E-05
    0.51918E+02    0.52728E-05
    0.52966E+02    0.49929E-05
    0.54036E+02    0.47278E-05
    0.55128E+02    0.44766E-05
    0.56242E+02    0.42387E-05
    0.57378E+02    0.40133E-05
    0.58537E+02    0.37998E-05
    0.59720E+02    0.35976E-05
    0.60926E+02    0.34060E-05
    0.62157E+02    0.32246E-05
    0.63412E+02    0.30528E-05
    0.64693E+02    0.28900E-05
    0.66000E+02    0.27358E-05
    0.67334E+02    0.25898E-05
    0.68694E+02    0.24516E-05
    0.70082E+02    0.23206E-05
    0.71497E+02    0.21966E-05
    0.72942E+02    0.20792E-05
    0.74415E+02    0.19680E-05
    0.75918E+02    0.18627E-05
    0.77452E+02    0.17629E-05
    0.79017E+02    0.16685E-05
    0.80613E+02    0.15791E-05
    0.82241E+02    0.14945E-05
    0.83903E+02    0.14143E-05
    0.85598E+02    0.13384E-05
    0.87327E+02    0.12665E-05
    0.89091E+02    0.11985E-05
    0.90891E+02    0.11340E-05
    0.92727E+02    0.10730E-05
    0.94600E+02    0.10152E-05
    0.96511E+02    0.96053E-06
    0.98461E+02    0.90874E-06
    0.10045E+03    0.85972E-06
    0.10248E+03    0.81332E-06
    0.10455E+03    0.76941E-06
    0.10666E+03    0.72786E-06
    0.10882E+03    0.68854E-06
    0.11101E+03    0.65134E-06
    0.11326E+03    0.61614E-06
