#          k/h    CDM            baryon         photon         nu             mass_nu        total          no_nu          total_de       Weyl           v_CDM          v_b            v_b-v_c     
   0.105163E-04   0.191621E+07   0.191621E+07   0.255483E+07   0.255483E+07   0.191646E+07   0.191622E+07   0.191621E+07   0.192464E+07  -0.600622E+00   0.191309E+07   0.191309E+07   0.491752E+00
   0.116112E-04   0.191621E+07   0.191621E+07   0.255481E+07   0.255480E+07   0.191646E+07   0.191622E+07   0.191621E+07   0.192464E+07  -0.600621E+00   0.191309E+07   0.191309E+07   0.542946E+00
   0.128200E-04   0.191621E+07   0.191621E+07   0.255478E+07   0.255477E+07   0.191646E+07   0.191622E+07   0.191621E+07   0.192464E+07  -0.600621E+00   0.191309E+07   0.191309E+07   0.599469E+00
   0.141547E-04   0.191621E+07   0.191621E+07   0.255474E+07   0.255473E+07   0.191646E+07   0.191622E+07   0.191621E+07   0.192464E+07  -0.600621E+00   0.191309E+07   0.191309E+07   0.661875E+00
   0.156284E-04   0.191621E+07   0.191621E+07   0.255469E+07   0.255469E+07   0.191646E+07   0.191622E+07   0.191621E+07   0.192464E+07  -0.600621E+00   0.191309E+07   0.191309E+07   0.730776E+00
   0.172555E-04   0.191621E+07   0.191621E+07   0.255464E+07   0.255463E+07   0.191646E+07   0.191622E+07   0.191621E+07   0.192463E+07  -0.600621E+00   0.191309E+07   0.191309E+07   0.806847E+00
   0.190520E-04   0.191621E+07   0.191621E+07   0.255457E+07   0.255456E+07   0.191646E+07   0.191622E+07   0.191621E+07   0.192463E+07  -0.600620E+00   0.191309E+07   0.191309E+07   0.890835E+00
   0.210355E-04   0.191620E+07   0.191620E+07   0.255449E+07   0.255448E+07   0.191646E+07   0.191622E+07   0.191620E+07   0.192463E+07  -0.600620E+00   0.191309E+07   0.191309E+07   0.983563E+00
   0.232256E-04   0.191620E+07   0.191620E+07   0.255439E+07   0.255438E+07   0.191646E+07   0.191621E+07   0.191620E+07   0.192463E+07  -0.600619E+00   0.191309E+07   0.191309E+07   0.108594E+01
   0.256436E-04   0.191620E+07   0.191620E+07   0.255426E+07   0.255425E+07   0.191645E+07   0.191621E+07   0.191620E+07   0.192463E+07  -0.600619E+00   0.191309E+07   0.191309E+07   0.119896E+01
   0.283134E-04   0.191620E+07   0.191620E+07   0.255411E+07   0.255410E+07   0.191645E+07   0.191621E+07   0.191620E+07   0.192463E+07  -0.600618E+00   0.191309E+07   0.191309E+07   0.132374E+01
   0.312612E-04   0.191620E+07   0.191620E+07   0.255393E+07   0.255392E+07   0.191645E+07   0.191621E+07   0.191620E+07   0.192462E+07  -0.600617E+00   0.191308E+07   0.191308E+07   0.146150E+01
   0.345158E-04   0.191620E+07   0.191620E+07   0.255371E+07   0.255369E+07   0.191645E+07   0.191621E+07   0.191620E+07   0.192462E+07  -0.600616E+00   0.191308E+07   0.191308E+07   0.161357E+01
   0.381093E-04   0.191619E+07   0.191619E+07   0.255344E+07   0.255341E+07   0.191644E+07   0.191620E+07   0.191619E+07   0.192462E+07  -0.600615E+00   0.191308E+07   0.191308E+07   0.178145E+01
   0.420769E-04   0.191619E+07   0.191619E+07   0.255311E+07   0.255308E+07   0.191644E+07   0.191620E+07   0.191619E+07   0.192461E+07  -0.600613E+00   0.191307E+07   0.191307E+07   0.196677E+01
   0.464576E-04   0.191618E+07   0.191618E+07   0.255271E+07   0.255267E+07   0.191643E+07   0.191620E+07   0.191618E+07   0.192461E+07  -0.600611E+00   0.191307E+07   0.191307E+07   0.217133E+01
   0.512944E-04   0.191618E+07   0.191618E+07   0.255221E+07   0.255217E+07   0.191643E+07   0.191619E+07   0.191618E+07   0.192460E+07  -0.600609E+00   0.191307E+07   0.191306E+07   0.239712E+01
   0.566347E-04   0.191617E+07   0.191617E+07   0.255162E+07   0.255156E+07   0.191642E+07   0.191618E+07   0.191617E+07   0.192459E+07  -0.600606E+00   0.191306E+07   0.191306E+07   0.264632E+01
   0.625311E-04   0.191616E+07   0.191616E+07   0.255089E+07   0.255082E+07   0.191641E+07   0.191618E+07   0.191616E+07   0.192458E+07  -0.600603E+00   0.191305E+07   0.191305E+07   0.292134E+01
   0.690413E-04   0.191615E+07   0.191615E+07   0.255000E+07   0.254992E+07   0.191640E+07   0.191617E+07   0.191615E+07   0.192457E+07  -0.600598E+00   0.191304E+07   0.191304E+07   0.322482E+01
   0.762293E-04   0.191614E+07   0.191614E+07   0.254892E+07   0.254882E+07   0.191638E+07   0.191615E+07   0.191614E+07   0.192455E+07  -0.600593E+00   0.191303E+07   0.191303E+07   0.355967E+01
   0.841656E-04   0.191613E+07   0.191613E+07   0.254760E+07   0.254748E+07   0.191636E+07   0.191614E+07   0.191613E+07   0.192453E+07  -0.600587E+00   0.191301E+07   0.191301E+07   0.392907E+01
   0.929282E-04   0.191611E+07   0.191611E+07   0.254599E+07   0.254585E+07   0.191634E+07   0.191612E+07   0.191611E+07   0.192451E+07  -0.600579E+00   0.191300E+07   0.191300E+07   0.433651E+01
   0.102603E-03   0.191609E+07   0.191609E+07   0.254403E+07   0.254386E+07   0.191631E+07   0.191610E+07   0.191609E+07   0.192448E+07  -0.600570E+00   0.191298E+07   0.191298E+07   0.478581E+01
   0.113285E-03   0.191606E+07   0.191606E+07   0.254165E+07   0.254144E+07   0.191628E+07   0.191607E+07   0.191606E+07   0.192445E+07  -0.600559E+00   0.191295E+07   0.191295E+07   0.528114E+01
   0.125080E-03   0.191603E+07   0.191603E+07   0.253874E+07   0.253849E+07   0.191624E+07   0.191604E+07   0.191603E+07   0.192440E+07  -0.600545E+00   0.191292E+07   0.191292E+07   0.582702E+01
   0.138102E-03   0.191599E+07   0.191599E+07   0.253521E+07   0.253490E+07   0.191619E+07   0.191600E+07   0.191599E+07   0.192435E+07  -0.600528E+00   0.191288E+07   0.191288E+07   0.642838E+01
   0.152480E-03   0.191594E+07   0.191594E+07   0.253090E+07   0.253053E+07   0.191613E+07   0.191595E+07   0.191594E+07   0.192429E+07  -0.600507E+00   0.191283E+07   0.191283E+07   0.709053E+01
   0.168355E-03   0.191589E+07   0.191588E+07   0.252566E+07   0.252521E+07   0.191606E+07   0.191589E+07   0.191588E+07   0.192421E+07  -0.600482E+00   0.191277E+07   0.191277E+07   0.781915E+01
   0.185882E-03   0.191581E+07   0.191581E+07   0.251929E+07   0.251874E+07   0.191597E+07   0.191582E+07   0.191581E+07   0.192412E+07  -0.600451E+00   0.191270E+07   0.191270E+07   0.862034E+01
   0.205235E-03   0.191573E+07   0.191572E+07   0.251154E+07   0.251088E+07   0.191587E+07   0.191573E+07   0.191573E+07   0.192401E+07  -0.600414E+00   0.191262E+07   0.191262E+07   0.950052E+01
   0.226602E-03   0.191562E+07   0.191562E+07   0.250213E+07   0.250132E+07   0.191574E+07   0.191563E+07   0.191562E+07   0.192387E+07  -0.600369E+00   0.191252E+07   0.191251E+07   0.104664E+02
   0.250194E-03   0.191549E+07   0.191549E+07   0.249069E+07   0.248971E+07   0.191558E+07   0.191550E+07   0.191549E+07   0.192370E+07  -0.600314E+00   0.191239E+07   0.191238E+07   0.115249E+02
   0.276242E-03   0.191534E+07   0.191533E+07   0.247682E+07   0.247563E+07   0.191538E+07   0.191534E+07   0.191534E+07   0.192350E+07  -0.600246E+00   0.191223E+07   0.191223E+07   0.126830E+02
   0.305002E-03   0.191515E+07   0.191514E+07   0.246000E+07   0.245857E+07   0.191515E+07   0.191515E+07   0.191515E+07   0.192325E+07  -0.600164E+00   0.191205E+07   0.191204E+07   0.139473E+02
   0.336756E-03   0.191492E+07   0.191490E+07   0.243964E+07   0.243791E+07   0.191486E+07   0.191491E+07   0.191492E+07   0.192295E+07  -0.600065E+00   0.191182E+07   0.191181E+07   0.153243E+02
   0.371817E-03   0.191464E+07   0.191462E+07   0.241503E+07   0.241296E+07   0.191451E+07   0.191463E+07   0.191463E+07   0.192258E+07  -0.599944E+00   0.191154E+07   0.191153E+07   0.168194E+02
   0.410527E-03   0.191429E+07   0.191427E+07   0.238535E+07   0.238285E+07   0.191409E+07   0.191428E+07   0.191429E+07   0.192214E+07  -0.599797E+00   0.191120E+07   0.191119E+07   0.184363E+02
   0.453268E-03   0.191388E+07   0.191385E+07   0.234961E+07   0.234663E+07   0.191357E+07   0.191386E+07   0.191387E+07   0.192160E+07  -0.599619E+00   0.191079E+07   0.191077E+07   0.201769E+02
   0.500458E-03   0.191337E+07   0.191334E+07   0.230672E+07   0.230317E+07   0.191294E+07   0.191335E+07   0.191337E+07   0.192094E+07  -0.599403E+00   0.191028E+07   0.191027E+07   0.220394E+02
   0.552561E-03   0.191275E+07   0.191272E+07   0.225542E+07   0.225121E+07   0.191218E+07   0.191272E+07   0.191275E+07   0.192015E+07  -0.599141E+00   0.190967E+07   0.190965E+07   0.240179E+02
   0.610090E-03   0.191201E+07   0.191197E+07   0.219432E+07   0.218937E+07   0.191125E+07   0.191197E+07   0.191200E+07   0.191919E+07  -0.598824E+00   0.190893E+07   0.190891E+07   0.261001E+02
   0.673607E-03   0.191110E+07   0.191105E+07   0.212192E+07   0.211613E+07   0.191012E+07   0.191105E+07   0.191109E+07   0.191804E+07  -0.598442E+00   0.190803E+07   0.190800E+07   0.282657E+02
   0.743737E-03   0.191001E+07   0.190994E+07   0.203668E+07   0.202998E+07   0.190875E+07   0.190994E+07   0.191000E+07   0.191664E+07  -0.597981E+00   0.190694E+07   0.190691E+07   0.304843E+02
   0.821169E-03   0.190868E+07   0.190860E+07   0.193710E+07   0.192946E+07   0.190710E+07   0.190860E+07   0.190867E+07   0.191497E+07  -0.597427E+00   0.190562E+07   0.190558E+07   0.327126E+02
   0.906662E-03   0.190708E+07   0.190699E+07   0.182190E+07   0.181330E+07   0.190510E+07   0.190697E+07   0.190706E+07   0.191297E+07  -0.596763E+00   0.190402E+07   0.190397E+07   0.348924E+02
   0.100106E-02   0.190514E+07   0.190504E+07   0.169020E+07   0.168074E+07   0.190268E+07   0.190502E+07   0.190513E+07   0.191058E+07  -0.595969E+00   0.190209E+07   0.190204E+07   0.369488E+02
   0.110528E-02   0.190282E+07   0.190269E+07   0.154189E+07   0.153173E+07   0.189976E+07   0.190266E+07   0.190280E+07   0.190773E+07  -0.595025E+00   0.189976E+07   0.189970E+07   0.387894E+02
   0.122035E-02   0.190004E+07   0.189987E+07   0.137794E+07   0.136739E+07   0.189626E+07   0.189984E+07   0.190001E+07   0.190437E+07  -0.593907E+00   0.189697E+07   0.189690E+07   0.403064E+02
   0.134740E-02   0.189671E+07   0.189651E+07   0.120089E+07   0.119042E+07   0.189203E+07   0.189646E+07   0.189667E+07   0.190041E+07  -0.592589E+00   0.189361E+07   0.189353E+07   0.413827E+02
   0.148768E-02   0.189274E+07   0.189250E+07   0.101525E+07   0.100551E+07   0.188697E+07   0.189244E+07   0.189270E+07   0.189578E+07  -0.591046E+00   0.188961E+07   0.188952E+07   0.419035E+02
   0.164257E-02   0.188804E+07   0.188775E+07   0.827835E+06   0.819595E+06   0.188095E+07   0.188767E+07   0.188799E+07   0.189039E+07  -0.589252E+00   0.188484E+07   0.188474E+07   0.417762E+02
   0.181358E-02   0.188248E+07   0.188213E+07   0.647674E+06   0.641739E+06   0.187382E+07   0.188204E+07   0.188243E+07   0.188417E+07  -0.587182E+00   0.187920E+07   0.187909E+07   0.409575E+02
   0.200239E-02   0.187597E+07   0.187554E+07   0.485342E+06   0.482364E+06   0.186540E+07   0.187543E+07   0.187590E+07   0.187702E+07  -0.584810E+00   0.187255E+07   0.187243E+07   0.394868E+02
   0.221086E-02   0.186837E+07   0.186785E+07   0.351351E+06   0.351558E+06   0.185551E+07   0.186771E+07   0.186829E+07   0.186887E+07  -0.582113E+00   0.186477E+07   0.186465E+07   0.375171E+02
   0.244104E-02   0.185956E+07   0.185893E+07   0.253537E+06   0.256442E+06   0.184395E+07   0.185876E+07   0.185946E+07   0.185960E+07  -0.579068E+00   0.185573E+07   0.185561E+07   0.353286E+02
   0.269518E-02   0.184941E+07   0.184865E+07   0.193843E+06   0.198087E+06   0.183051E+07   0.184845E+07   0.184929E+07   0.184909E+07  -0.575645E+00   0.184531E+07   0.184517E+07   0.333018E+02
   0.297578E-02   0.183780E+07   0.183688E+07   0.165747E+06   0.169323E+06   0.181497E+07   0.183663E+07   0.183766E+07   0.183718E+07  -0.571811E+00   0.183337E+07   0.183323E+07   0.318319E+02
   0.328559E-02   0.182460E+07   0.182348E+07   0.154517E+06   0.155566E+06   0.179708E+07   0.182319E+07   0.182442E+07   0.182370E+07  -0.567518E+00   0.181980E+07   0.181965E+07   0.311839E+02
   0.362766E-02   0.180965E+07   0.180830E+07   0.142354E+06   0.140386E+06   0.177659E+07   0.180796E+07   0.180943E+07   0.180842E+07  -0.562705E+00   0.180447E+07   0.180430E+07   0.313423E+02
   0.400534E-02   0.179282E+07   0.179117E+07   0.118015E+06   0.114716E+06   0.175323E+07   0.179078E+07   0.179255E+07   0.179116E+07  -0.557304E+00   0.178724E+07   0.178705E+07   0.319706E+02
   0.442234E-02   0.177392E+07   0.177193E+07   0.851322E+05   0.834505E+05   0.172670E+07   0.177148E+07   0.177359E+07   0.177176E+07  -0.551244E+00   0.176794E+07   0.176773E+07   0.326003E+02
   0.488276E-02   0.175277E+07   0.175037E+07   0.592935E+05   0.605445E+05   0.169671E+07   0.174988E+07   0.175238E+07   0.175007E+07  -0.544468E+00   0.174638E+07   0.174614E+07   0.330151E+02
   0.539111E-02   0.172920E+07   0.172629E+07   0.505880E+05   0.523670E+05   0.166298E+07   0.172577E+07   0.172873E+07   0.172594E+07  -0.536924E+00   0.172235E+07   0.172209E+07   0.334894E+02
   0.595239E-02   0.170300E+07   0.169950E+07   0.489056E+05   0.439218E+05   0.162528E+07   0.169896E+07   0.170244E+07   0.169912E+07  -0.528557E+00   0.169566E+07   0.169535E+07   0.344638E+02
   0.657210E-02   0.167401E+07   0.166979E+07   0.383227E+05   0.354006E+05   0.158340E+07   0.166927E+07   0.167332E+07   0.166940E+07  -0.519299E+00   0.166612E+07   0.166577E+07   0.358872E+02
   0.725633E-02   0.164202E+07   0.163694E+07   0.253469E+05   0.284691E+05   0.153723E+07   0.163651E+07   0.164120E+07   0.163660E+07  -0.509087E+00   0.163354E+07   0.163315E+07   0.372980E+02
   0.801180E-02   0.160686E+07   0.160076E+07   0.234807E+05   0.228369E+05   0.148674E+07   0.160051E+07   0.160587E+07   0.160058E+07  -0.497869E+00   0.159776E+07   0.159730E+07   0.387424E+02
   0.884592E-02   0.156837E+07   0.156106E+07   0.201122E+05   0.182689E+05   0.143199E+07   0.156110E+07   0.156719E+07   0.156116E+07  -0.485598E+00   0.155860E+07   0.155807E+07   0.405829E+02
   0.976688E-02   0.152640E+07   0.151768E+07   0.130266E+05   0.145710E+05   0.137316E+07   0.151815E+07   0.152499E+07   0.151820E+07  -0.472228E+00   0.151593E+07   0.151532E+07   0.425032E+02
   0.107837E-01   0.148085E+07   0.147046E+07   0.130970E+05   0.115826E+05   0.131048E+07   0.147157E+07   0.147917E+07   0.147161E+07  -0.457731E+00   0.146965E+07   0.146895E+07   0.444707E+02
   0.119064E-01   0.143164E+07   0.141930E+07   0.839650E+04   0.917374E+04   0.124423E+07   0.142129E+07   0.142964E+07   0.142132E+07  -0.442084E+00   0.141969E+07   0.141888E+07   0.466217E+02
   0.131460E-01   0.137872E+07   0.136414E+07   0.818142E+04   0.723643E+04   0.117473E+07   0.136728E+07   0.137636E+07   0.136730E+07  -0.425278E+00   0.136603E+07   0.136509E+07   0.486949E+02
   0.145147E-01   0.132210E+07   0.130496E+07   0.517284E+04   0.568296E+04   0.110234E+07   0.130956E+07   0.131933E+07   0.130958E+07  -0.407321E+00   0.130868E+07   0.130759E+07   0.507813E+02
   0.160258E-01   0.126187E+07   0.124184E+07   0.482901E+04   0.444107E+04   0.102754E+07   0.124822E+07   0.125863E+07   0.124824E+07  -0.388240E+00   0.124772E+07   0.124647E+07   0.526811E+02
   0.176943E-01   0.119815E+07   0.117494E+07   0.379666E+04   0.345192E+04   0.950971E+06   0.118344E+07   0.119440E+07   0.118345E+07  -0.368086E+00   0.118331E+07   0.118190E+07   0.543137E+02
   0.195365E-01   0.113121E+07   0.110455E+07   0.257899E+04   0.266730E+04   0.873464E+06   0.111549E+07   0.112690E+07   0.111550E+07  -0.346950E+00   0.111574E+07   0.111415E+07   0.555442E+02
   0.215705E-01   0.106143E+07   0.103117E+07   0.191836E+04   0.204785E+04   0.795782E+06   0.104480E+07   0.105654E+07   0.104480E+07  -0.324961E+00   0.104542E+07   0.104363E+07   0.561815E+02
   0.238162E-01   0.989368E+06   0.955485E+06   0.156310E+04   0.156145E+04   0.718458E+06   0.971936E+06   0.983892E+06   0.971942E+06  -0.302298E+00   0.972908E+06   0.970945E+06   0.560347E+02
   0.262957E-01   0.915766E+06   0.878475E+06   0.147818E+04   0.118193E+04   0.641992E+06   0.897680E+06   0.909740E+06   0.897684E+06  -0.279202E+00   0.898981E+06   0.896858E+06   0.549039E+02
   0.290334E-01   0.842120E+06   0.801935E+06   0.785834E+03   0.888437E+03   0.565276E+06   0.823448E+06   0.835626E+06   0.823451E+06  -0.256112E+00   0.825072E+06   0.822826E+06   0.526047E+02
   0.320561E-01   0.768815E+06   0.726625E+06   0.809218E+03   0.663032E+03   0.494079E+06   0.749929E+06   0.761997E+06   0.749931E+06  -0.233246E+00   0.751792E+06   0.749483E+06   0.489785E+02
   0.353936E-01   0.698009E+06   0.655120E+06   0.515761E+03   0.492097E+03   0.428319E+06   0.679242E+06   0.691078E+06   0.679244E+06  -0.211260E+00   0.681288E+06   0.678998E+06   0.439837E+02
   0.390784E-01   0.631421E+06   0.589529E+06   0.402036E+03   0.363978E+03   0.368792E+06   0.613126E+06   0.624651E+06   0.613128E+06  -0.190696E+00   0.615303E+06   0.613136E+06   0.377124E+02
   0.431470E-01   0.571034E+06   0.532087E+06   0.277881E+03   0.269267E+03   0.316282E+06   0.553548E+06   0.564740E+06   0.553549E+06  -0.172165E+00   0.555810E+06   0.553877E+06   0.304731E+02
   0.474616E-01   0.519684E+06   0.485377E+06   0.216023E+03   0.202114E+03   0.272555E+06   0.503258E+06   0.514140E+06   0.503259E+06  -0.156524E+00   0.505564E+06   0.503951E+06   0.231042E+02
   0.517763E-01   0.479307E+06   0.450431E+06   0.167237E+03   0.156451E+03   0.238652E+06   0.464011E+06   0.474640E+06   0.464011E+06  -0.144317E+00   0.466335E+06   0.465070E+06   0.166121E+02
   0.560910E-01   0.446562E+06   0.423120E+06   0.132686E+03   0.124114E+03   0.211478E+06   0.432356E+06   0.442774E+06   0.432356E+06  -0.134471E+00   0.434690E+06   0.433752E+06   0.113763E+02
   0.604057E-01   0.418911E+06   0.400233E+06   0.107275E+03   0.100334E+03   0.188863E+06   0.405666E+06   0.415892E+06   0.405667E+06  -0.126170E+00   0.408008E+06   0.407337E+06   0.755609E+01
   0.647204E-01   0.394522E+06   0.379480E+06   0.879552E+02   0.822565E+02   0.169513E+06   0.382066E+06   0.392091E+06   0.382066E+06  -0.118830E+00   0.384410E+06   0.383923E+06   0.511441E+01
   0.690351E-01   0.371721E+06   0.358976E+06   0.727656E+02   0.680453E+02   0.152374E+06   0.359874E+06   0.369662E+06   0.359875E+06  -0.111928E+00   0.362215E+06   0.361823E+06   0.386402E+01
   0.733498E-01   0.349449E+06   0.337691E+06   0.605054E+02   0.565763E+02   0.136738E+06   0.338054E+06   0.347549E+06   0.338054E+06  -0.105141E+00   0.340381E+06   0.340001E+06   0.352260E+01
   0.776645E-01   0.327338E+06   0.315493E+06   0.504548E+02   0.471754E+02   0.122318E+06   0.316275E+06   0.325423E+06   0.316275E+06  -0.983675E-01   0.318578E+06   0.318147E+06   0.376758E+01
   0.819792E-01   0.305622E+06   0.292983E+06   0.421797E+02   0.394361E+02   0.109151E+06   0.294822E+06   0.303579E+06   0.294822E+06  -0.916951E-01   0.297085E+06   0.296568E+06   0.428676E+01
   0.862939E-01   0.284850E+06   0.271127E+06   0.353886E+02   0.330851E+02   0.973083E+05   0.274285E+06   0.282632E+06   0.274285E+06  -0.853076E-01   0.276498E+06   0.275887E+06   0.481828E+01
   0.906086E-01   0.265562E+06   0.250856E+06   0.298483E+02   0.279043E+02   0.868429E+05   0.255243E+06   0.263186E+06   0.255243E+06  -0.793853E-01   0.257399E+06   0.256709E+06   0.517607E+01
   0.959689E-01   0.244290E+06   0.228944E+06   0.244074E+02   0.228165E+02   0.757848E+05   0.234332E+06   0.241810E+06   0.234332E+06  -0.728815E-01   0.236409E+06   0.235671E+06   0.523309E+01
   0.101329E+00   0.226493E+06   0.211417E+06   0.202580E+02   0.189364E+02   0.667925E+05   0.216973E+06   0.224056E+06   0.216973E+06  -0.674825E-01   0.218974E+06   0.218252E+06   0.484185E+01
   0.106690E+00   0.212301E+06   0.198389E+06   0.171112E+02   0.159939E+02   0.596291E+05   0.203277E+06   0.210052E+06   0.203277E+06  -0.632228E-01   0.205209E+06   0.204564E+06   0.411136E+01
   0.112050E+00   0.201221E+06   0.189096E+06   0.147016E+02   0.137406E+02   0.539351E+05   0.192715E+06   0.199261E+06   0.192715E+06  -0.599380E-01   0.194589E+06   0.194058E+06   0.322336E+01
   0.117410E+00   0.192252E+06   0.182127E+06   0.127976E+02   0.119602E+02   0.492527E+05   0.184248E+06   0.190616E+06   0.184248E+06  -0.573045E-01   0.186074E+06   0.185665E+06   0.236691E+01
   0.122770E+00   0.184300E+06   0.175978E+06   0.112248E+02   0.104896E+02   0.451748E+05   0.176749E+06   0.182955E+06   0.176749E+06  -0.549722E-01   0.178531E+06   0.178227E+06   0.168757E+01
   0.128131E+00   0.176525E+06   0.169502E+06   0.987103E+01   0.922398E+01   0.414331E+05   0.169356E+06   0.175390E+06   0.169356E+06  -0.526728E-01   0.171095E+06   0.170858E+06   0.126022E+01
   0.133491E+00   0.168454E+06   0.162094E+06   0.867385E+01   0.810490E+01   0.378760E+05   0.161591E+06   0.167426E+06   0.161591E+06  -0.502576E-01   0.163284E+06   0.163071E+06   0.108614E+01
   0.138851E+00   0.159974E+06   0.153686E+06   0.760481E+01   0.710572E+01   0.344692E+05   0.153350E+06   0.158958E+06   0.153350E+06  -0.476947E-01   0.154993E+06   0.154767E+06   0.110892E+01
   0.144212E+00   0.151258E+06   0.144633E+06   0.665499E+01   0.621805E+01   0.312480E+05   0.144830E+06   0.150187E+06   0.144830E+06  -0.450448E-01   0.146419E+06   0.146155E+06   0.124093E+01
   0.149572E+00   0.142655E+06   0.135533E+06   0.582364E+01   0.544115E+01   0.282714E+05   0.136404E+06   0.141504E+06   0.136404E+06  -0.424239E-01   0.137934E+06   0.137628E+06   0.139144E+01
   0.154932E+00   0.134581E+06   0.127049E+06   0.511111E+01   0.477532E+01   0.256093E+05   0.128510E+06   0.133363E+06   0.128510E+06  -0.399689E-01   0.129983E+06   0.129644E+06   0.148913E+01
   0.160293E+00   0.127423E+06   0.119741E+06   0.451445E+01   0.421774E+01   0.233070E+05   0.121548E+06   0.126181E+06   0.121548E+06  -0.378034E-01   0.122966E+06   0.122614E+06   0.149474E+01
   0.165653E+00   0.121403E+06   0.113906E+06   0.402377E+01   0.375920E+01   0.213701E+05   0.115740E+06   0.120191E+06   0.115740E+06  -0.359972E-01   0.117111E+06   0.116769E+06   0.140325E+01
   0.171013E+00   0.116483E+06   0.109478E+06   0.362150E+01   0.338326E+01   0.197582E+05   0.111045E+06   0.115351E+06   0.111045E+06  -0.345370E-01   0.112374E+06   0.112063E+06   0.123743E+01
   0.176373E+00   0.112415E+06   0.106100E+06   0.328645E+01   0.307014E+01   0.183945E+05   0.107205E+06   0.111394E+06   0.107205E+06  -0.333427E-01   0.108499E+06   0.108230E+06   0.103585E+01
   0.181734E+00   0.108880E+06   0.103308E+06   0.299936E+01   0.280183E+01   0.172013E+05   0.103891E+06   0.107980E+06   0.103891E+06  -0.323119E-01   0.105153E+06   0.104928E+06   0.839563E+00
   0.187094E+00   0.105584E+06   0.100668E+06   0.274527E+01   0.256438E+01   0.161152E+05   0.100795E+06   0.104789E+06   0.100795E+06  -0.313491E-01   0.102028E+06   0.101840E+06   0.681120E+00
   0.192454E+00   0.102271E+06   0.978254E+05   0.251331E+01   0.234763E+01   0.150859E+05   0.976582E+05   0.101553E+06   0.976582E+05  -0.303734E-01   0.988615E+05   0.986978E+05   0.578294E+00
   0.197815E+00   0.987700E+05   0.945698E+05   0.229684E+01   0.214538E+01   0.140847E+05   0.943073E+05   0.980912E+05   0.943073E+05  -0.293312E-01   0.954799E+05   0.953249E+05   0.532679E+00
   0.203175E+00   0.950514E+05   0.908934E+05   0.209388E+01   0.195576E+01   0.131068E+05   0.907187E+05   0.943795E+05   0.907187E+05  -0.282151E-01   0.918584E+05   0.916993E+05   0.532477E+00
   0.208535E+00   0.912263E+05   0.869729E+05   0.190580E+01   0.178007E+01   0.121672E+05   0.870089E+05   0.905389E+05   0.870089E+05  -0.270613E-01   0.881141E+05   0.879430E+05   0.558037E+00
   0.213896E+00   0.874619E+05   0.830633E+05   0.173486E+01   0.162038E+01   0.112882E+05   0.833520E+05   0.867510E+05   0.833520E+05  -0.259239E-01   0.844226E+05   0.842376E+05   0.588261E+00
   0.219256E+00   0.839095E+05   0.793995E+05   0.158240E+01   0.147796E+01   0.104858E+05   0.799063E+05   0.831807E+05   0.799063E+05  -0.248523E-01   0.809433E+05   0.807479E+05   0.606027E+00
   0.224616E+00   0.806835E+05   0.761553E+05   0.144865E+01   0.135303E+01   0.976908E+04   0.767905E+05   0.799517E+05   0.767905E+05  -0.238832E-01   0.777959E+05   0.775973E+05   0.601453E+00
   0.229977E+00   0.778506E+05   0.734221E+05   0.133276E+01   0.124476E+01   0.914017E+04   0.740723E+05   0.771349E+05   0.740723E+05  -0.230378E-01   0.750490E+05   0.748553E+05   0.572749E+00
   0.235337E+00   0.754099E+05   0.711884E+05   0.123265E+01   0.115124E+01   0.859130E+04   0.717487E+05   0.747277E+05   0.717487E+05  -0.223151E-01   0.727000E+05   0.725183E+05   0.524970E+00
   0.240697E+00   0.732898E+05   0.693454E+05   0.114534E+01   0.106968E+01   0.810781E+04   0.697451E+05   0.726523E+05   0.697451E+05  -0.216919E-01   0.706737E+05   0.705083E+05   0.467349E+00
   0.246057E+00   0.713786E+05   0.677309E+05   0.106763E+01   0.997080E+00   0.767212E+04   0.679462E+05   0.707891E+05   0.679462E+05  -0.211324E-01   0.688541E+05   0.687057E+05   0.410143E+00
   0.251418E+00   0.695616E+05   0.661819E+05   0.996749E+00   0.930860E+00   0.726718E+04   0.662341E+05   0.690154E+05   0.662341E+05  -0.206000E-01   0.671224E+05   0.669886E+05   0.361879E+00
   0.256778E+00   0.677456E+05   0.645702E+05   0.930663E+00   0.869126E+00   0.688124E+04   0.645141E+05   0.672324E+05   0.645141E+05  -0.200650E-01   0.653828E+05   0.652591E+05   0.327597E+00
   0.262138E+00   0.658754E+05   0.628257E+05   0.868200E+00   0.810782E+00   0.650733E+04   0.627306E+05   0.653825E+05   0.627306E+05  -0.195103E-01   0.635794E+05   0.634606E+05   0.308282E+00
   0.267499E+00   0.639433E+05   0.609468E+05   0.809007E+00   0.755495E+00   0.614397E+04   0.608774E+05   0.634591E+05   0.608774E+05  -0.189339E-01   0.617057E+05   0.615871E+05   0.301388E+00
   0.272859E+00   0.619831E+05   0.589888E+05   0.753309E+00   0.703474E+00   0.579464E+04   0.589901E+05   0.614992E+05   0.589901E+05  -0.183469E-01   0.597974E+05   0.596762E+05   0.302123E+00
   0.278219E+00   0.600488E+05   0.570354E+05   0.701540E+00   0.655125E+00   0.546363E+04   0.571251E+05   0.595618E+05   0.571251E+05  -0.177669E-01   0.579115E+05   0.577867E+05   0.305046E+00
   0.283580E+00   0.581957E+05   0.551710E+05   0.654066E+00   0.610787E+00   0.515534E+04   0.553398E+05   0.577069E+05   0.553398E+05  -0.172117E-01   0.561060E+05   0.559786E+05   0.305505E+00
   0.288940E+00   0.564687E+05   0.534618E+05   0.611052E+00   0.570614E+00   0.487274E+04   0.536806E+05   0.559828E+05   0.536806E+05  -0.166956E-01   0.544275E+05   0.542998E+05   0.300572E+00
   0.294300E+00   0.548940E+05   0.519443E+05   0.572402E+00   0.534517E+00   0.461621E+04   0.521741E+05   0.544173E+05   0.521741E+05  -0.162271E-01   0.529030E+05   0.527778E+05   0.289391E+00
   0.299661E+00   0.534723E+05   0.506172E+05   0.537739E+00   0.502141E+00   0.438425E+04   0.508206E+05   0.530109E+05   0.508206E+05  -0.158061E-01   0.515331E+05   0.514128E+05   0.272966E+00
   0.305021E+00   0.521805E+05   0.494455E+05   0.506464E+00   0.472931E+00   0.417322E+04   0.495960E+05   0.517385E+05   0.495960E+05  -0.154252E-01   0.502932E+05   0.501795E+05   0.253556E+00
   0.310381E+00   0.509811E+05   0.483752E+05   0.477908E+00   0.446260E+00   0.397854E+04   0.484618E+05   0.505600E+05   0.484618E+05  -0.150725E-01   0.491447E+05   0.490380E+05   0.233867E+00
   0.315741E+00   0.498349E+05   0.473504E+05   0.451462E+00   0.421560E+00   0.379617E+04   0.473778E+05   0.494334E+05   0.473778E+05  -0.147353E-01   0.480470E+05   0.479466E+05   0.216296E+00
   0.321102E+00   0.487087E+05   0.463248E+05   0.426649E+00   0.398386E+00   0.362263E+04   0.463100E+05   0.483234E+05   0.463100E+05  -0.144032E-01   0.469658E+05   0.468702E+05   0.202402E+00
   0.326462E+00   0.475802E+05   0.452702E+05   0.403153E+00   0.376443E+00   0.345569E+04   0.452362E+05   0.472069E+05   0.452362E+05  -0.140693E-01   0.458787E+05   0.457862E+05   0.192690E+00
   0.331822E+00   0.464427E+05   0.441802E+05   0.380830E+00   0.355596E+00   0.329468E+04   0.441500E+05   0.460770E+05   0.441500E+05  -0.137314E-01   0.447790E+05   0.446879E+05   0.186683E+00
   0.337183E+00   0.453040E+05   0.430692E+05   0.359678E+00   0.335843E+00   0.313986E+04   0.430599E+05   0.449428E+05   0.430599E+05  -0.133924E-01   0.436754E+05   0.435846E+05   0.183216E+00
   0.342543E+00   0.441818E+05   0.419646E+05   0.339771E+00   0.317254E+00   0.299222E+04   0.419843E+05   0.438235E+05   0.419843E+05  -0.130579E-01   0.425866E+05   0.424955E+05   0.180837E+00
   0.347903E+00   0.430959E+05   0.408961E+05   0.321189E+00   0.299901E+00   0.285291E+04   0.409438E+05   0.427404E+05   0.409438E+05  -0.127342E-01   0.415330E+05   0.414419E+05   0.178203E+00
   0.353264E+00   0.420623E+05   0.398876E+05   0.303965E+00   0.283817E+00   0.272249E+04   0.399548E+05   0.417109E+05   0.399548E+05  -0.124266E-01   0.405315E+05   0.404409E+05   0.174381E+00
   0.358624E+00   0.410905E+05   0.389531E+05   0.288076E+00   0.268980E+00   0.260124E+04   0.390270E+05   0.407451E+05   0.390270E+05  -0.121381E-01   0.395918E+05   0.395027E+05   0.168981E+00
   0.363984E+00   0.401821E+05   0.380945E+05   0.273440E+00   0.255311E+00   0.248874E+04   0.381621E+05   0.398447E+05   0.381621E+05  -0.118691E-01   0.387157E+05   0.386289E+05   0.162144E+00
   0.369344E+00   0.393312E+05   0.373026E+05   0.259923E+00   0.242689E+00   0.238399E+04   0.373539E+05   0.390033E+05   0.373539E+05  -0.116177E-01   0.378969E+05   0.378130E+05   0.154395E+00
   0.374705E+00   0.385260E+05   0.365606E+05   0.247365E+00   0.230962E+00   0.228598E+04   0.365903E+05   0.382084E+05   0.365903E+05  -0.113802E-01   0.371231E+05   0.370425E+05   0.146445E+00
   0.380065E+00   0.377528E+05   0.358488E+05   0.235610E+00   0.219984E+00   0.219342E+04   0.358573E+05   0.374451E+05   0.358573E+05  -0.111522E-01   0.363803E+05   0.363026E+05   0.138983E+00
   0.385425E+00   0.369994E+05   0.351506E+05   0.224524E+00   0.209632E+00   0.210527E+04   0.351424E+05   0.367007E+05   0.351424E+05  -0.109299E-01   0.356559E+05   0.355808E+05   0.132510E+00
   0.390786E+00   0.362575E+05   0.344548E+05   0.214013E+00   0.199817E+00   0.202090E+04   0.344372E+05   0.359662E+05   0.344372E+05  -0.107106E-01   0.349413E+05   0.348682E+05   0.127255E+00
   0.396146E+00   0.355228E+05   0.337567E+05   0.204018E+00   0.190484E+00   0.193977E+04   0.337375E+05   0.352374E+05   0.337375E+05  -0.104930E-01   0.342324E+05   0.341607E+05   0.123167E+00
   0.401506E+00   0.347954E+05   0.330581E+05   0.194512E+00   0.181608E+00   0.186187E+04   0.330439E+05   0.345146E+05   0.330439E+05  -0.102772E-01   0.335296E+05   0.334588E+05   0.119974E+00
   0.406867E+00   0.340799E+05   0.323663E+05   0.185494E+00   0.173187E+00   0.178730E+04   0.323609E+05   0.338030E+05   0.323609E+05  -0.100648E-01   0.328376E+05   0.327674E+05   0.117294E+00
   0.412227E+00   0.333831E+05   0.316918E+05   0.176977E+00   0.165234E+00   0.171622E+04   0.316957E+05   0.331097E+05   0.316957E+05  -0.985791E-02   0.321635E+05   0.320940E+05   0.114737E+00
   0.417587E+00   0.327110E+05   0.310432E+05   0.168964E+00   0.157752E+00   0.164887E+04   0.310545E+05   0.324414E+05   0.310545E+05  -0.965848E-02   0.315137E+05   0.314450E+05   0.112000E+00
   0.422948E+00   0.320666E+05   0.304257E+05   0.161443E+00   0.150730E+00   0.158521E+04   0.304404E+05   0.318014E+05   0.304404E+05  -0.946750E-02   0.308914E+05   0.308237E+05   0.108918E+00
   0.428308E+00   0.314506E+05   0.298402E+05   0.154389E+00   0.144143E+00   0.152510E+04   0.298542E+05   0.311904E+05   0.298542E+05  -0.928516E-02   0.302972E+05   0.302308E+05   0.105475E+00
   0.433668E+00   0.308619E+05   0.292852E+05   0.147767E+00   0.137960E+00   0.146833E+04   0.292946E+05   0.306071E+05   0.292946E+05  -0.911114E-02   0.297300E+05   0.296651E+05   0.101776E+00
   0.439028E+00   0.302979E+05   0.287565E+05   0.141540E+00   0.132145E+00   0.141458E+04   0.287590E+05   0.300488E+05   0.287590E+05  -0.894456E-02   0.291870E+05   0.291238E+05   0.980019E-01
   0.444389E+00   0.297539E+05   0.282476E+05   0.135660E+00   0.126656E+00   0.136349E+04   0.282427E+05   0.295105E+05   0.282427E+05  -0.878396E-02   0.286635E+05   0.286019E+05   0.943465E-01
   0.449749E+00   0.292248E+05   0.277517E+05   0.130086E+00   0.121450E+00   0.131474E+04   0.277403E+05   0.289867E+05   0.277403E+05  -0.862772E-02   0.281542E+05   0.280940E+05   0.909688E-01
   0.455109E+00   0.287068E+05   0.272639E+05   0.124781E+00   0.116497E+00   0.126800E+04   0.272482E+05   0.284736E+05   0.272482E+05  -0.847467E-02   0.276553E+05   0.275964E+05   0.879601E-01
   0.460470E+00   0.281984E+05   0.267823E+05   0.119726E+00   0.111777E+00   0.122311E+04   0.267648E+05   0.279695E+05   0.267648E+05  -0.832432E-02   0.271652E+05   0.271074E+05   0.853345E-01
   0.465830E+00   0.276992E+05   0.263067E+05   0.114906E+00   0.107277E+00   0.118003E+04   0.262898E+05   0.274742E+05   0.262898E+05  -0.817659E-02   0.266837E+05   0.266268E+05   0.830392E-01
   0.471190E+00   0.272097E+05   0.258385E+05   0.110311E+00   0.102987E+00   0.113865E+04   0.258238E+05   0.269881E+05   0.258238E+05  -0.803163E-02   0.262111E+05   0.261550E+05   0.809776E-01
   0.476551E+00   0.267310E+05   0.253798E+05   0.105936E+00   0.989014E-01   0.109900E+04   0.253679E+05   0.265126E+05   0.253679E+05  -0.788987E-02   0.257490E+05   0.256936E+05   0.790387E-01
   0.481911E+00   0.262650E+05   0.249335E+05   0.101777E+00   0.950182E-01   0.106108E+04   0.249243E+05   0.260499E+05   0.249243E+05  -0.775189E-02   0.252992E+05   0.252445E+05   0.771249E-01
   0.487271E+00   0.258135E+05   0.245022E+05   0.978298E-01   0.913333E-01   0.102486E+04   0.244946E+05   0.256016E+05   0.244946E+05  -0.761824E-02   0.248635E+05   0.248096E+05   0.751717E-01
   0.492631E+00   0.253771E+05   0.240870E+05   0.940875E-01   0.878392E-01   0.990358E+03   0.240795E+05   0.251686E+05   0.240795E+05  -0.748916E-02   0.244426E+05   0.243896E+05   0.731552E-01
   0.497992E+00   0.249553E+05   0.236871E+05   0.905372E-01   0.845243E-01   0.957427E+03   0.236786E+05   0.247503E+05   0.236786E+05  -0.736447E-02   0.240361E+05   0.239840E+05   0.710888E-01
   0.503352E+00   0.245468E+05   0.233011E+05   0.871642E-01   0.813751E-01   0.925972E+03   0.232906E+05   0.243454E+05   0.232906E+05  -0.724377E-02   0.236425E+05   0.235914E+05   0.690123E-01
   0.508712E+00   0.241502E+05   0.229269E+05   0.839546E-01   0.783783E-01   0.895890E+03   0.229139E+05   0.239525E+05   0.229139E+05  -0.712663E-02   0.232605E+05   0.232104E+05   0.669768E-01
   0.514073E+00   0.237642E+05   0.225627E+05   0.808957E-01   0.755223E-01   0.867044E+03   0.225474E+05   0.235700E+05   0.225474E+05  -0.701263E-02   0.228888E+05   0.228396E+05   0.650302E-01
   0.519433E+00   0.233876E+05   0.222068E+05   0.779756E-01   0.727960E-01   0.839382E+03   0.221897E+05   0.231968E+05   0.221897E+05  -0.690139E-02   0.225260E+05   0.224777E+05   0.632058E-01
   0.524793E+00   0.230190E+05   0.218577E+05   0.751833E-01   0.701889E-01   0.812772E+03   0.218395E+05   0.228313E+05   0.218395E+05  -0.679248E-02   0.221709E+05   0.221234E+05   0.615166E-01
   0.530154E+00   0.226576E+05   0.215145E+05   0.725099E-01   0.676930E-01   0.787140E+03   0.214961E+05   0.224729E+05   0.214961E+05  -0.668565E-02   0.218225E+05   0.217757E+05   0.599554E-01
   0.535514E+00   0.223034E+05   0.211774E+05   0.699505E-01   0.653033E-01   0.762486E+03   0.211593E+05   0.221214E+05   0.211594E+05  -0.658092E-02   0.214810E+05   0.214349E+05   0.585000E-01
   0.540874E+00   0.219570E+05   0.208473E+05   0.675017E-01   0.630170E-01   0.738765E+03   0.208300E+05   0.217776E+05   0.208300E+05  -0.647849E-02   0.211469E+05   0.211015E+05   0.571205E-01
   0.546235E+00   0.216188E+05   0.205250E+05   0.651601E-01   0.608309E-01   0.715968E+03   0.205085E+05   0.214421E+05   0.205085E+05  -0.637850E-02   0.208208E+05   0.207760E+05   0.557869E-01
   0.551595E+00   0.212890E+05   0.202108E+05   0.629212E-01   0.587406E-01   0.694072E+03   0.201950E+05   0.211148E+05   0.201950E+05  -0.628098E-02   0.205028E+05   0.204586E+05   0.544757E-01
   0.556955E+00   0.209675E+05   0.199050E+05   0.607806E-01   0.567421E-01   0.673026E+03   0.198894E+05   0.207958E+05   0.198894E+05  -0.618595E-02   0.201928E+05   0.201493E+05   0.531734E-01
   0.562315E+00   0.206545E+05   0.196077E+05   0.587344E-01   0.548317E-01   0.652825E+03   0.195920E+05   0.204853E+05   0.195920E+05  -0.609346E-02   0.198912E+05   0.198483E+05   0.518777E-01
   0.567676E+00   0.203499E+05   0.193189E+05   0.567780E-01   0.530052E-01   0.633427E+03   0.193027E+05   0.201833E+05   0.193027E+05  -0.600347E-02   0.195976E+05   0.195554E+05   0.505950E-01
   0.573036E+00   0.200531E+05   0.190378E+05   0.549060E-01   0.512574E-01   0.614767E+03   0.190209E+05   0.198890E+05   0.190209E+05  -0.591582E-02   0.193117E+05   0.192702E+05   0.493370E-01
   0.578396E+00   0.197633E+05   0.187634E+05   0.531122E-01   0.495827E-01   0.596818E+03   0.187457E+05   0.196017E+05   0.187457E+05  -0.583023E-02   0.190326E+05   0.189916E+05   0.481168E-01
   0.629654E+00   0.172854E+05   0.164105E+05   0.391828E-01   0.365782E-01   0.454389E+03   0.163923E+05   0.171440E+05   0.163923E+05  -0.509828E-02   0.166448E+05   0.166090E+05   0.386805E-01
   0.769061E+00   0.125638E+05   0.119284E+05   0.190769E-01   0.178081E-01   0.236361E+03   0.119105E+05   0.124611E+05   0.119105E+05  -0.370436E-02   0.120963E+05   0.120703E+05   0.229782E-01
   0.939334E+00   0.908742E+04   0.862798E+04   0.924440E-02   0.862929E-02   0.121062E+03   0.861265E+04   0.901317E+04   0.861265E+04  -0.267868E-02   0.874826E+04   0.872947E+04   0.135986E-01
   0.114731E+01   0.654475E+04   0.621391E+04   0.446113E-02   0.416421E-02   0.611391E+02   0.620166E+04   0.649129E+04   0.620166E+04  -0.192882E-02   0.629996E+04   0.628644E+04   0.801525E-02
   0.140132E+01   0.469502E+04   0.445772E+04   0.214462E-02   0.200185E-02   0.304797E+02   0.444830E+04   0.465667E+04   0.444830E+04  -0.138350E-02   0.451915E+04   0.450945E+04   0.470668E-02
   0.171158E+01   0.335584E+04   0.318624E+04   0.102733E-02   0.958929E-03   0.150202E+02   0.317919E+04   0.332843E+04   0.317919E+04  -0.988782E-03   0.323000E+04   0.322306E+04   0.275440E-02
   0.209053E+01   0.239076E+04   0.226995E+04   0.490533E-03   0.457868E-03   0.732802E+01   0.226476E+04   0.237124E+04   0.226476E+04  -0.704379E-03   0.230104E+04   0.229610E+04   0.160708E-02
   0.255338E+01   0.169798E+04   0.161218E+04   0.233510E-03   0.217959E-03   0.354440E+01   0.160842E+04   0.168412E+04   0.160842E+04  -0.500246E-03   0.163423E+04   0.163072E+04   0.935151E-03
   0.311870E+01   0.120254E+04   0.114177E+04   0.110847E-03   0.103464E-03   0.170209E+01   0.113907E+04   0.119272E+04   0.113907E+04  -0.354270E-03   0.115737E+04   0.115488E+04   0.542920E-03
   0.380919E+01   0.849514E+03   0.806584E+03   0.524877E-04   0.489919E-04   0.812595E+00   0.804661E+03   0.842576E+03   0.804661E+03  -0.250263E-03   0.817599E+03   0.815836E+03   0.314665E-03
   0.465255E+01   0.598729E+03   0.568467E+03   0.247962E-04   0.231447E-04   0.386110E+00   0.567108E+03   0.593838E+03   0.567108E+03  -0.176380E-03   0.576231E+03   0.574985E+03   0.182163E-03
   0.568264E+01   0.421035E+03   0.399748E+03   0.116881E-04   0.109096E-04   0.182720E+00   0.398793E+03   0.417595E+03   0.398793E+03  -0.124032E-03   0.405212E+03   0.404331E+03   0.105402E-03
   0.694079E+01   0.295486E+03   0.280540E+03   0.549837E-05   0.513216E-05   0.861934E-01   0.279874E+03   0.293070E+03   0.279874E+03  -0.870455E-04   0.284380E+03   0.283757E+03   0.610192E-04
   0.847750E+01   0.206983E+03   0.196506E+03   0.258170E-05   0.240975E-05   0.405446E-01   0.196045E+03   0.205290E+03   0.196045E+03  -0.609733E-04   0.199202E+03   0.198761E+03   0.353893E-04
   0.103544E+02   0.144735E+03   0.137400E+03   0.121009E-05   0.112949E-05   0.190276E-01   0.137085E+03   0.143550E+03   0.137085E+03  -0.426358E-04   0.139293E+03   0.138980E+03   0.205995E-04
   0.126469E+02   0.101043E+03   0.959131E+02   0.566260E-06   0.528547E-06   0.891220E-02   0.957004E+02   0.100214E+03   0.957004E+02  -0.297645E-04   0.972428E+02   0.970184E+02   0.120642E-04
   0.154470E+02   0.704329E+02   0.668476E+02   0.264575E-06   0.246955E-06   0.416620E-02   0.667073E+02   0.698535E+02   0.667073E+02  -0.207471E-04   0.677830E+02   0.676210E+02   0.713256E-05
   0.188670E+02   0.490262E+02   0.465206E+02   0.123439E-06   0.115219E-06   0.194465E-02   0.464313E+02   0.486213E+02   0.464313E+02  -0.144409E-04   0.471806E+02   0.470620E+02   0.427541E-05
   0.230442E+02   0.340799E+02   0.323278E+02   0.575127E-07   0.536834E-07   0.906330E-03   0.322745E+02   0.337967E+02   0.322745E+02  -0.100379E-04   0.327959E+02   0.327074E+02   0.261216E-05
   0.281463E+02   0.236603E+02   0.224330E+02   0.267612E-07   0.249796E-07   0.421816E-03   0.224052E+02   0.234619E+02   0.224052E+02  -0.696839E-05   0.227677E+02   0.227000E+02   0.163643E-05
   0.343780E+02   0.164064E+02   0.155443E+02   0.124362E-07   0.116086E-07   0.196052E-03   0.155344E+02   0.162671E+02   0.155344E+02  -0.483146E-05   0.157864E+02   0.157329E+02   0.105736E-05
   0.419893E+02   0.113633E+02   0.107546E+02   0.577196E-08   0.538798E-08   0.910088E-04   0.107575E+02   0.112649E+02   0.107575E+02  -0.334578E-05   0.109327E+02   0.108890E+02   0.707976E-06
   0.512859E+02   0.786148E+01   0.742849E+01   0.267546E-08   0.249758E-08   0.422023E-04   0.744056E+01   0.779150E+01   0.744056E+01  -0.231414E-05   0.756236E+01   0.752523E+01   0.492361E-06
   0.626408E+02   0.543273E+01   0.512129E+01   0.123848E-08   0.115621E-08   0.195453E-04   0.513996E+01   0.538240E+01   0.513996E+01  -0.159862E-05   0.522477E+01   0.519204E+01   0.355366E-06
   0.765096E+02   0.375003E+01   0.352253E+01   0.572445E-09   0.534470E-09   0.903536E-05   0.354601E+01   0.371327E+01   0.354601E+01  -0.110287E-05   0.360521E+01   0.357538E+01   0.265187E-06
   0.934490E+02   0.258542E+01   0.241579E+01   0.264143E-09   0.246655E-09   0.417460E-05   0.244279E+01   0.255801E+01   0.244279E+01  -0.759749E-06   0.248427E+01   0.245632E+01   0.203391E-06
   0.114139E+03   0.178014E+01   0.165036E+01   0.121632E-09   0.113603E-09   0.192343E-05   0.167993E+01   0.175917E+01   0.167993E+01  -0.522488E-06   0.170917E+01   0.168245E+01   0.159210E-06
