#          k/h    CDM            baryon         photon         nu             mass_nu        total          no_nu          total_de       Weyl           v_CDM          v_b            v_b-v_c     
   0.105163E-04   0.805952E+07   0.805952E+07   0.107440E+08   0.107439E+08   0.805969E+07   0.805953E+07   0.805952E+07   0.806788E+07  -0.592400E+00   0.774991E+07   0.774991E+07   0.109988E+02
   0.116112E-04   0.805952E+07   0.805952E+07   0.107435E+08   0.107434E+08   0.805969E+07   0.805952E+07   0.805952E+07   0.806788E+07  -0.592400E+00   0.774991E+07   0.774991E+07   0.121438E+02
   0.128200E-04   0.805952E+07   0.805951E+07   0.107430E+08   0.107429E+08   0.805969E+07   0.805952E+07   0.805952E+07   0.806787E+07  -0.592400E+00   0.774990E+07   0.774990E+07   0.134078E+02
   0.141547E-04   0.805951E+07   0.805951E+07   0.107423E+08   0.107422E+08   0.805968E+07   0.805952E+07   0.805951E+07   0.806787E+07  -0.592400E+00   0.774990E+07   0.774990E+07   0.148033E+02
   0.156284E-04   0.805951E+07   0.805951E+07   0.107415E+08   0.107413E+08   0.805968E+07   0.805952E+07   0.805951E+07   0.806786E+07  -0.592399E+00   0.774990E+07   0.774990E+07   0.163440E+02
   0.172555E-04   0.805950E+07   0.805950E+07   0.107405E+08   0.107403E+08   0.805968E+07   0.805951E+07   0.805950E+07   0.806786E+07  -0.592399E+00   0.774989E+07   0.774989E+07   0.180450E+02
   0.190520E-04   0.805950E+07   0.805950E+07   0.107393E+08   0.107390E+08   0.805967E+07   0.805951E+07   0.805950E+07   0.806786E+07  -0.592398E+00   0.774989E+07   0.774989E+07   0.199228E+02
   0.210355E-04   0.805950E+07   0.805949E+07   0.107378E+08   0.107375E+08   0.805966E+07   0.805950E+07   0.805949E+07   0.806785E+07  -0.592398E+00   0.774988E+07   0.774988E+07   0.219958E+02
   0.232256E-04   0.805949E+07   0.805949E+07   0.107360E+08   0.107356E+08   0.805966E+07   0.805950E+07   0.805949E+07   0.806784E+07  -0.592397E+00   0.774988E+07   0.774988E+07   0.242842E+02
   0.256436E-04   0.805948E+07   0.805948E+07   0.107338E+08   0.107333E+08   0.805965E+07   0.805949E+07   0.805948E+07   0.806783E+07  -0.592396E+00   0.774987E+07   0.774987E+07   0.268103E+02
   0.283134E-04   0.805947E+07   0.805947E+07   0.107312E+08   0.107306E+08   0.805964E+07   0.805948E+07   0.805947E+07   0.806782E+07  -0.592395E+00   0.774986E+07   0.774986E+07   0.295986E+02
   0.312612E-04   0.805946E+07   0.805945E+07   0.107279E+08   0.107272E+08   0.805962E+07   0.805946E+07   0.805946E+07   0.806780E+07  -0.592394E+00   0.774985E+07   0.774984E+07   0.326762E+02
   0.345158E-04   0.805944E+07   0.805944E+07   0.107239E+08   0.107231E+08   0.805961E+07   0.805945E+07   0.805944E+07   0.806778E+07  -0.592393E+00   0.774983E+07   0.774983E+07   0.360729E+02
   0.381093E-04   0.805942E+07   0.805942E+07   0.107191E+08   0.107180E+08   0.805958E+07   0.805943E+07   0.805942E+07   0.806776E+07  -0.592391E+00   0.774981E+07   0.774981E+07   0.398214E+02
   0.420769E-04   0.805940E+07   0.805939E+07   0.107132E+08   0.107119E+08   0.805956E+07   0.805940E+07   0.805940E+07   0.806773E+07  -0.592389E+00   0.774979E+07   0.774979E+07   0.439576E+02
   0.464576E-04   0.805937E+07   0.805936E+07   0.107060E+08   0.107044E+08   0.805953E+07   0.805938E+07   0.805937E+07   0.806770E+07  -0.592386E+00   0.774976E+07   0.774976E+07   0.485212E+02
   0.512944E-04   0.805934E+07   0.805933E+07   0.106973E+08   0.106953E+08   0.805949E+07   0.805934E+07   0.805933E+07   0.806766E+07  -0.592383E+00   0.774973E+07   0.774972E+07   0.535555E+02
   0.566347E-04   0.805929E+07   0.805928E+07   0.106866E+08   0.106843E+08   0.805945E+07   0.805930E+07   0.805929E+07   0.806760E+07  -0.592379E+00   0.774969E+07   0.774968E+07   0.591079E+02
   0.625311E-04   0.805924E+07   0.805923E+07   0.106737E+08   0.106708E+08   0.805940E+07   0.805925E+07   0.805924E+07   0.806754E+07  -0.592374E+00   0.774964E+07   0.774963E+07   0.652303E+02
   0.690413E-04   0.805918E+07   0.805917E+07   0.106579E+08   0.106544E+08   0.805933E+07   0.805918E+07   0.805918E+07   0.806747E+07  -0.592368E+00   0.774958E+07   0.774957E+07   0.719793E+02
   0.762293E-04   0.805910E+07   0.805909E+07   0.106387E+08   0.106344E+08   0.805925E+07   0.805911E+07   0.805910E+07   0.806737E+07  -0.592361E+00   0.774951E+07   0.774949E+07   0.794164E+02
   0.841656E-04   0.805901E+07   0.805899E+07   0.106153E+08   0.106101E+08   0.805915E+07   0.805901E+07   0.805901E+07   0.806726E+07  -0.592353E+00   0.774942E+07   0.774940E+07   0.876081E+02
   0.929282E-04   0.805890E+07   0.805887E+07   0.105868E+08   0.105805E+08   0.805903E+07   0.805890E+07   0.805889E+07   0.806713E+07  -0.592342E+00   0.774931E+07   0.774929E+07   0.966264E+02
   0.102603E-03   0.805876E+07   0.805873E+07   0.105523E+08   0.105446E+08   0.805888E+07   0.805876E+07   0.805875E+07   0.806696E+07  -0.592329E+00   0.774918E+07   0.774915E+07   0.106548E+03
   0.113285E-03   0.805859E+07   0.805856E+07   0.105103E+08   0.105009E+08   0.805870E+07   0.805859E+07   0.805858E+07   0.806676E+07  -0.592314E+00   0.774902E+07   0.774898E+07   0.117456E+03
   0.125080E-03   0.805839E+07   0.805834E+07   0.104593E+08   0.104479E+08   0.805849E+07   0.805838E+07   0.805838E+07   0.806651E+07  -0.592295E+00   0.774883E+07   0.774878E+07   0.129435E+03
   0.138102E-03   0.805814E+07   0.805808E+07   0.103975E+08   0.103837E+08   0.805822E+07   0.805813E+07   0.805813E+07   0.806621E+07  -0.592272E+00   0.774859E+07   0.774853E+07   0.142576E+03
   0.152480E-03   0.805783E+07   0.805777E+07   0.103226E+08   0.103058E+08   0.805790E+07   0.805783E+07   0.805782E+07   0.806585E+07  -0.592244E+00   0.774830E+07   0.774823E+07   0.156971E+03
   0.168355E-03   0.805746E+07   0.805739E+07   0.102320E+08   0.102117E+08   0.805751E+07   0.805745E+07   0.805745E+07   0.806540E+07  -0.592209E+00   0.774794E+07   0.774786E+07   0.172712E+03
   0.185882E-03   0.805702E+07   0.805692E+07   0.101225E+08   0.100980E+08   0.805703E+07   0.805700E+07   0.805700E+07   0.806486E+07  -0.592168E+00   0.774751E+07   0.774741E+07   0.189887E+03
   0.205235E-03   0.805647E+07   0.805635E+07   0.999068E+07   0.996111E+07   0.805645E+07   0.805645E+07   0.805645E+07   0.806421E+07  -0.592117E+00   0.774699E+07   0.774687E+07   0.208577E+03
   0.226602E-03   0.805580E+07   0.805566E+07   0.983218E+07   0.979656E+07   0.805574E+07   0.805578E+07   0.805578E+07   0.806341E+07  -0.592056E+00   0.774635E+07   0.774620E+07   0.228849E+03
   0.250194E-03   0.805499E+07   0.805482E+07   0.964224E+07   0.959945E+07   0.805488E+07   0.805496E+07   0.805496E+07   0.806244E+07  -0.591981E+00   0.774558E+07   0.774540E+07   0.250749E+03
   0.276242E-03   0.805401E+07   0.805380E+07   0.941549E+07   0.936425E+07   0.805384E+07   0.805397E+07   0.805397E+07   0.806127E+07  -0.591891E+00   0.774464E+07   0.774442E+07   0.274289E+03
   0.305002E-03   0.805281E+07   0.805256E+07   0.914606E+07   0.908493E+07   0.805257E+07   0.805276E+07   0.805277E+07   0.805986E+07  -0.591781E+00   0.774349E+07   0.774322E+07   0.299434E+03
   0.336756E-03   0.805136E+07   0.805106E+07   0.882773E+07   0.875517E+07   0.805103E+07   0.805130E+07   0.805131E+07   0.805814E+07  -0.591649E+00   0.774210E+07   0.774178E+07   0.326086E+03
   0.371817E-03   0.804961E+07   0.804924E+07   0.845427E+07   0.836864E+07   0.804916E+07   0.804953E+07   0.804955E+07   0.805608E+07  -0.591490E+00   0.774042E+07   0.774003E+07   0.354058E+03
   0.410527E-03   0.804748E+07   0.804704E+07   0.801991E+07   0.791958E+07   0.804690E+07   0.804738E+07   0.804741E+07   0.805359E+07  -0.591298E+00   0.773837E+07   0.773791E+07   0.383054E+03
   0.453268E-03   0.804491E+07   0.804438E+07   0.752007E+07   0.740354E+07   0.804416E+07   0.804479E+07   0.804482E+07   0.805061E+07  -0.591067E+00   0.773590E+07   0.773535E+07   0.412631E+03
   0.500458E-03   0.804180E+07   0.804117E+07   0.695242E+07   0.681852E+07   0.804085E+07   0.804166E+07   0.804170E+07   0.804703E+07  -0.590790E+00   0.773291E+07   0.773227E+07   0.442177E+03
   0.552561E-03   0.803806E+07   0.803732E+07   0.631824E+07   0.616640E+07   0.803687E+07   0.803789E+07   0.803794E+07   0.804276E+07  -0.590461E+00   0.772931E+07   0.772855E+07   0.470874E+03
   0.610090E-03   0.803356E+07   0.803268E+07   0.562405E+07   0.545462E+07   0.803208E+07   0.803336E+07   0.803342E+07   0.803769E+07  -0.590068E+00   0.772497E+07   0.772408E+07   0.497680E+03
   0.673607E-03   0.802818E+07   0.802714E+07   0.488338E+07   0.469802E+07   0.802632E+07   0.802793E+07   0.802801E+07   0.803168E+07  -0.589604E+00   0.771976E+07   0.771874E+07   0.521328E+03
   0.743737E-03   0.802174E+07   0.802054E+07   0.411822E+07   0.392030E+07   0.801945E+07   0.802145E+07   0.802154E+07   0.802460E+07  -0.589057E+00   0.771353E+07   0.771235E+07   0.540351E+03
   0.821169E-03   0.801407E+07   0.801269E+07   0.335959E+07   0.315446E+07   0.801124E+07   0.801373E+07   0.801385E+07   0.801629E+07  -0.588416E+00   0.770609E+07   0.770476E+07   0.553168E+03
   0.906662E-03   0.800499E+07   0.800340E+07   0.264611E+07   0.244110E+07   0.800150E+07   0.800458E+07   0.800473E+07   0.800659E+07  -0.587669E+00   0.769726E+07   0.769578E+07   0.558221E+03
   0.100106E-02   0.799426E+07   0.799248E+07   0.201959E+07   0.182362E+07   0.798998E+07   0.799379E+07   0.799397E+07   0.799531E+07  -0.586804E+00   0.768681E+07   0.768519E+07   0.554202E+03
   0.110528E-02   0.798165E+07   0.797967E+07   0.151678E+07   0.133925E+07   0.797640E+07   0.798111E+07   0.798133E+07   0.798224E+07  -0.585806E+00   0.767452E+07   0.767278E+07   0.540335E+03
   0.122035E-02   0.796691E+07   0.796475E+07   0.115791E+07   0.100701E+07   0.796048E+07   0.796629E+07   0.796656E+07   0.796715E+07  -0.584661E+00   0.766014E+07   0.765830E+07   0.516684E+03
   0.134740E-02   0.794975E+07   0.794744E+07   0.935339E+06   0.816053E+06   0.794187E+07   0.794904E+07   0.794938E+07   0.794974E+07  -0.583350E+00   0.764341E+07   0.764150E+07   0.484382E+03
   0.148768E-02   0.792988E+07   0.792745E+07   0.808996E+06   0.721656E+06   0.792023E+07   0.792907E+07   0.792949E+07   0.792968E+07  -0.581850E+00   0.762403E+07   0.762209E+07   0.445652E+03
   0.164257E-02   0.790697E+07   0.790444E+07   0.717231E+06   0.657625E+06   0.789517E+07   0.790605E+07   0.790656E+07   0.790659E+07  -0.580136E+00   0.760172E+07   0.759978E+07   0.403507E+03
   0.181358E-02   0.788063E+07   0.787806E+07   0.606115E+06   0.567670E+06   0.786626E+07   0.787959E+07   0.788022E+07   0.788005E+07  -0.578176E+00   0.757613E+07   0.757421E+07   0.361124E+03
   0.200239E-02   0.785047E+07   0.784787E+07   0.464509E+06   0.441331E+06   0.783299E+07   0.784928E+07   0.785005E+07   0.784963E+07  -0.575937E+00   0.754687E+07   0.754499E+07   0.321125E+03
   0.221086E-02   0.781601E+07   0.781339E+07   0.332869E+06   0.320856E+06   0.779480E+07   0.781465E+07   0.781559E+07   0.781491E+07  -0.573381E+00   0.751349E+07   0.751164E+07   0.285164E+03
   0.244104E-02   0.777677E+07   0.777409E+07   0.259515E+06   0.254147E+06   0.775106E+07   0.777520E+07   0.777634E+07   0.777540E+07  -0.570473E+00   0.747549E+07   0.747368E+07   0.254048E+03
   0.269518E-02   0.773219E+07   0.772940E+07   0.235946E+06   0.215769E+06   0.770109E+07   0.773036E+07   0.773174E+07   0.773054E+07  -0.567173E+00   0.743233E+07   0.743053E+07   0.228056E+03
   0.297578E-02   0.768169E+07   0.767873E+07   0.204078E+06   0.175840E+06   0.764415E+07   0.767954E+07   0.768121E+07   0.767970E+07  -0.563438E+00   0.738345E+07   0.738165E+07   0.206751E+03
   0.328559E-02   0.762464E+07   0.762146E+07   0.151419E+06   0.143169E+06   0.757944E+07   0.762212E+07   0.762413E+07   0.762223E+07  -0.559219E+00   0.732824E+07   0.732643E+07   0.188529E+03
   0.362766E-02   0.756037E+07   0.755692E+07   0.124272E+06   0.116447E+06   0.750608E+07   0.755740E+07   0.755982E+07   0.755749E+07  -0.554465E+00   0.726604E+07   0.726422E+07   0.171351E+03
   0.400534E-02   0.748817E+07   0.748443E+07   0.109745E+06   0.946032E+05   0.742316E+07   0.748467E+07   0.748757E+07   0.748475E+07  -0.549125E+00   0.719616E+07   0.719435E+07   0.154520E+03
   0.442234E-02   0.740729E+07   0.740321E+07   0.786887E+05   0.767583E+05   0.732973E+07   0.740317E+07   0.740663E+07   0.740323E+07  -0.543143E+00   0.711787E+07   0.711607E+07   0.138713E+03
   0.488276E-02   0.731694E+07   0.731245E+07   0.705795E+05   0.621895E+05   0.722480E+07   0.731209E+07   0.731621E+07   0.731215E+07  -0.536459E+00   0.703040E+07   0.702862E+07   0.124647E+03
   0.539111E-02   0.721631E+07   0.721132E+07   0.558206E+05   0.503050E+05   0.710738E+07   0.721063E+07   0.721550E+07   0.721068E+07  -0.529013E+00   0.693297E+07   0.693119E+07   0.112612E+03
   0.595239E-02   0.710459E+07   0.709898E+07   0.441962E+05   0.406190E+05   0.697652E+07   0.709796E+07   0.710368E+07   0.709799E+07  -0.520744E+00   0.682478E+07   0.682301E+07   0.101813E+03
   0.657210E-02   0.698097E+07   0.697462E+07   0.331304E+05   0.327328E+05   0.683134E+07   0.697325E+07   0.697994E+07   0.697327E+07  -0.511594E+00   0.670505E+07   0.670329E+07   0.917032E+02
   0.725633E-02   0.684464E+07   0.683743E+07   0.292856E+05   0.263195E+05   0.667104E+07   0.683571E+07   0.684348E+07   0.683573E+07  -0.501502E+00   0.657302E+07   0.657126E+07   0.825931E+02
   0.801180E-02   0.669488E+07   0.668662E+07   0.215296E+05   0.211110E+05   0.649501E+07   0.668460E+07   0.669354E+07   0.668462E+07  -0.490415E+00   0.642796E+07   0.642621E+07   0.746488E+02
   0.884592E-02   0.653100E+07   0.652150E+07   0.170110E+05   0.168875E+05   0.630276E+07   0.651925E+07   0.652946E+07   0.651926E+07  -0.478283E+00   0.626924E+07   0.626750E+07   0.674400E+02
   0.976688E-02   0.635244E+07   0.634148E+07   0.140757E+05   0.134685E+05   0.609403E+07   0.633911E+07   0.635067E+07   0.633912E+07  -0.465067E+00   0.609634E+07   0.609459E+07   0.609679E+02
   0.107837E-01   0.615876E+07   0.614609E+07   0.107940E+05   0.107063E+05   0.586870E+07   0.614374E+07   0.615671E+07   0.614375E+07  -0.450733E+00   0.590881E+07   0.590707E+07   0.552556E+02
   0.119064E-01   0.594966E+07   0.593499E+07   0.887400E+04   0.847965E+04   0.562687E+07   0.593286E+07   0.594729E+07   0.593287E+07  -0.435262E+00   0.570641E+07   0.570466E+07   0.501345E+02
   0.131460E-01   0.572503E+07   0.570803E+07   0.666098E+04   0.668910E+04   0.536883E+07   0.570636E+07   0.572228E+07   0.570636E+07  -0.418644E+00   0.548901E+07   0.548726E+07   0.456064E+02
   0.145147E-01   0.548492E+07   0.546528E+07   0.548776E+04   0.525324E+04   0.509518E+07   0.546433E+07   0.548174E+07   0.546434E+07  -0.400888E+00   0.525671E+07   0.525495E+07   0.415694E+02
   0.160258E-01   0.522968E+07   0.520707E+07   0.449265E+04   0.410543E+04   0.480701E+07   0.520716E+07   0.522603E+07   0.520716E+07  -0.382020E+00   0.500986E+07   0.500808E+07   0.379750E+02
   0.176943E-01   0.496001E+07   0.493410E+07   0.323139E+04   0.319115E+04   0.450595E+07   0.493556E+07   0.495582E+07   0.493556E+07  -0.362094E+00   0.474916E+07   0.474736E+07   0.347534E+02
   0.195365E-01   0.467706E+07   0.464759E+07   0.256964E+04   0.246587E+04   0.419420E+07   0.465076E+07   0.467230E+07   0.465076E+07  -0.341200E+00   0.447576E+07   0.447394E+07   0.318322E+02
   0.215705E-01   0.438254E+07   0.434935E+07   0.202322E+04   0.189323E+04   0.387419E+07   0.435452E+07   0.437718E+07   0.435453E+07  -0.319467E+00   0.419135E+07   0.418951E+07   0.291406E+02
   0.238162E-01   0.407885E+07   0.404192E+07   0.167701E+04   0.144356E+04   0.354863E+07   0.404927E+07   0.407288E+07   0.404927E+07  -0.297072E+00   0.389825E+07   0.389640E+07   0.266058E+02
   0.262957E-01   0.376917E+07   0.372875E+07   0.115127E+04   0.109270E+04   0.322111E+07   0.373825E+07   0.376264E+07   0.373825E+07  -0.274254E+00   0.359958E+07   0.359772E+07   0.241513E+02
   0.290334E-01   0.345955E+07   0.341620E+07   0.908992E+03   0.821394E+03   0.289525E+07   0.342744E+07   0.345254E+07   0.342745E+07  -0.251452E+00   0.330108E+07   0.329924E+07   0.217115E+02
   0.320561E-01   0.315249E+07   0.310714E+07   0.655141E+03   0.612950E+03   0.258042E+07   0.311973E+07   0.314516E+07   0.311973E+07  -0.228877E+00   0.300548E+07   0.300367E+07   0.192271E+02
   0.353936E-01   0.285691E+07   0.281096E+07   0.510853E+03   0.454849E+03   0.228242E+07   0.282395E+07   0.284949E+07   0.282395E+07  -0.207177E+00   0.272129E+07   0.271957E+07   0.166699E+02
   0.390784E-01   0.258007E+07   0.253531E+07   0.353778E+03   0.336340E+03   0.200716E+07   0.254736E+07   0.257284E+07   0.254736E+07  -0.186885E+00   0.245551E+07   0.245390E+07   0.140423E+02
   0.431470E-01   0.233019E+07   0.228868E+07   0.260354E+03   0.248723E+03   0.176068E+07   0.229813E+07   0.232348E+07   0.229813E+07  -0.168601E+00   0.221601E+07   0.221457E+07   0.113970E+02
   0.474616E-01   0.211886E+07   0.208237E+07   0.194297E+03   0.186595E+03   0.155292E+07   0.208774E+07   0.211296E+07   0.208774E+07  -0.153165E+00   0.201382E+07   0.201258E+07   0.892929E+01
   0.517763E-01   0.195359E+07   0.192293E+07   0.150312E+03   0.144347E+03   0.138961E+07   0.192346E+07   0.194864E+07   0.192346E+07  -0.141113E+00   0.185597E+07   0.185493E+07   0.686001E+01
   0.560910E-01   0.182010E+07   0.179524E+07   0.119169E+03   0.114434E+03   0.125696E+07   0.179090E+07   0.181609E+07   0.179090E+07  -0.131388E+00   0.172863E+07   0.172777E+07   0.521421E+01
   0.604057E-01   0.170751E+07   0.168771E+07   0.962752E+02   0.924463E+02   0.114522E+07   0.167913E+07   0.170431E+07   0.167913E+07  -0.123188E+00   0.162125E+07   0.162055E+07   0.398786E+01
   0.647204E-01   0.160801E+07   0.159207E+07   0.788792E+02   0.757390E+02   0.104777E+07   0.158032E+07   0.160544E+07   0.158032E+07  -0.115939E+00   0.152633E+07   0.152573E+07   0.314553E+01
   0.690351E-01   0.151461E+07   0.150108E+07   0.652129E+02   0.626142E+02   0.959043E+06   0.148750E+07   0.151242E+07   0.148750E+07  -0.109129E+00   0.143712E+07   0.143659E+07   0.262402E+01
   0.733498E-01   0.142293E+07   0.141043E+07   0.541921E+02   0.520305E+02   0.875718E+06   0.139636E+07   0.142091E+07   0.139636E+07  -0.102443E+00   0.134948E+07   0.134897E+07   0.234507E+01
   0.776645E-01   0.133158E+07   0.131896E+07   0.451654E+02   0.433623E+02   0.796707E+06   0.130554E+07   0.132954E+07   0.130554E+07  -0.957802E-01   0.126209E+07   0.126159E+07   0.222656E+01
   0.819792E-01   0.124168E+07   0.122820E+07   0.377388E+02   0.362309E+02   0.722459E+06   0.121621E+07   0.123950E+07   0.121621E+07  -0.892263E-01   0.117608E+07   0.117555E+07   0.219252E+01
   0.862939E-01   0.115564E+07   0.114100E+07   0.316477E+02   0.303820E+02   0.654072E+06   0.113079E+07   0.115327E+07   0.113079E+07  -0.829595E-01   0.109379E+07   0.109324E+07   0.218051E+01
   0.906086E-01   0.107584E+07   0.106016E+07   0.266805E+02   0.256126E+02   0.592514E+06   0.105166E+07   0.107331E+07   0.105166E+07  -0.771538E-01   0.101753E+07   0.101696E+07   0.214604E+01
   0.959689E-01   0.988122E+06   0.971771E+06   0.218035E+02   0.209300E+02   0.526366E+06   0.964801E+06   0.985480E+06   0.964801E+06  -0.707819E-01   0.933807E+06   0.933236E+06   0.203616E+01
   0.101329E+00   0.915154E+06   0.899109E+06   0.180841E+02   0.173589E+02   0.471840E+06   0.892711E+06   0.912560E+06   0.892711E+06  -0.654930E-01   0.864307E+06   0.863760E+06   0.184519E+01
   0.106690E+00   0.857418E+06   0.842630E+06   0.152630E+02   0.146503E+02   0.428190E+06   0.835803E+06   0.855028E+06   0.835803E+06  -0.613180E-01   0.809453E+06   0.808954E+06   0.159547E+01
   0.112050E+00   0.812743E+06   0.799870E+06   0.131023E+02   0.125758E+02   0.393411E+06   0.791870E+06   0.810663E+06   0.791870E+06  -0.580949E-01   0.767122E+06   0.766687E+06   0.132524E+01
   0.117410E+00   0.776831E+06   0.766092E+06   0.113953E+02   0.109371E+02   0.364691E+06   0.756611E+06   0.775096E+06   0.756611E+06  -0.555082E-01   0.733164E+06   0.732795E+06   0.107386E+01
   0.122770E+00   0.745018E+06   0.736196E+06   0.998633E+01   0.958437E+01   0.339379E+06   0.725387E+06   0.743593E+06   0.725387E+06  -0.532174E-01   0.703091E+06   0.702778E+06   0.871151E+00
   0.128131E+00   0.713729E+06   0.706282E+06   0.877497E+01   0.842147E+01   0.315599E+06   0.694648E+06   0.712526E+06   0.694648E+06  -0.509623E-01   0.673468E+06   0.673194E+06   0.731664E+00
   0.133491E+00   0.680976E+06   0.674226E+06   0.770535E+01   0.739469E+01   0.292384E+06   0.662432E+06   0.679885E+06   0.662432E+06  -0.485988E-01   0.642395E+06   0.642139E+06   0.654067E+00
   0.138851E+00   0.646320E+06   0.639637E+06   0.675159E+01   0.647918E+01   0.269538E+06   0.628318E+06   0.645240E+06   0.628318E+06  -0.460960E-01   0.609462E+06   0.609208E+06   0.624567E+00
   0.144212E+00   0.610550E+06   0.603502E+06   0.590518E+01   0.566675E+01   0.247386E+06   0.593106E+06   0.609411E+06   0.593106E+06  -0.435127E-01   0.575445E+06   0.575182E+06   0.622762E+00
   0.149572E+00   0.575197E+06   0.567618E+06   0.516498E+01   0.495629E+01   0.226521E+06   0.558323E+06   0.573972E+06   0.558323E+06  -0.409609E-01   0.541824E+06   0.541549E+06   0.627883E+00
   0.154932E+00   0.542067E+06   0.534051E+06   0.453085E+01   0.434766E+01   0.207569E+06   0.525764E+06   0.540772E+06   0.525764E+06  -0.385723E-01   0.510343E+06   0.510060E+06   0.623787E+00
   0.160293E+00   0.512807E+06   0.504635E+06   0.399988E+01   0.383805E+01   0.191022E+06   0.497053E+06   0.511487E+06   0.497053E+06  -0.364659E-01   0.482577E+06   0.482295E+06   0.601710E+00
   0.165653E+00   0.488347E+06   0.480378E+06   0.356314E+01   0.341889E+01   0.177054E+06   0.473097E+06   0.487059E+06   0.473097E+06  -0.347083E-01   0.459412E+06   0.459140E+06   0.560553E+00
   0.171013E+00   0.468514E+06   0.461073E+06   0.320497E+01   0.307514E+01   0.165411E+06   0.453714E+06   0.467311E+06   0.453714E+06  -0.332863E-01   0.440675E+06   0.440422E+06   0.505244E+00
   0.176373E+00   0.452243E+06   0.445539E+06   0.290659E+01   0.278878E+01   0.155555E+06   0.437846E+06   0.451159E+06   0.437846E+06  -0.321222E-01   0.425340E+06   0.425111E+06   0.444088E+00
   0.181734E+00   0.438174E+06   0.432262E+06   0.265097E+01   0.254346E+01   0.146895E+06   0.424142E+06   0.437218E+06   0.424142E+06  -0.311168E-01   0.412101E+06   0.411896E+06   0.385934E+00
   0.187094E+00   0.425040E+06   0.419824E+06   0.242491E+01   0.232650E+01   0.138924E+06   0.411348E+06   0.424197E+06   0.411348E+06  -0.301782E-01   0.399738E+06   0.399553E+06   0.337766E+00
   0.192454E+00   0.411761E+06   0.407043E+06   0.221877E+01   0.212868E+01   0.131251E+06   0.398399E+06   0.410999E+06   0.398399E+06  -0.292282E-01   0.387219E+06   0.387048E+06   0.303238E+00
   0.197815E+00   0.397621E+06   0.393162E+06   0.202665E+01   0.194432E+01   0.123634E+06   0.384593E+06   0.396900E+06   0.384593E+06  -0.282153E-01   0.373862E+06   0.373698E+06   0.282397E+00
   0.203175E+00   0.382515E+06   0.378097E+06   0.184674E+01   0.177168E+01   0.116044E+06   0.369831E+06   0.381801E+06   0.369831E+06  -0.271324E-01   0.359571E+06   0.359409E+06   0.272407E+00
   0.208535E+00   0.366921E+06   0.362400E+06   0.168020E+01   0.161188E+01   0.108634E+06   0.354590E+06   0.366190E+06   0.354590E+06  -0.260142E-01   0.344807E+06   0.344643E+06   0.268808E+00
   0.213896E+00   0.351558E+06   0.346881E+06   0.152892E+01   0.146672E+01   0.101607E+06   0.339578E+06   0.350802E+06   0.339578E+06  -0.249129E-01   0.330260E+06   0.330093E+06   0.266872E+00
   0.219256E+00   0.337077E+06   0.332282E+06   0.139404E+01   0.133730E+01   0.951313E+05   0.325440E+06   0.336302E+06   0.325440E+06  -0.238756E-01   0.316557E+06   0.316388E+06   0.262759E+00
   0.224616E+00   0.323968E+06   0.319154E+06   0.127573E+01   0.122378E+01   0.893123E+05   0.312656E+06   0.323190E+06   0.312656E+06  -0.229377E-01   0.304166E+06   0.303998E+06   0.254260E+00
   0.229977E+00   0.312511E+06   0.307806E+06   0.117319E+01   0.112540E+01   0.841865E+05   0.301501E+06   0.311751E+06   0.301501E+06  -0.221194E-01   0.293354E+06   0.293192E+06   0.240988E+00
   0.235337E+00   0.302697E+06   0.298213E+06   0.108460E+01   0.104040E+01   0.797086E+05   0.291962E+06   0.301972E+06   0.291962E+06  -0.214195E-01   0.284109E+06   0.283955E+06   0.224068E+00
   0.240697E+00   0.294217E+06   0.290029E+06   0.100733E+01   0.966260E+00   0.757575E+05   0.283732E+06   0.293541E+06   0.283732E+06  -0.208157E-01   0.276135E+06   0.275990E+06   0.205518E+00
   0.246057E+00   0.286596E+06   0.282724E+06   0.938565E+00   0.900284E+00   0.721793E+05   0.276341E+06   0.285970E+06   0.276341E+06  -0.202735E-01   0.268974E+06   0.268839E+06   0.187556E+00
   0.251418E+00   0.279344E+06   0.275757E+06   0.875875E+00   0.840137E+00   0.688301E+05   0.269309E+06   0.278765E+06   0.269309E+06  -0.197577E-01   0.262161E+06   0.262034E+06   0.172006E+00
   0.256778E+00   0.272070E+06   0.268700E+06   0.817477E+00   0.784110E+00   0.656005E+05   0.262251E+06   0.271526E+06   0.262251E+06  -0.192398E-01   0.255319E+06   0.255199E+06   0.159915E+00
   0.262138E+00   0.264543E+06   0.261305E+06   0.762334E+00   0.731206E+00   0.624305E+05   0.254940E+06   0.264020E+06   0.254940E+06  -0.187035E-01   0.248229E+06   0.248113E+06   0.151436E+00
   0.267499E+00   0.256734E+06   0.253552E+06   0.710125E+00   0.681119E+00   0.593119E+05   0.247351E+06   0.256220E+06   0.247351E+06  -0.181467E-01   0.240867E+06   0.240753E+06   0.145957E+00
   0.272859E+00   0.248790E+06   0.245609E+06   0.661033E+00   0.634023E+00   0.562774E+05   0.239629E+06   0.248276E+06   0.239629E+06  -0.175802E-01   0.233372E+06   0.233259E+06   0.142385E+00
   0.278219E+00   0.240944E+06   0.237742E+06   0.615429E+00   0.590275E+00   0.533769E+05   0.232002E+06   0.240427E+06   0.232002E+06  -0.170206E-01   0.225969E+06   0.225855E+06   0.139500E+00
   0.283580E+00   0.233432E+06   0.230218E+06   0.573620E+00   0.550167E+00   0.506562E+05   0.224704E+06   0.232913E+06   0.224704E+06  -0.164852E-01   0.218883E+06   0.218770E+06   0.136261E+00
   0.288940E+00   0.226446E+06   0.223251E+06   0.535742E+00   0.513831E+00   0.481479E+05   0.217922E+06   0.225929E+06   0.217922E+06  -0.159877E-01   0.212298E+06   0.212186E+06   0.132020E+00
   0.294300E+00   0.220095E+06   0.216961E+06   0.501706E+00   0.481181E+00   0.458641E+05   0.211764E+06   0.219588E+06   0.211764E+06  -0.155359E-01   0.206318E+06   0.206209E+06   0.126588E+00
   0.299661E+00   0.214382E+06   0.211349E+06   0.471179E+00   0.451897E+00   0.437932E+05   0.206230E+06   0.213892E+06   0.206230E+06  -0.151299E-01   0.200946E+06   0.200840E+06   0.120189E+00
   0.305021E+00   0.209206E+06   0.206302E+06   0.443636E+00   0.425476E+00   0.419038E+05   0.201223E+06   0.208737E+06   0.201223E+06  -0.147626E-01   0.196084E+06   0.195983E+06   0.113314E+00
   0.310381E+00   0.204410E+06   0.201644E+06   0.418493E+00   0.401357E+00   0.401545E+05   0.196585E+06   0.203963E+06   0.196585E+06  -0.144223E-01   0.191581E+06   0.191484E+06   0.106548E+00
   0.315741E+00   0.199827E+06   0.197189E+06   0.395216E+00   0.379029E+00   0.385055E+05   0.192154E+06   0.199400E+06   0.192154E+06  -0.140972E-01   0.187278E+06   0.187185E+06   0.100406E+00
   0.321102E+00   0.195315E+06   0.192784E+06   0.373387E+00   0.358090E+00   0.369251E+05   0.187790E+06   0.194906E+06   0.187790E+06  -0.137771E-01   0.183040E+06   0.182951E+06   0.952144E-01
   0.326462E+00   0.190783E+06   0.188330E+06   0.352730E+00   0.338275E+00   0.353928E+05   0.183405E+06   0.190386E+06   0.183405E+06  -0.134554E-01   0.178781E+06   0.178694E+06   0.910652E-01
   0.331822E+00   0.186202E+06   0.183800E+06   0.333115E+00   0.319461E+00   0.339017E+05   0.178972E+06   0.185814E+06   0.178972E+06  -0.131301E-01   0.174473E+06   0.174387E+06   0.878366E-01
   0.337183E+00   0.181609E+06   0.179236E+06   0.314539E+00   0.301644E+00   0.324568E+05   0.174525E+06   0.181226E+06   0.174525E+06  -0.128039E-01   0.170151E+06   0.170067E+06   0.852605E-01
   0.342543E+00   0.177079E+06   0.174724E+06   0.297064E+00   0.284882E+00   0.310699E+05   0.170140E+06   0.176699E+06   0.170140E+06  -0.124821E-01   0.165888E+06   0.165804E+06   0.830097E-01
   0.347903E+00   0.172696E+06   0.170360E+06   0.280756E+00   0.269240E+00   0.297535E+05   0.165898E+06   0.172319E+06   0.165898E+06  -0.121709E-01   0.161764E+06   0.161681E+06   0.807842E-01
   0.353264E+00   0.168529E+06   0.166219E+06   0.265642E+00   0.254744E+00   0.285161E+05   0.161866E+06   0.168156E+06   0.161866E+06  -0.118752E-01   0.157844E+06   0.157763E+06   0.783751E-01
   0.358624E+00   0.164617E+06   0.162347E+06   0.251701E+00   0.241372E+00   0.273610E+05   0.158085E+06   0.164251E+06   0.158085E+06  -0.115978E-01   0.154168E+06   0.154088E+06   0.756955E-01
   0.363984E+00   0.160968E+06   0.158751E+06   0.238859E+00   0.229055E+00   0.262856E+05   0.154560E+06   0.160610E+06   0.154560E+06  -0.113392E-01   0.150740E+06   0.150663E+06   0.727753E-01
   0.369344E+00   0.157557E+06   0.155402E+06   0.227000E+00   0.217681E+00   0.252819E+05   0.151266E+06   0.157208E+06   0.151266E+06  -0.110975E-01   0.147537E+06   0.147462E+06   0.697289E-01
   0.374705E+00   0.154332E+06   0.152245E+06   0.215985E+00   0.207116E+00   0.243388E+05   0.148155E+06   0.153994E+06   0.148155E+06  -0.108692E-01   0.144511E+06   0.144438E+06   0.667092E-01
   0.380065E+00   0.151235E+06   0.149214E+06   0.205676E+00   0.197228E+00   0.234443E+05   0.145168E+06   0.150909E+06   0.145168E+06  -0.106501E-01   0.141607E+06   0.141536E+06   0.638631E-01
   0.385425E+00   0.148217E+06   0.146254E+06   0.195957E+00   0.187907E+00   0.225884E+05   0.142256E+06   0.147900E+06   0.142256E+06  -0.104365E-01   0.138774E+06   0.138705E+06   0.612960E-01
   0.390786E+00   0.145241E+06   0.143326E+06   0.186746E+00   0.179073E+00   0.217642E+05   0.139384E+06   0.144931E+06   0.139384E+06  -0.102258E-01   0.135981E+06   0.135913E+06   0.590527E-01
   0.396146E+00   0.142290E+06   0.140414E+06   0.177990E+00   0.170676E+00   0.209679E+05   0.136536E+06   0.141986E+06   0.136536E+06  -0.100168E-01   0.133210E+06   0.133144E+06   0.571159E-01
   0.401506E+00   0.139365E+06   0.137520E+06   0.169666E+00   0.162692E+00   0.201986E+05   0.133713E+06   0.139067E+06   0.133713E+06  -0.980973E-02   0.130463E+06   0.130398E+06   0.554212E-01
   0.406867E+00   0.136486E+06   0.134666E+06   0.161771E+00   0.155121E+00   0.194582E+05   0.130934E+06   0.136192E+06   0.130934E+06  -0.960587E-02   0.127759E+06   0.127695E+06   0.538807E-01
   0.412227E+00   0.133682E+06   0.131886E+06   0.154317E+00   0.147972E+00   0.187497E+05   0.128228E+06   0.133392E+06   0.128228E+06  -0.940737E-02   0.125126E+06   0.125063E+06   0.524070E-01
   0.417587E+00   0.130979E+06   0.129208E+06   0.147305E+00   0.141247E+00   0.180756E+05   0.125621E+06   0.130693E+06   0.125621E+06  -0.921605E-02   0.122588E+06   0.122526E+06   0.509320E-01
   0.422948E+00   0.128390E+06   0.126647E+06   0.140724E+00   0.134937E+00   0.174362E+05   0.123124E+06   0.128108E+06   0.123124E+06  -0.903286E-02   0.120157E+06   0.120096E+06   0.494179E-01
   0.428308E+00   0.125917E+06   0.124207E+06   0.134552E+00   0.129018E+00   0.168306E+05   0.120740E+06   0.125641E+06   0.120740E+06  -0.885798E-02   0.117837E+06   0.117777E+06   0.478597E-01
   0.433668E+00   0.123556E+06   0.121882E+06   0.128760E+00   0.123463E+00   0.162567E+05   0.118465E+06   0.123286E+06   0.118465E+06  -0.869109E-02   0.115623E+06   0.115564E+06   0.462802E-01
   0.439028E+00   0.121296E+06   0.119659E+06   0.123313E+00   0.118239E+00   0.157117E+05   0.116288E+06   0.121031E+06   0.116288E+06  -0.853135E-02   0.113503E+06   0.113445E+06   0.447180E-01
   0.444389E+00   0.119116E+06   0.117517E+06   0.118172E+00   0.113308E+00   0.151921E+05   0.114189E+06   0.118858E+06   0.114189E+06  -0.837735E-02   0.111459E+06   0.111403E+06   0.432143E-01
   0.449749E+00   0.116996E+06   0.115432E+06   0.113297E+00   0.108634E+00   0.146939E+05   0.112147E+06   0.116743E+06   0.112147E+06  -0.822756E-02   0.109471E+06   0.109416E+06   0.418016E-01
   0.455109E+00   0.114920E+06   0.113387E+06   0.108661E+00   0.104188E+00   0.142146E+05   0.110147E+06   0.114672E+06   0.110147E+06  -0.808087E-02   0.107524E+06   0.107470E+06   0.404978E-01
   0.460470E+00   0.112880E+06   0.111376E+06   0.104243E+00   0.999512E-01   0.137526E+05   0.108184E+06   0.112637E+06   0.108184E+06  -0.793679E-02   0.105612E+06   0.105559E+06   0.393043E-01
   0.465830E+00   0.110877E+06   0.109398E+06   0.100032E+00   0.959128E-01   0.133071E+05   0.106254E+06   0.110638E+06   0.106254E+06  -0.779525E-02   0.103733E+06   0.103681E+06   0.382078E-01
   0.471190E+00   0.108912E+06   0.107455E+06   0.960184E-01   0.920641E-01   0.128778E+05   0.104362E+06   0.108676E+06   0.104362E+06  -0.765640E-02   0.101890E+06   0.101838E+06   0.371852E-01
   0.476551E+00   0.106990E+06   0.105555E+06   0.921974E-01   0.883999E-01   0.124648E+05   0.102511E+06   0.106758E+06   0.102511E+06  -0.752062E-02   0.100087E+06   0.100036E+06   0.362107E-01
   0.481911E+00   0.105119E+06   0.103705E+06   0.885659E-01   0.849175E-01   0.120684E+05   0.100710E+06   0.104890E+06   0.100710E+06  -0.738848E-02   0.983323E+05   0.982825E+05   0.352618E-01
   0.487271E+00   0.103307E+06   0.101914E+06   0.851203E-01   0.816134E-01   0.116888E+05   0.989655E+05   0.103082E+06   0.989655E+05  -0.726052E-02   0.966330E+05   0.965841E+05   0.343241E-01
   0.492631E+00   0.101556E+06   0.100186E+06   0.818534E-01   0.784807E-01   0.113259E+05   0.972809E+05   0.101335E+06   0.972809E+05  -0.713693E-02   0.949918E+05   0.949437E+05   0.333916E-01
   0.497992E+00   0.998651E+05   0.985183E+05   0.787546E-01   0.755091E-01   0.109788E+05   0.956538E+05   0.996474E+05   0.956538E+05  -0.701756E-02   0.934066E+05   0.933593E+05   0.324666E-01
   0.503352E+00   0.982278E+05   0.969050E+05   0.758109E-01   0.726864E-01   0.106462E+05   0.940790E+05   0.980141E+05   0.940790E+05  -0.690203E-02   0.918722E+05   0.918257E+05   0.315569E-01
   0.508712E+00   0.966387E+05   0.953396E+05   0.730102E-01   0.700007E-01   0.103271E+05   0.925508E+05   0.964288E+05   0.925508E+05  -0.678991E-02   0.903831E+05   0.903374E+05   0.306731E-01
   0.514073E+00   0.950923E+05   0.938164E+05   0.703413E-01   0.674416E-01   0.100204E+05   0.910638E+05   0.948861E+05   0.910638E+05  -0.668082E-02   0.889341E+05   0.888892E+05   0.298251E-01
   0.519433E+00   0.935832E+05   0.923294E+05   0.677941E-01   0.649990E-01   0.972512E+04   0.896128E+05   0.933806E+05   0.896128E+05  -0.657436E-02   0.875201E+05   0.874759E+05   0.290196E-01
   0.524793E+00   0.921060E+05   0.908728E+05   0.653587E-01   0.626637E-01   0.944029E+04   0.881925E+05   0.919067E+05   0.881925E+05  -0.647017E-02   0.861359E+05   0.860925E+05   0.282582E-01
   0.530154E+00   0.906572E+05   0.894434E+05   0.630275E-01   0.604284E-01   0.916522E+04   0.867995E+05   0.904611E+05   0.867995E+05  -0.636797E-02   0.847783E+05   0.847355E+05   0.275386E-01
   0.535514E+00   0.892371E+05   0.880413E+05   0.607960E-01   0.582886E-01   0.889959E+04   0.854342E+05   0.890438E+05   0.854342E+05  -0.626780E-02   0.834475E+05   0.834054E+05   0.268551E-01
   0.540874E+00   0.878481E+05   0.866696E+05   0.586613E-01   0.562417E-01   0.864339E+04   0.840989E+05   0.876576E+05   0.840989E+05  -0.616984E-02   0.821458E+05   0.821044E+05   0.262007E-01
   0.546235E+00   0.864922E+05   0.853305E+05   0.566203E-01   0.542847E-01   0.839648E+04   0.827955E+05   0.863045E+05   0.827955E+05  -0.607422E-02   0.808753E+05   0.808345E+05   0.255682E-01
   0.551595E+00   0.851699E+05   0.840248E+05   0.546691E-01   0.524138E-01   0.815859E+04   0.815246E+05   0.849848E+05   0.815246E+05  -0.598098E-02   0.796364E+05   0.795961E+05   0.249520E-01
   0.556955E+00   0.838812E+05   0.827528E+05   0.528038E-01   0.506252E-01   0.792947E+04   0.802862E+05   0.836988E+05   0.802862E+05  -0.589013E-02   0.784290E+05   0.783894E+05   0.243485E-01
   0.562315E+00   0.826268E+05   0.815151E+05   0.510209E-01   0.489157E-01   0.770887E+04   0.790809E+05   0.824471E+05   0.790809E+05  -0.580170E-02   0.772540E+05   0.772149E+05   0.237570E-01
   0.567676E+00   0.814063E+05   0.803115E+05   0.493165E-01   0.472814E-01   0.749649E+04   0.779085E+05   0.812294E+05   0.779085E+05  -0.571569E-02   0.761108E+05   0.760723E+05   0.231786E-01
   0.573036E+00   0.802174E+05   0.791393E+05   0.476858E-01   0.457178E-01   0.729186E+04   0.767665E+05   0.800432E+05   0.767665E+05  -0.563191E-02   0.749974E+05   0.749594E+05   0.226155E-01
   0.578396E+00   0.790566E+05   0.779948E+05   0.461234E-01   0.442197E-01   0.709439E+04   0.756516E+05   0.788850E+05   0.756516E+05  -0.555011E-02   0.739102E+05   0.738729E+05   0.220701E-01
   0.629654E+00   0.691302E+05   0.682011E+05   0.339983E-01   0.325940E-01   0.550795E+04   0.661213E+05   0.689800E+05   0.661213E+05  -0.485093E-02   0.646151E+05   0.645824E+05   0.177468E-01
   0.769061E+00   0.502270E+05   0.495523E+05   0.165245E-01   0.158408E-01   0.299351E+04   0.479955E+05   0.501179E+05   0.479955E+05  -0.352115E-02   0.469254E+05   0.469016E+05   0.105716E-01
   0.939334E+00   0.363186E+05   0.358306E+05   0.799665E-02   0.766541E-02   0.159768E+04   0.346794E+05   0.362397E+05   0.346794E+05  -0.254423E-02   0.339194E+05   0.339022E+05   0.627691E-02
   0.114731E+01   0.261508E+05   0.257995E+05   0.385492E-02   0.369508E-02   0.838656E+03   0.249566E+05   0.260941E+05   0.249566E+05  -0.183092E-02   0.244170E+05   0.244045E+05   0.371720E-02
   0.140132E+01   0.187569E+05   0.185048E+05   0.185169E-02   0.177486E-02   0.433466E+03   0.178927E+05   0.187162E+05   0.178927E+05  -0.131268E-02   0.175099E+05   0.175008E+05   0.219789E-02
   0.171158E+01   0.134052E+05   0.132250E+05   0.886471E-03   0.849669E-03   0.220809E+03   0.127836E+05   0.133761E+05   0.127836E+05  -0.937858E-03   0.125122E+05   0.125057E+05   0.129928E-02
   0.209053E+01   0.954935E+04   0.942094E+04   0.423082E-03   0.405511E-03   0.110971E+03   0.910443E+04   0.952860E+04   0.910443E+04  -0.667939E-03   0.891228E+04   0.890757E+04   0.769356E-03
   0.255338E+01   0.678181E+04   0.669058E+04   0.201334E-03   0.192970E-03   0.550742E+02   0.646476E+04   0.676707E+04   0.646476E+04  -0.474282E-03   0.632890E+04   0.632549E+04   0.457422E-03
   0.311870E+01   0.480278E+04   0.473812E+04   0.955501E-04   0.915798E-04   0.270239E+02   0.457771E+04   0.479233E+04   0.457771E+04  -0.335840E-03   0.448181E+04   0.447930E+04   0.273959E-03
   0.380919E+01   0.339276E+04   0.334702E+04   0.452365E-04   0.433566E-04   0.131285E+02   0.323348E+04   0.338537E+04   0.323348E+04  -0.237222E-03   0.316589E+04   0.316404E+04   0.166001E-03
   0.465255E+01   0.239113E+04   0.235884E+04   0.213679E-04   0.204798E-04   0.632340E+01   0.227874E+04   0.238591E+04   0.227874E+04  -0.167178E-03   0.223118E+04   0.222979E+04   0.102293E-03
   0.568264E+01   0.168145E+04   0.165869E+04   0.100712E-04   0.965258E-05   0.302349E+01   0.160234E+04   0.167777E+04   0.160234E+04  -0.117555E-03   0.156895E+04   0.156787E+04   0.644859E-04
   0.694079E+01   0.118004E+04   0.116400E+04   0.473736E-05   0.454047E-05   0.143706E+01   0.112448E+04   0.117745E+04   0.112448E+04  -0.824968E-04   0.110107E+04   0.110022E+04   0.418475E-04
   0.847750E+01   0.826591E+03   0.815284E+03   0.222422E-05   0.213179E-05   0.679704E+00   0.787647E+03   0.824764E+03   0.787647E+03  -0.577851E-04   0.771260E+03   0.770562E+03   0.281024E-04
   0.103544E+02   0.577996E+03   0.570017E+03   0.104246E-05   0.999144E-06   0.320220E+00   0.550746E+03   0.576707E+03   0.550746E+03  -0.404050E-04   0.539297E+03   0.538704E+03   0.195926E-04
   0.126469E+02   0.403505E+03   0.397860E+03   0.487780E-06   0.467516E-06   0.150375E+00   0.384467E+03   0.402593E+03   0.384467E+03  -0.282061E-04   0.376483E+03   0.375957E+03   0.141859E-04
   0.154470E+02   0.281261E+03   0.277247E+03   0.227882E-06   0.218418E-06   0.704288E-01   0.267977E+03   0.280612E+03   0.267977E+03  -0.196599E-04   0.262419E+03   0.261938E+03   0.106384E-04
   0.188670E+02   0.195771E+03   0.192895E+03   0.106304E-06   0.101892E-06   0.329123E-01   0.186511E+03   0.195306E+03   0.186511E+03  -0.136832E-04   0.182650E+03   0.182195E+03   0.822324E-05
   0.230442E+02   0.136081E+03   0.133998E+03   0.495185E-07   0.474646E-07   0.153508E-01   0.129631E+03   0.135744E+03   0.129631E+03  -0.951028E-05   0.126954E+03   0.126515E+03   0.651297E-05
   0.281463E+02   0.944688E+02   0.929349E+02   0.230341E-07   0.220798E-07   0.714779E-02   0.899775E+02   0.942209E+02   0.899775E+02  -0.660112E-05   0.881266E+02   0.876938E+02   0.525438E-05
   0.343780E+02   0.654994E+02   0.643454E+02   0.106992E-07   0.102567E-07   0.332299E-02   0.623714E+02   0.653129E+02   0.623714E+02  -0.457582E-05   0.610956E+02   0.606634E+02   0.429538E-05
   0.419893E+02   0.453588E+02   0.444663E+02   0.496230E-08   0.475759E-08   0.154257E-02   0.431782E+02   0.452145E+02   0.431782E+02  -0.316773E-05   0.423025E+02   0.418671E+02   0.354295E-05
   0.512859E+02   0.313734E+02   0.306600E+02   0.229778E-08   0.220335E-08   0.715018E-03   0.298503E+02   0.312581E+02   0.298503E+02  -0.218994E-05   0.292526E+02   0.288115E+02   0.293862E-05
   0.626408E+02   0.216734E+02   0.210820E+02   0.106201E-08   0.101861E-08   0.330920E-03   0.206060E+02   0.215778E+02   0.206060E+02  -0.151174E-05   0.202013E+02   0.197531E+02   0.244440E-05
   0.765096E+02   0.149529E+02   0.144440E+02   0.489758E-09   0.469914E-09   0.152894E-03   0.142008E+02   0.148706E+02   0.142008E+02  -0.104183E-05   0.139300E+02   0.134744E+02   0.203461E-05
   0.934490E+02   0.103013E+02   0.984804E+01   0.225224E-09   0.216214E-09   0.705019E-04   0.976742E+01   0.102281E+02   0.976742E+01  -0.716579E-06   0.958938E+01   0.912685E+01   0.169115E-05
   0.114139E+03   0.708495E+01   0.666921E+01   0.103193E-09   0.991435E-10   0.324289E-04   0.670169E+01   0.701776E+01   0.670169E+01  -0.491664E-06   0.658785E+01   0.611996E+01   0.140065E-05
