#          k/h    CDM            baryon         photon         nu             mass_nu        total          no_nu          total_de       Weyl           v_CDM          v_b            v_b-v_c     
   0.105163E-04   0.264538E+07   0.264538E+07   0.352696E+07   0.352696E+07   0.264561E+07   0.264540E+07   0.264538E+07   0.265383E+07  -0.600268E+00   0.263957E+07   0.263957E+07   0.596497E+01
   0.116112E-04   0.264538E+07   0.264538E+07   0.352691E+07   0.352691E+07   0.264561E+07   0.264539E+07   0.264538E+07   0.265382E+07  -0.600268E+00   0.263957E+07   0.263957E+07   0.658594E+01
   0.128200E-04   0.264538E+07   0.264538E+07   0.352685E+07   0.352685E+07   0.264561E+07   0.264539E+07   0.264538E+07   0.265382E+07  -0.600268E+00   0.263957E+07   0.263957E+07   0.727154E+01
   0.141547E-04   0.264538E+07   0.264538E+07   0.352678E+07   0.352678E+07   0.264561E+07   0.264539E+07   0.264538E+07   0.265382E+07  -0.600268E+00   0.263957E+07   0.263957E+07   0.802849E+01
   0.156284E-04   0.264538E+07   0.264538E+07   0.352670E+07   0.352669E+07   0.264561E+07   0.264539E+07   0.264538E+07   0.265382E+07  -0.600268E+00   0.263956E+07   0.263956E+07   0.886421E+01
   0.172555E-04   0.264538E+07   0.264538E+07   0.352659E+07   0.352658E+07   0.264561E+07   0.264539E+07   0.264538E+07   0.265382E+07  -0.600268E+00   0.263956E+07   0.263956E+07   0.978689E+01
   0.190520E-04   0.264538E+07   0.264538E+07   0.352646E+07   0.352645E+07   0.264560E+07   0.264539E+07   0.264538E+07   0.265382E+07  -0.600267E+00   0.263956E+07   0.263956E+07   0.108056E+02
   0.210355E-04   0.264538E+07   0.264538E+07   0.352630E+07   0.352628E+07   0.264560E+07   0.264539E+07   0.264538E+07   0.265382E+07  -0.600267E+00   0.263956E+07   0.263956E+07   0.119302E+02
   0.232256E-04   0.264538E+07   0.264538E+07   0.352611E+07   0.352609E+07   0.264560E+07   0.264539E+07   0.264538E+07   0.265382E+07  -0.600266E+00   0.263956E+07   0.263956E+07   0.131719E+02
   0.256436E-04   0.264538E+07   0.264538E+07   0.352587E+07   0.352585E+07   0.264560E+07   0.264539E+07   0.264538E+07   0.265381E+07  -0.600266E+00   0.263956E+07   0.263956E+07   0.145426E+02
   0.283134E-04   0.264537E+07   0.264537E+07   0.352558E+07   0.352556E+07   0.264560E+07   0.264538E+07   0.264537E+07   0.265381E+07  -0.600265E+00   0.263956E+07   0.263955E+07   0.160559E+02
   0.312612E-04   0.264537E+07   0.264537E+07   0.352524E+07   0.352520E+07   0.264559E+07   0.264538E+07   0.264537E+07   0.265381E+07  -0.600264E+00   0.263955E+07   0.263955E+07   0.177264E+02
   0.345158E-04   0.264537E+07   0.264537E+07   0.352481E+07   0.352477E+07   0.264559E+07   0.264538E+07   0.264537E+07   0.265380E+07  -0.600263E+00   0.263955E+07   0.263955E+07   0.195705E+02
   0.381093E-04   0.264536E+07   0.264536E+07   0.352429E+07   0.352424E+07   0.264558E+07   0.264537E+07   0.264536E+07   0.265380E+07  -0.600261E+00   0.263954E+07   0.263954E+07   0.216060E+02
   0.420769E-04   0.264536E+07   0.264536E+07   0.352366E+07   0.352359E+07   0.264558E+07   0.264537E+07   0.264536E+07   0.265379E+07  -0.600260E+00   0.263954E+07   0.263954E+07   0.238528E+02
   0.464576E-04   0.264535E+07   0.264535E+07   0.352288E+07   0.352281E+07   0.264557E+07   0.264536E+07   0.264535E+07   0.265378E+07  -0.600258E+00   0.263953E+07   0.263953E+07   0.263327E+02
   0.512944E-04   0.264534E+07   0.264534E+07   0.352194E+07   0.352185E+07   0.264556E+07   0.264535E+07   0.264534E+07   0.265377E+07  -0.600255E+00   0.263952E+07   0.263952E+07   0.290694E+02
   0.566347E-04   0.264533E+07   0.264533E+07   0.352080E+07   0.352068E+07   0.264555E+07   0.264534E+07   0.264533E+07   0.265376E+07  -0.600252E+00   0.263951E+07   0.263951E+07   0.320895E+02
   0.625311E-04   0.264532E+07   0.264532E+07   0.351940E+07   0.351926E+07   0.264553E+07   0.264533E+07   0.264532E+07   0.265374E+07  -0.600248E+00   0.263950E+07   0.263950E+07   0.354218E+02
   0.690413E-04   0.264530E+07   0.264530E+07   0.351769E+07   0.351752E+07   0.264551E+07   0.264531E+07   0.264530E+07   0.265372E+07  -0.600243E+00   0.263949E+07   0.263948E+07   0.390980E+02
   0.762293E-04   0.264528E+07   0.264528E+07   0.351562E+07   0.351541E+07   0.264549E+07   0.264529E+07   0.264528E+07   0.265370E+07  -0.600238E+00   0.263947E+07   0.263946E+07   0.431530E+02
   0.841656E-04   0.264526E+07   0.264526E+07   0.351309E+07   0.351284E+07   0.264547E+07   0.264527E+07   0.264526E+07   0.265367E+07  -0.600231E+00   0.263945E+07   0.263944E+07   0.476247E+02
   0.929282E-04   0.264524E+07   0.264523E+07   0.351001E+07   0.350970E+07   0.264543E+07   0.264524E+07   0.264523E+07   0.265363E+07  -0.600223E+00   0.263942E+07   0.263941E+07   0.525548E+02
   0.102603E-03   0.264520E+07   0.264520E+07   0.350626E+07   0.350588E+07   0.264539E+07   0.264521E+07   0.264520E+07   0.265359E+07  -0.600212E+00   0.263939E+07   0.263938E+07   0.579884E+02
   0.113285E-03   0.264516E+07   0.264516E+07   0.350169E+07   0.350123E+07   0.264535E+07   0.264517E+07   0.264516E+07   0.265354E+07  -0.600200E+00   0.263935E+07   0.263933E+07   0.639746E+02
   0.125080E-03   0.264511E+07   0.264511E+07   0.349613E+07   0.349557E+07   0.264529E+07   0.264512E+07   0.264511E+07   0.265348E+07  -0.600185E+00   0.263930E+07   0.263928E+07   0.705664E+02
   0.138102E-03   0.264505E+07   0.264505E+07   0.348936E+07   0.348868E+07   0.264522E+07   0.264506E+07   0.264505E+07   0.265340E+07  -0.600167E+00   0.263924E+07   0.263922E+07   0.778209E+02
   0.152480E-03   0.264498E+07   0.264497E+07   0.348112E+07   0.348030E+07   0.264513E+07   0.264498E+07   0.264498E+07   0.265330E+07  -0.600144E+00   0.263917E+07   0.263914E+07   0.857989E+02
   0.168355E-03   0.264489E+07   0.264488E+07   0.347111E+07   0.347011E+07   0.264503E+07   0.264489E+07   0.264489E+07   0.265319E+07  -0.600117E+00   0.263908E+07   0.263905E+07   0.945648E+02
   0.185882E-03   0.264478E+07   0.264477E+07   0.345894E+07   0.345772E+07   0.264490E+07   0.264478E+07   0.264478E+07   0.265305E+07  -0.600084E+00   0.263897E+07   0.263894E+07   0.104186E+03
   0.205235E-03   0.264465E+07   0.264464E+07   0.344415E+07   0.344268E+07   0.264474E+07   0.264465E+07   0.264465E+07   0.265288E+07  -0.600043E+00   0.263884E+07   0.263880E+07   0.114732E+03
   0.226602E-03   0.264449E+07   0.264447E+07   0.342621E+07   0.342442E+07   0.264455E+07   0.264449E+07   0.264448E+07   0.265268E+07  -0.599994E+00   0.263868E+07   0.263863E+07   0.126274E+03
   0.250194E-03   0.264429E+07   0.264427E+07   0.340446E+07   0.340229E+07   0.264432E+07   0.264429E+07   0.264429E+07   0.265242E+07  -0.599934E+00   0.263849E+07   0.263843E+07   0.138879E+03
   0.276242E-03   0.264405E+07   0.264403E+07   0.337811E+07   0.337549E+07   0.264404E+07   0.264405E+07   0.264405E+07   0.265212E+07  -0.599861E+00   0.263825E+07   0.263818E+07   0.152613E+03
   0.305002E-03   0.264376E+07   0.264374E+07   0.334625E+07   0.334308E+07   0.264370E+07   0.264375E+07   0.264375E+07   0.265175E+07  -0.599772E+00   0.263796E+07   0.263787E+07   0.167531E+03
   0.336756E-03   0.264340E+07   0.264338E+07   0.330779E+07   0.330398E+07   0.264328E+07   0.264339E+07   0.264340E+07   0.265130E+07  -0.599665E+00   0.263761E+07   0.263750E+07   0.183675E+03
   0.371817E-03   0.264297E+07   0.264294E+07   0.326147E+07   0.325689E+07   0.264277E+07   0.264296E+07   0.264297E+07   0.265075E+07  -0.599534E+00   0.263718E+07   0.263705E+07   0.201065E+03
   0.410527E-03   0.264245E+07   0.264241E+07   0.320582E+07   0.320033E+07   0.264215E+07   0.264243E+07   0.264244E+07   0.265009E+07  -0.599375E+00   0.263666E+07   0.263651E+07   0.219688E+03
   0.453268E-03   0.264181E+07   0.264176E+07   0.313918E+07   0.313264E+07   0.264140E+07   0.264178E+07   0.264180E+07   0.264928E+07  -0.599183E+00   0.263603E+07   0.263585E+07   0.239489E+03
   0.500458E-03   0.264104E+07   0.264097E+07   0.305971E+07   0.305195E+07   0.264048E+07   0.264100E+07   0.264103E+07   0.264831E+07  -0.598950E+00   0.263527E+07   0.263504E+07   0.260348E+03
   0.552561E-03   0.264010E+07   0.264002E+07   0.296539E+07   0.295623E+07   0.263938E+07   0.264005E+07   0.264008E+07   0.264713E+07  -0.598668E+00   0.263433E+07   0.263407E+07   0.282066E+03
   0.610090E-03   0.263896E+07   0.263887E+07   0.285412E+07   0.284339E+07   0.263803E+07   0.263890E+07   0.263894E+07   0.264572E+07  -0.598329E+00   0.263320E+07   0.263288E+07   0.304339E+03
   0.673607E-03   0.263758E+07   0.263747E+07   0.272381E+07   0.271136E+07   0.263640E+07   0.263751E+07   0.263756E+07   0.264401E+07  -0.597920E+00   0.263184E+07   0.263146E+07   0.326728E+03
   0.743737E-03   0.263591E+07   0.263578E+07   0.257260E+07   0.255832E+07   0.263443E+07   0.263583E+07   0.263589E+07   0.264197E+07  -0.597430E+00   0.263018E+07   0.262973E+07   0.348633E+03
   0.821169E-03   0.263390E+07   0.263375E+07   0.239910E+07   0.238293E+07   0.263205E+07   0.263380E+07   0.263388E+07   0.263952E+07  -0.596842E+00   0.262817E+07   0.262765E+07   0.369266E+03
   0.906662E-03   0.263148E+07   0.263130E+07   0.220278E+07   0.218478E+07   0.262917E+07   0.263135E+07   0.263145E+07   0.263660E+07  -0.596142E+00   0.262576E+07   0.262515E+07   0.387631E+03
   0.100106E-02   0.262857E+07   0.262836E+07   0.198446E+07   0.196485E+07   0.262571E+07   0.262841E+07   0.262854E+07   0.263314E+07  -0.595310E+00   0.262285E+07   0.262215E+07   0.402527E+03
   0.110528E-02   0.262509E+07   0.262484E+07   0.174693E+07   0.172611E+07   0.262156E+07   0.262489E+07   0.262505E+07   0.262905E+07  -0.594327E+00   0.261936E+07   0.261857E+07   0.412584E+03
   0.122035E-02   0.262094E+07   0.262064E+07   0.149547E+07   0.147409E+07   0.261658E+07   0.262069E+07   0.262089E+07   0.262425E+07  -0.593171E+00   0.261518E+07   0.261430E+07   0.416349E+03
   0.134740E-02   0.261599E+07   0.261565E+07   0.123843E+07   0.121737E+07   0.261062E+07   0.261570E+07   0.261594E+07   0.261864E+07  -0.591822E+00   0.261019E+07   0.260923E+07   0.412452E+03
   0.148768E-02   0.261014E+07   0.260974E+07   0.987252E+06   0.967536E+06   0.260353E+07   0.260978E+07   0.261008E+07   0.261213E+07  -0.590256E+00   0.260427E+07   0.260325E+07   0.399866E+03
   0.164257E-02   0.260325E+07   0.260279E+07   0.755838E+06   0.738500E+06   0.259515E+07   0.260282E+07   0.260318E+07   0.260461E+07  -0.588453E+00   0.259728E+07   0.259621E+07   0.378256E+03
   0.181358E-02   0.259518E+07   0.259465E+07   0.558773E+06   0.544560E+06   0.258529E+07   0.259466E+07   0.259510E+07   0.259598E+07  -0.586390E+00   0.258907E+07   0.258798E+07   0.348371E+03
   0.200239E-02   0.258579E+07   0.258518E+07   0.408152E+06   0.397174E+06   0.257374E+07   0.258515E+07   0.258569E+07   0.258612E+07  -0.584046E+00   0.257949E+07   0.257841E+07   0.312368E+03
   0.221086E-02   0.257491E+07   0.257422E+07   0.309352E+06   0.300785E+06   0.256026E+07   0.257415E+07   0.257480E+07   0.257488E+07  -0.581396E+00   0.256838E+07   0.256733E+07   0.273864E+03
   0.244104E-02   0.256240E+07   0.256161E+07   0.257102E+06   0.249192E+06   0.254464E+07   0.256148E+07   0.256228E+07   0.256209E+07  -0.578410E+00   0.255559E+07   0.255459E+07   0.237443E+03
   0.269518E-02   0.254810E+07   0.254717E+07   0.234452E+06   0.225113E+06   0.252660E+07   0.254699E+07   0.254795E+07   0.254754E+07  -0.575048E+00   0.254097E+07   0.254001E+07   0.207454E+03
   0.297578E-02   0.253182E+07   0.253074E+07   0.217709E+06   0.205730E+06   0.250585E+07   0.253048E+07   0.253165E+07   0.253100E+07  -0.571262E+00   0.252436E+07   0.252340E+07   0.186252E+03
   0.328559E-02   0.251338E+07   0.251209E+07   0.188047E+06   0.174303E+06   0.248210E+07   0.251177E+07   0.251317E+07   0.251221E+07  -0.566993E+00   0.250558E+07   0.250460E+07   0.172707E+03
   0.362766E-02   0.249256E+07   0.249103E+07   0.144198E+06   0.131499E+06   0.245499E+07   0.249063E+07   0.249231E+07   0.249097E+07  -0.562181E+00   0.248442E+07   0.248341E+07   0.162392E+03
   0.400534E-02   0.246914E+07   0.246731E+07   0.103744E+06   0.943786E+05   0.242416E+07   0.246683E+07   0.246885E+07   0.246707E+07  -0.556768E+00   0.246066E+07   0.245962E+07   0.150433E+03
   0.442234E-02   0.244287E+07   0.244070E+07   0.843345E+05   0.771120E+05   0.238924E+07   0.244012E+07   0.244252E+07   0.244032E+07  -0.550705E+00   0.243401E+07   0.243298E+07   0.135668E+03
   0.488276E-02   0.241351E+07   0.241092E+07   0.798567E+05   0.671748E+05   0.234984E+07   0.241024E+07   0.241309E+07   0.241042E+07  -0.543938E+00   0.240423E+07   0.240320E+07   0.121759E+03
   0.539111E-02   0.238080E+07   0.237770E+07   0.678369E+05   0.543450E+05   0.230560E+07   0.237693E+07   0.238030E+07   0.237708E+07  -0.536403E+00   0.237106E+07   0.237001E+07   0.112244E+03
   0.595239E-02   0.234447E+07   0.234076E+07   0.479603E+05   0.438866E+05   0.225620E+07   0.233992E+07   0.234387E+07   0.234003E+07  -0.528034E+00   0.233423E+07   0.233315E+07   0.105135E+03
   0.657210E-02   0.230426E+07   0.229982E+07   0.405369E+05   0.353687E+05   0.220136E+07   0.229894E+07   0.230354E+07   0.229903E+07  -0.518773E+00   0.229347E+07   0.229237E+07   0.968580E+02
   0.725633E-02   0.225992E+07   0.225461E+07   0.371517E+05   0.284401E+05   0.214087E+07   0.225374E+07   0.225906E+07   0.225382E+07  -0.508562E+00   0.224852E+07   0.224741E+07   0.892552E+02
   0.801180E-02   0.221119E+07   0.220485E+07   0.263722E+05   0.228129E+05   0.207465E+07   0.220406E+07   0.221016E+07   0.220412E+07  -0.497344E+00   0.219914E+07   0.219798E+07   0.839336E+02
   0.884592E-02   0.215785E+07   0.215028E+07   0.232565E+05   0.182491E+05   0.200271E+07   0.214970E+07   0.215663E+07   0.214975E+07  -0.485069E+00   0.214511E+07   0.214391E+07   0.786022E+02
   0.976688E-02   0.209972E+07   0.209071E+07   0.173855E+05   0.145545E+05   0.192516E+07   0.209047E+07   0.209826E+07   0.209051E+07  -0.471699E+00   0.208625E+07   0.208500E+07   0.741450E+02
   0.107837E-01   0.203664E+07   0.202593E+07   0.153283E+05   0.115695E+05   0.184223E+07   0.202623E+07   0.203490E+07   0.202626E+07  -0.457199E+00   0.202240E+07   0.202109E+07   0.703613E+02
   0.119064E-01   0.196850E+07   0.195582E+07   0.105120E+05   0.916314E+04   0.175416E+07   0.195689E+07   0.196645E+07   0.195691E+07  -0.441549E+00   0.195349E+07   0.195211E+07   0.671682E+02
   0.131460E-01   0.189525E+07   0.188030E+07   0.985059E+04   0.722805E+04   0.166129E+07   0.188241E+07   0.189283E+07   0.188243E+07  -0.424741E+00   0.187947E+07   0.187801E+07   0.643819E+02
   0.145147E-01   0.181692E+07   0.179937E+07   0.673750E+04   0.567636E+04   0.156402E+07   0.180282E+07   0.181408E+07   0.180283E+07  -0.406781E+00   0.180036E+07   0.179881E+07   0.620746E+02
   0.160258E-01   0.173360E+07   0.171312E+07   0.539487E+04   0.443594E+04   0.146291E+07   0.171825E+07   0.173029E+07   0.171826E+07  -0.387696E+00   0.171629E+07   0.171463E+07   0.600119E+02
   0.176943E-01   0.164550E+07   0.162178E+07   0.417911E+04   0.344794E+04   0.135879E+07   0.162892E+07   0.164167E+07   0.162893E+07  -0.367540E+00   0.162748E+07   0.162570E+07   0.581301E+02
   0.195365E-01   0.155298E+07   0.152577E+07   0.326504E+04   0.266423E+04   0.125268E+07   0.153525E+07   0.154858E+07   0.153526E+07  -0.346403E+00   0.153432E+07   0.153242E+07   0.562809E+02
   0.215705E-01   0.145658E+07   0.142571E+07   0.281167E+04   0.204549E+04   0.114554E+07   0.143780E+07   0.145159E+07   0.143781E+07  -0.324415E+00   0.143737E+07   0.143535E+07   0.543113E+02
   0.238162E-01   0.135707E+07   0.132254E+07   0.178494E+04   0.155964E+04   0.103817E+07   0.133738E+07   0.135149E+07   0.133738E+07  -0.301754E+00   0.133744E+07   0.133530E+07   0.520869E+02
   0.262957E-01   0.125549E+07   0.121751E+07   0.150982E+04   0.118056E+04   0.931464E+06   0.123503E+07   0.124935E+07   0.123504E+07  -0.278662E+00   0.123556E+07   0.123332E+07   0.493992E+02
   0.290334E-01   0.115387E+07   0.111296E+07   0.117181E+04   0.887416E+03   0.824776E+06   0.113274E+07   0.114726E+07   0.113274E+07  -0.255580E+00   0.113372E+07   0.113141E+07   0.461066E+02
   0.320561E-01   0.105284E+07   0.100992E+07   0.805444E+03   0.662254E+03   0.724654E+06   0.103144E+07   0.104591E+07   0.103144E+07  -0.232723E+00   0.103279E+07   0.103046E+07   0.420890E+02
   0.353936E-01   0.955367E+06   0.911752E+06   0.562940E+03   0.491490E+03   0.631499E+06   0.934049E+06   0.948318E+06   0.934050E+06  -0.210749E+00   0.935712E+06   0.933434E+06   0.372884E+02
   0.390784E-01   0.863822E+06   0.821245E+06   0.468526E+03   0.363497E+03   0.546672E+06   0.842966E+06   0.856941E+06   0.842968E+06  -0.190198E+00   0.844878E+06   0.842736E+06   0.317579E+02
   0.431470E-01   0.780936E+06   0.741378E+06   0.330501E+03   0.268875E+03   0.471528E+06   0.760895E+06   0.774543E+06   0.760896E+06  -0.171680E+00   0.762999E+06   0.761085E+06   0.257060E+02
   0.474616E-01   0.710587E+06   0.675766E+06   0.239980E+03   0.201783E+03   0.408751E+06   0.691618E+06   0.704960E+06   0.691619E+06  -0.156049E+00   0.693861E+06   0.692244E+06   0.197379E+02
   0.517763E-01   0.655378E+06   0.626094E+06   0.185769E+03   0.156161E+03   0.359870E+06   0.637548E+06   0.650645E+06   0.637549E+06  -0.143850E+00   0.639890E+06   0.638588E+06   0.145690E+02
   0.560910E-01   0.610669E+06   0.586918E+06   0.147376E+03   0.123856E+03   0.320506E+06   0.593934E+06   0.606831E+06   0.593935E+06  -0.134009E+00   0.596355E+06   0.595347E+06   0.104200E+02
   0.604057E-01   0.572929E+06   0.554024E+06   0.119141E+03   0.100103E+03   0.287652E+06   0.557163E+06   0.569874E+06   0.557163E+06  -0.125712E+00   0.559648E+06   0.558880E+06   0.737087E+01
   0.647204E-01   0.539619E+06   0.524406E+06   0.976758E+02   0.820500E+02   0.259406E+06   0.524650E+06   0.537161E+06   0.524650E+06  -0.118376E+00   0.527187E+06   0.526587E+06   0.537194E+01
   0.690351E-01   0.508428E+06   0.495541E+06   0.808016E+02   0.678618E+02   0.234213E+06   0.494088E+06   0.506345E+06   0.494089E+06  -0.111481E+00   0.496661E+06   0.496152E+06   0.427110E+01
   0.733498E-01   0.477903E+06   0.466009E+06   0.671838E+02   0.564146E+02   0.211059E+06   0.464049E+06   0.475981E+06   0.464049E+06  -0.104703E+00   0.466639E+06   0.466152E+06   0.385362E+01
   0.776645E-01   0.447552E+06   0.435557E+06   0.560220E+02   0.470344E+02   0.189577E+06   0.434081E+06   0.445613E+06   0.434081E+06  -0.979411E-01   0.436668E+06   0.436148E+06   0.388036E+01
   0.819792E-01   0.417715E+06   0.404901E+06   0.468328E+02   0.393138E+02   0.169824E+06   0.404572E+06   0.415644E+06   0.404572E+06  -0.912830E-01   0.407134E+06   0.406551E+06   0.412290E+01
   0.862939E-01   0.389165E+06   0.375242E+06   0.392919E+02   0.329792E+02   0.151952E+06   0.376332E+06   0.386915E+06   0.376332E+06  -0.849112E-01   0.378853E+06   0.378200E+06   0.439073E+01
   0.906086E-01   0.362663E+06   0.347735E+06   0.331401E+02   0.278123E+02   0.136090E+06   0.350154E+06   0.360251E+06   0.350154E+06  -0.790048E-01   0.352623E+06   0.351912E+06   0.454839E+01
   0.959689E-01   0.333464E+06   0.317882E+06   0.270982E+02   0.227382E+02   0.119264E+06   0.321411E+06   0.330945E+06   0.321411E+06  -0.725195E-01   0.323806E+06   0.323064E+06   0.448405E+01
   0.101329E+00   0.309082E+06   0.293777E+06   0.224898E+02   0.188684E+02   0.105527E+06   0.297552E+06   0.306609E+06   0.297552E+06  -0.671362E-01   0.299875E+06   0.299155E+06   0.411567E+01
   0.106690E+00   0.289693E+06   0.275576E+06   0.189944E+02   0.159332E+02   0.945698E+05   0.278726E+06   0.287411E+06   0.278726E+06  -0.628884E-01   0.280986E+06   0.280338E+06   0.351945E+01
   0.112050E+00   0.274604E+06   0.262308E+06   0.163175E+02   0.136854E+02   0.858500E+05   0.264204E+06   0.272617E+06   0.264205E+06  -0.596120E-01   0.266415E+06   0.265869E+06   0.282323E+01
   0.117410E+00   0.262420E+06   0.252161E+06   0.142022E+02   0.119094E+02   0.786665E+05   0.252560E+06   0.260762E+06   0.252560E+06  -0.569847E-01   0.254731E+06   0.254293E+06   0.215969E+01
   0.122770E+00   0.251621E+06   0.243195E+06   0.124551E+02   0.104427E+02   0.723946E+05   0.242248E+06   0.250259E+06   0.242248E+06  -0.546580E-01   0.244383E+06   0.244037E+06   0.163052E+01
   0.128131E+00   0.241038E+06   0.233933E+06   0.109517E+02   0.918087E+01   0.666059E+05   0.232085E+06   0.239890E+06   0.232085E+06  -0.523650E-01   0.234181E+06   0.233897E+06   0.128736E+01
   0.133491E+00   0.230019E+06   0.223584E+06   0.962257E+01   0.806569E+01   0.610711E+05   0.221416E+06   0.228979E+06   0.221416E+06  -0.499577E-01   0.223467E+06   0.223207E+06   0.112974E+01
   0.138851E+00   0.218409E+06   0.212044E+06   0.843607E+01   0.707043E+01   0.557401E+05   0.210100E+06   0.217381E+06   0.210100E+06  -0.474045E-01   0.212097E+06   0.211829E+06   0.111633E+01
   0.144212E+00   0.206457E+06   0.199744E+06   0.738211E+01   0.618654E+01   0.506700E+05   0.198404E+06   0.205372E+06   0.198404E+06  -0.447656E-01   0.200339E+06   0.200044E+06   0.118380E+01
   0.149572E+00   0.194652E+06   0.187431E+06   0.645973E+01   0.541311E+01   0.459660E+05   0.186841E+06   0.193485E+06   0.186841E+06  -0.421565E-01   0.188708E+06   0.188381E+06   0.126688E+01
   0.154932E+00   0.183578E+06   0.175936E+06   0.566920E+01   0.475030E+01   0.417440E+05   0.176010E+06   0.182343E+06   0.176010E+06  -0.397129E-01   0.177811E+06   0.177459E+06   0.131444E+01
   0.160293E+00   0.173773E+06   0.165977E+06   0.500715E+01   0.419524E+01   0.380838E+05   0.166458E+06   0.172513E+06   0.166458E+06  -0.375576E-01   0.168196E+06   0.167836E+06   0.129841E+01
   0.165653E+00   0.165544E+06   0.157937E+06   0.446263E+01   0.373870E+01   0.350022E+05   0.158490E+06   0.164314E+06   0.158490E+06  -0.357598E-01   0.160173E+06   0.159825E+06   0.121523E+01
   0.171013E+00   0.158837E+06   0.151732E+06   0.401615E+01   0.336434E+01   0.324358E+05   0.152047E+06   0.157689E+06   0.152047E+06  -0.343062E-01   0.153685E+06   0.153366E+06   0.108104E+01
   0.176373E+00   0.153307E+06   0.146905E+06   0.364423E+01   0.305250E+01   0.302629E+05   0.146777E+06   0.152272E+06   0.146777E+06  -0.331170E-01   0.148377E+06   0.148096E+06   0.923137E+00
   0.181734E+00   0.148511E+06   0.142865E+06   0.332554E+01   0.278530E+01   0.283600E+05   0.142228E+06   0.147598E+06   0.142228E+06  -0.320905E-01   0.143794E+06   0.143553E+06   0.770575E+00
   0.187094E+00   0.144036E+06   0.139057E+06   0.304353E+01   0.254888E+01   0.266232E+05   0.137979E+06   0.143231E+06   0.137979E+06  -0.311319E-01   0.139514E+06   0.139306E+06   0.646374E+00
   0.192454E+00   0.139529E+06   0.135027E+06   0.278614E+01   0.233314E+01   0.249718E+05   0.133674E+06   0.138801E+06   0.133674E+06  -0.301607E-01   0.135178E+06   0.134991E+06   0.562961E+00
   0.197815E+00   0.134752E+06   0.130499E+06   0.254602E+01   0.213191E+01   0.233590E+05   0.129078E+06   0.134065E+06   0.129078E+06  -0.291237E-01   0.130547E+06   0.130369E+06   0.521209E+00
   0.203175E+00   0.129668E+06   0.125456E+06   0.232092E+01   0.194332E+01   0.217768E+05   0.124158E+06   0.128987E+06   0.124158E+06  -0.280135E-01   0.125587E+06   0.125408E+06   0.512515E+00
   0.208535E+00   0.124430E+06   0.120120E+06   0.211239E+01   0.176863E+01   0.202517E+05   0.119073E+06   0.123734E+06   0.119073E+06  -0.268661E-01   0.120460E+06   0.120272E+06   0.522777E+00
   0.213896E+00   0.119274E+06   0.114814E+06   0.192286E+01   0.160986E+01   0.188210E+05   0.114061E+06   0.118553E+06   0.114061E+06  -0.257353E-01   0.115406E+06   0.115208E+06   0.536905E+00
   0.219256E+00   0.114409E+06   0.109836E+06   0.175382E+01   0.146828E+01   0.175119E+05   0.109339E+06   0.113670E+06   0.109339E+06  -0.246700E-01   0.110643E+06   0.110438E+06   0.542651E+00
   0.224616E+00   0.109996E+06   0.105404E+06   0.160553E+01   0.134407E+01   0.163414E+05   0.105069E+06   0.109254E+06   0.105069E+06  -0.237066E-01   0.106335E+06   0.106128E+06   0.532952E+00
   0.229977E+00   0.106128E+06   0.101637E+06   0.147701E+01   0.123642E+01   0.153131E+05   0.101344E+06   0.105402E+06   0.101344E+06  -0.228661E-01   0.102576E+06   0.102375E+06   0.506541E+00
   0.235337E+00   0.102802E+06   0.985211E+05   0.136599E+01   0.114343E+01   0.144152E+05   0.981599E+05   0.102110E+06   0.981599E+05  -0.221476E-01   0.993613E+05   0.991717E+05   0.467025E+00
   0.240697E+00   0.999175E+05   0.959191E+05   0.126916E+01   0.106231E+01   0.136243E+05   0.954137E+05   0.992714E+05   0.954137E+05  -0.215280E-01   0.965889E+05   0.964141E+05   0.420965E+00
   0.246057E+00   0.973204E+05   0.936239E+05   0.118297E+01   0.990119E+00   0.129102E+05   0.929480E+05   0.967230E+05   0.929480E+05  -0.209717E-01   0.940995E+05   0.939399E+05   0.375627E+00
   0.251418E+00   0.948506E+05   0.914265E+05   0.110436E+01   0.924275E+00   0.122459E+05   0.906016E+05   0.942973E+05   0.906016E+05  -0.204423E-01   0.917303E+05   0.915840E+05   0.337036E+00
   0.256778E+00   0.923789E+05   0.891621E+05   0.103108E+01   0.862906E+00   0.116112E+05   0.882446E+05   0.918590E+05   0.882446E+05  -0.199104E-01   0.893503E+05   0.892135E+05   0.308724E+00
   0.262138E+00   0.898288E+05   0.867395E+05   0.961838E+00   0.804922E+00   0.109944E+05   0.858012E+05   0.893295E+05   0.858012E+05  -0.193592E-01   0.868830E+05   0.867511E+05   0.291339E+00
   0.267499E+00   0.871904E+05   0.841544E+05   0.896229E+00   0.749990E+00   0.103938E+05   0.832628E+05   0.866997E+05   0.832628E+05  -0.187864E-01   0.843194E+05   0.841887E+05   0.283023E+00
   0.272859E+00   0.845107E+05   0.814763E+05   0.834501E+00   0.698313E+00   0.981484E+04   0.806780E+05   0.840203E+05   0.806780E+05  -0.182032E-01   0.817086E+05   0.815766E+05   0.280333E+00
   0.278219E+00   0.818656E+05   0.788111E+05   0.777134E+00   0.650289E+00   0.926529E+04   0.781242E+05   0.813719E+05   0.781242E+05  -0.176270E-01   0.791287E+05   0.789945E+05   0.279378E+00
   0.283580E+00   0.793319E+05   0.762654E+05   0.724526E+00   0.606250E+00   0.875289E+04   0.756797E+05   0.788363E+05   0.756797E+05  -0.170755E-01   0.766588E+05   0.765233E+05   0.276830E+00
   0.288940E+00   0.769722E+05   0.739237E+05   0.676859E+00   0.566348E+00   0.828237E+04   0.734079E+05   0.764795E+05   0.734079E+05  -0.165629E-01   0.743630E+05   0.742281E+05   0.270603E+00
   0.294300E+00   0.748229E+05   0.718324E+05   0.634026E+00   0.530492E+00   0.785507E+04   0.713450E+05   0.743396E+05   0.713450E+05  -0.160974E-01   0.722781E+05   0.721460E+05   0.260088E+00
   0.299661E+00   0.728849E+05   0.699905E+05   0.595608E+00   0.498331E+00   0.746847E+04   0.694918E+05   0.724171E+05   0.694918E+05  -0.156793E-01   0.704046E+05   0.702774E+05   0.246001E+00
   0.305021E+00   0.711258E+05   0.683536E+05   0.560944E+00   0.469313E+00   0.711642E+04   0.678149E+05   0.706778E+05   0.678149E+05  -0.153009E-01   0.687092E+05   0.685882E+05   0.229946E+00
   0.310381E+00   0.694936E+05   0.668527E+05   0.529294E+00   0.442818E+00   0.679154E+04   0.662619E+05   0.690668E+05   0.662619E+05  -0.149505E-01   0.671389E+05   0.670244E+05   0.213838E+00
   0.315741E+00   0.679338E+05   0.654161E+05   0.499984E+00   0.418284E+00   0.648673E+04   0.647776E+05   0.675269E+05   0.647776E+05  -0.146156E-01   0.656380E+05   0.655294E+05   0.199373E+00
   0.321102E+00   0.664000E+05   0.639846E+05   0.472487E+00   0.395268E+00   0.619619E+04   0.633156E+05   0.660097E+05   0.633156E+05  -0.142858E-01   0.641597E+05   0.640557E+05   0.187648E+00
   0.326462E+00   0.648619E+05   0.625213E+05   0.446453E+00   0.373478E+00   0.591641E+04   0.618457E+05   0.644837E+05   0.618457E+05  -0.139541E-01   0.626733E+05   0.625725E+05   0.179003E+00
   0.331822E+00   0.633099E+05   0.610173E+05   0.421720E+00   0.352780E+00   0.564602E+04   0.603589E+05   0.629394E+05   0.603589E+05  -0.136186E-01   0.611697E+05   0.610706E+05   0.173086E+00
   0.337183E+00   0.617553E+05   0.594906E+05   0.398287E+00   0.333170E+00   0.538558E+04   0.588669E+05   0.613893E+05   0.588669E+05  -0.132820E-01   0.596608E+05   0.595624E+05   0.169058E+00
   0.342543E+00   0.602229E+05   0.579756E+05   0.376236E+00   0.314718E+00   0.513701E+04   0.573949E+05   0.598597E+05   0.573949E+05  -0.129499E-01   0.581720E+05   0.580740E+05   0.165877E+00
   0.347903E+00   0.587399E+05   0.565101E+05   0.355651E+00   0.297493E+00   0.490207E+04   0.559709E+05   0.583796E+05   0.559709E+05  -0.126286E-01   0.567316E+05   0.566340E+05   0.162586E+00
   0.353264E+00   0.573289E+05   0.551246E+05   0.336572E+00   0.281528E+00   0.468204E+04   0.546175E+05   0.569727E+05   0.546175E+05  -0.123232E-01   0.553624E+05   0.552658E+05   0.158515E+00
   0.358624E+00   0.560030E+05   0.538364E+05   0.318971E+00   0.266800E+00   0.447730E+04   0.533479E+05   0.556529E+05   0.533479E+05  -0.120368E-01   0.540778E+05   0.539829E+05   0.153388E+00
   0.363984E+00   0.547645E+05   0.526484E+05   0.302757E+00   0.253233E+00   0.428708E+04   0.521643E+05   0.544225E+05   0.521643E+05  -0.117697E-01   0.528802E+05   0.527877E+05   0.147303E+00
   0.369344E+00   0.536050E+05   0.515489E+05   0.287783E+00   0.240703E+00   0.411003E+04   0.510584E+05   0.532728E+05   0.510584E+05  -0.115202E-01   0.517610E+05   0.516714E+05   0.140633E+00
   0.374705E+00   0.525084E+05   0.505164E+05   0.273872E+00   0.229063E+00   0.394416E+04   0.500136E+05   0.521864E+05   0.500136E+05  -0.112845E-01   0.507035E+05   0.506170E+05   0.133881E+00
   0.380065E+00   0.514553E+05   0.495257E+05   0.260850E+00   0.218166E+00   0.378735E+04   0.490105E+05   0.511434E+05   0.490105E+05  -0.110581E-01   0.496883E+05   0.496046E+05   0.127533E+00
   0.385425E+00   0.504290E+05   0.485554E+05   0.248570E+00   0.207891E+00   0.363795E+04   0.480323E+05   0.501262E+05   0.480323E+05  -0.108374E-01   0.486982E+05   0.486171E+05   0.121942E+00
   0.390786E+00   0.494178E+05   0.475910E+05   0.236927E+00   0.198151E+00   0.349468E+04   0.470674E+05   0.491226E+05   0.470674E+05  -0.106197E-01   0.477216E+05   0.476425E+05   0.117266E+00
   0.396146E+00   0.484160E+05   0.466262E+05   0.225858E+00   0.188890E+00   0.335688E+04   0.461102E+05   0.481267E+05   0.461102E+05  -0.104038E-01   0.467527E+05   0.466751E+05   0.113463E+00
   0.401506E+00   0.474238E+05   0.456631E+05   0.215330E+00   0.180082E+00   0.322440E+04   0.451613E+05   0.471392E+05   0.451613E+05  -0.101896E-01   0.457921E+05   0.457156E+05   0.110337E+00
   0.406867E+00   0.464475E+05   0.447109E+05   0.205343E+00   0.171728E+00   0.309736E+04   0.442270E+05   0.461669E+05   0.442270E+05  -0.997884E-02   0.448463E+05   0.447707E+05   0.107610E+00
   0.412227E+00   0.454968E+05   0.437826E+05   0.195911E+00   0.163837E+00   0.297628E+04   0.433170E+05   0.452197E+05   0.433170E+05  -0.977353E-02   0.439251E+05   0.438504E+05   0.105006E+00
   0.417587E+00   0.445798E+05   0.428895E+05   0.187038E+00   0.156414E+00   0.286141E+04   0.424399E+05   0.443067E+05   0.424399E+05  -0.957563E-02   0.430371E+05   0.429633E+05   0.102307E+00
   0.422948E+00   0.437010E+05   0.420378E+05   0.178710E+00   0.149447E+00   0.275276E+04   0.416000E+05   0.434322E+05   0.416000E+05  -0.938612E-02   0.421866E+05   0.421141E+05   0.993931E-01
   0.428308E+00   0.428611E+05   0.412289E+05   0.170897E+00   0.142912E+00   0.265013E+04   0.407981E+05   0.425974E+05   0.407981E+05  -0.920519E-02   0.413746E+05   0.413035E+05   0.962529E-01
   0.433668E+00   0.420588E+05   0.404607E+05   0.163565E+00   0.136778E+00   0.255309E+04   0.400328E+05   0.418005E+05   0.400328E+05  -0.903252E-02   0.405996E+05   0.405300E+05   0.929613E-01
   0.439028E+00   0.412902E+05   0.397280E+05   0.156668E+00   0.131009E+00   0.246119E+04   0.393002E+05   0.410378E+05   0.393002E+05  -0.886723E-02   0.398577E+05   0.397898E+05   0.896450E-01
   0.444389E+00   0.405490E+05   0.390224E+05   0.150158E+00   0.125563E+00   0.237382E+04   0.385940E+05   0.403023E+05   0.385940E+05  -0.870787E-02   0.391424E+05   0.390761E+05   0.864410E-01
   0.449749E+00   0.398280E+05   0.383351E+05   0.143985E+00   0.120400E+00   0.229030E+04   0.379069E+05   0.395867E+05   0.379069E+05  -0.855285E-02   0.384464E+05   0.383817E+05   0.834605E-01
   0.455109E+00   0.391221E+05   0.376598E+05   0.138111E+00   0.115487E+00   0.221020E+04   0.372339E+05   0.388858E+05   0.372339E+05  -0.840100E-02   0.377648E+05   0.377014E+05   0.807664E-01
   0.460470E+00   0.384290E+05   0.369939E+05   0.132514E+00   0.110805E+00   0.213325E+04   0.365728E+05   0.381971E+05   0.365728E+05  -0.825183E-02   0.370952E+05   0.370329E+05   0.783674E-01
   0.465830E+00   0.377484E+05   0.363372E+05   0.127177E+00   0.106341E+00   0.205927E+04   0.359232E+05   0.375204E+05   0.359232E+05  -0.810527E-02   0.364372E+05   0.363759E+05   0.762244E-01
   0.471190E+00   0.370809E+05   0.356912E+05   0.122089E+00   0.102086E+00   0.198823E+04   0.352858E+05   0.368563E+05   0.352858E+05  -0.796147E-02   0.357916E+05   0.357312E+05   0.742672E-01
   0.476551E+00   0.364281E+05   0.350587E+05   0.117245E+00   0.980343E-01   0.192007E+04   0.346625E+05   0.362068E+05   0.346625E+05  -0.782083E-02   0.351602E+05   0.351006E+05   0.724154E-01
   0.481911E+00   0.357927E+05   0.344432E+05   0.112641E+00   0.941831E-01   0.185482E+04   0.340559E+05   0.355746E+05   0.340559E+05  -0.768395E-02   0.345456E+05   0.344869E+05   0.705989E-01
   0.487271E+00   0.351770E+05   0.338481E+05   0.108271E+00   0.905287E-01   0.179253E+04   0.334683E+05   0.349623E+05   0.334683E+05  -0.755138E-02   0.339503E+05   0.338925E+05   0.687713E-01
   0.492631E+00   0.345821E+05   0.332745E+05   0.104128E+00   0.870635E-01   0.173309E+04   0.329008E+05   0.343708E+05   0.329008E+05  -0.742333E-02   0.333753E+05   0.333184E+05   0.669151E-01
   0.497992E+00   0.340071E+05   0.327219E+05   0.100197E+00   0.837761E-01   0.167636E+04   0.323526E+05   0.337994E+05   0.323526E+05  -0.729964E-02   0.328199E+05   0.327640E+05   0.650394E-01
   0.503352E+00   0.334504E+05   0.321879E+05   0.964631E-01   0.806531E-01   0.162214E+04   0.318220E+05   0.332463E+05   0.318220E+05  -0.717992E-02   0.322823E+05   0.322274E+05   0.631716E-01
   0.508712E+00   0.329099E+05   0.316701E+05   0.929098E-01   0.776813E-01   0.157024E+04   0.313070E+05   0.327095E+05   0.313070E+05  -0.706372E-02   0.317604E+05   0.317066E+05   0.613474E-01
   0.514073E+00   0.323839E+05   0.311662E+05   0.895234E-01   0.748492E-01   0.152048E+04   0.308058E+05   0.321871E+05   0.308058E+05  -0.695066E-02   0.312526E+05   0.311997E+05   0.596006E-01
   0.519433E+00   0.318706E+05   0.306740E+05   0.862907E-01   0.721457E-01   0.147269E+04   0.303168E+05   0.316772E+05   0.303168E+05  -0.684031E-02   0.307570E+05   0.307051E+05   0.579541E-01
   0.524793E+00   0.313682E+05   0.301914E+05   0.831995E-01   0.695606E-01   0.142670E+04   0.298380E+05   0.311781E+05   0.298380E+05  -0.673229E-02   0.302719E+05   0.302208E+05   0.564163E-01
   0.530154E+00   0.308756E+05   0.297172E+05   0.802402E-01   0.670858E-01   0.138241E+04   0.293684E+05   0.306884E+05   0.293684E+05  -0.662634E-02   0.297960E+05   0.297457E+05   0.549813E-01
   0.535514E+00   0.303928E+05   0.292516E+05   0.774070E-01   0.647165E-01   0.133974E+04   0.289081E+05   0.302084E+05   0.289081E+05  -0.652247E-02   0.293295E+05   0.292799E+05   0.536326E-01
   0.540874E+00   0.299205E+05   0.287959E+05   0.746963E-01   0.624497E-01   0.129868E+04   0.284578E+05   0.297388E+05   0.284578E+05  -0.642088E-02   0.288731E+05   0.288243E+05   0.523487E-01
   0.546235E+00   0.294596E+05   0.283509E+05   0.721043E-01   0.602822E-01   0.125920E+04   0.280183E+05   0.292804E+05   0.280183E+05  -0.632171E-02   0.284277E+05   0.283795E+05   0.511076E-01
   0.551595E+00   0.290099E+05   0.279172E+05   0.696262E-01   0.582098E-01   0.122124E+04   0.275897E+05   0.288333E+05   0.275897E+05  -0.622500E-02   0.279933E+05   0.279458E+05   0.498922E-01
   0.556955E+00   0.285717E+05   0.274949E+05   0.672568E-01   0.562285E-01   0.118477E+04   0.271720E+05   0.283977E+05   0.271720E+05  -0.613076E-02   0.275699E+05   0.275231E+05   0.486924E-01
   0.562315E+00   0.281451E+05   0.270842E+05   0.649918E-01   0.543344E-01   0.114972E+04   0.267654E+05   0.279736E+05   0.267654E+05  -0.603903E-02   0.271578E+05   0.271117E+05   0.475063E-01
   0.567676E+00   0.277299E+05   0.266850E+05   0.628263E-01   0.525237E-01   0.111604E+04   0.263699E+05   0.275610E+05   0.263699E+05  -0.594979E-02   0.267569E+05   0.267115E+05   0.463384E-01
   0.573036E+00   0.273254E+05   0.262965E+05   0.607543E-01   0.507910E-01   0.108366E+04   0.259847E+05   0.271591E+05   0.259847E+05  -0.586287E-02   0.263664E+05   0.263217E+05   0.451966E-01
   0.578396E+00   0.269305E+05   0.259171E+05   0.587688E-01   0.491308E-01   0.105248E+04   0.256085E+05   0.267667E+05   0.256085E+05  -0.577799E-02   0.259851E+05   0.259411E+05   0.440896E-01
   0.629654E+00   0.235532E+05   0.226666E+05   0.433521E-01   0.362401E-01   0.804445E+03   0.223918E+05   0.234099E+05   0.223918E+05  -0.505221E-02   0.227239E+05   0.226854E+05   0.354389E-01
   0.769061E+00   0.171185E+05   0.164746E+05   0.211031E-01   0.176389E-01   0.422160E+03   0.162672E+05   0.170145E+05   0.162672E+05  -0.367032E-02   0.165124E+05   0.164845E+05   0.210612E-01
   0.939334E+00   0.123814E+05   0.119158E+05   0.102249E-01   0.854561E-02   0.218042E+03   0.117617E+05   0.123061E+05   0.117617E+05  -0.265377E-02   0.119412E+05   0.119210E+05   0.124671E-01
   0.114731E+01   0.891681E+04   0.858152E+04   0.493379E-02   0.412321E-02   0.110974E+03   0.846844E+04   0.886262E+04   0.846844E+04  -0.191072E-02   0.859884E+04   0.858429E+04   0.735025E-02
   0.140132E+01   0.639653E+04   0.615604E+04   0.237166E-02   0.198192E-02   0.557172E+02   0.607382E+04   0.635767E+04   0.607382E+04  -0.137042E-02   0.616795E+04   0.615751E+04   0.431760E-02
   0.171158E+01   0.457195E+04   0.440007E+04   0.113603E-02   0.949304E-03   0.276292E+02   0.434075E+04   0.454418E+04   0.434075E+04  -0.979393E-03   0.440833E+04   0.440086E+04   0.252781E-02
   0.209053E+01   0.325711E+04   0.313467E+04   0.542410E-03   0.453246E-03   0.135511E+02   0.309212E+04   0.323732E+04   0.309212E+04  -0.697668E-03   0.314042E+04   0.313509E+04   0.147576E-02
   0.255338E+01   0.231327E+04   0.222631E+04   0.258197E-03   0.215749E-03   0.658286E+01   0.219595E+04   0.229922E+04   0.219595E+04  -0.495468E-03   0.223033E+04   0.222655E+04   0.859466E-03
   0.311870E+01   0.163828E+04   0.157670E+04   0.122563E-03   0.102413E-03   0.317188E+01   0.155513E+04   0.162833E+04   0.155513E+04  -0.350881E-03   0.157952E+04   0.157683E+04   0.499590E-03
   0.380919E+01   0.115734E+04   0.111383E+04   0.580346E-04   0.484928E-04   0.151822E+01   0.109856E+04   0.115030E+04   0.109856E+04  -0.247866E-03   0.111581E+04   0.111390E+04   0.290068E-03
   0.465255E+01   0.815677E+03   0.785005E+03   0.274164E-04   0.229086E-04   0.722740E+00   0.774237E+03   0.810720E+03   0.774237E+03  -0.174689E-03   0.786401E+03   0.785049E+03   0.168361E-03
   0.568264E+01   0.573595E+03   0.552018E+03   0.129231E-04   0.107982E-04   0.342501E+00   0.544445E+03   0.570108E+03   0.544445E+03  -0.122842E-03   0.553003E+03   0.552044E+03   0.977873E-04
   0.694079E+01   0.402553E+03   0.387402E+03   0.607929E-05   0.507972E-05   0.161718E+00   0.382091E+03   0.400104E+03   0.382091E+03  -0.862103E-04   0.388099E+03   0.387417E+03   0.569262E-04
   0.847750E+01   0.281981E+03   0.271358E+03   0.285444E-05   0.238512E-05   0.761237E-01   0.267645E+03   0.280264E+03   0.267645E+03  -0.603881E-04   0.271855E+03   0.271368E+03   0.332824E-04
   0.103544E+02   0.197178E+03   0.189740E+03   0.133792E-05   0.111794E-05   0.357418E-01   0.187151E+03   0.195976E+03   0.187151E+03  -0.422264E-04   0.190096E+03   0.189746E+03   0.195981E-04
   0.126469E+02   0.137654E+03   0.132450E+03   0.626074E-06   0.523143E-06   0.167451E-01   0.130652E+03   0.136813E+03   0.130652E+03  -0.294786E-04   0.132708E+03   0.132454E+03   0.116660E-04
   0.154470E+02   0.959527E+02   0.923138E+02   0.292518E-06   0.244430E-06   0.783000E-02   0.910696E+02   0.953646E+02   0.910696E+02  -0.205478E-04   0.925040E+02   0.923159E+02   0.705349E-05
   0.188670E+02   0.667892E+02   0.642444E+02   0.136475E-06   0.114042E-06   0.365513E-02   0.633884E+02   0.663780E+02   0.633884E+02  -0.143022E-04   0.643874E+02   0.642456E+02   0.435621E-05
   0.230442E+02   0.464272E+02   0.446457E+02   0.635847E-07   0.531348E-07   0.170372E-02   0.440612E+02   0.461393E+02   0.440612E+02  -0.994144E-05   0.447563E+02   0.446463E+02   0.276490E-05
   0.281463E+02   0.322320E+02   0.309823E+02   0.295855E-07   0.247245E-07   0.792986E-03   0.305874E+02   0.320300E+02   0.305874E+02  -0.690137E-05   0.310706E+02   0.309825E+02   0.181369E-05
   0.343780E+02   0.223497E+02   0.214697E+02   0.137481E-07   0.114901E-07   0.368607E-03   0.212073E+02   0.222075E+02   0.212073E+02  -0.478495E-05   0.215429E+02   0.214697E+02   0.123451E-05
   0.419893E+02   0.154792E+02   0.148559E+02   0.638035E-08   0.533306E-08   0.171118E-03   0.146858E+02   0.153785E+02   0.146858E+02  -0.331353E-05   0.149190E+02   0.148557E+02   0.873049E-06
   0.512859E+02   0.107085E+02   0.102630E+02   0.295715E-08   0.247218E-08   0.793351E-04   0.101574E+02   0.106365E+02   0.101574E+02  -0.229180E-05   0.103194E+02   0.102627E+02   0.640340E-06
   0.626408E+02   0.739965E+01   0.707718E+01   0.136865E-08   0.114448E-08   0.367381E-04   0.701660E+01   0.734754E+01   0.701660E+01  -0.158314E-05   0.712921E+01   0.707678E+01   0.484919E-06
   0.765096E+02   0.510720E+01   0.486961E+01   0.632461E-09   0.529072E-09   0.169893E-04   0.484050E+01   0.506880E+01   0.484050E+01  -0.109215E-05   0.491893E+01   0.486917E+01   0.376847E-06
   0.934490E+02   0.352055E+01   0.334145E+01   0.291732E-09   0.244179E-09   0.784474E-05   0.333434E+01   0.349161E+01   0.333434E+01  -0.752320E-06   0.338913E+01   0.334098E+01   0.298553E-06
   0.114139E+03   0.242345E+01   0.228460E+01   0.134266E-09   0.112474E-09   0.361617E-05   0.229287E+01   0.240101E+01   0.229287E+01  -0.517335E-06   0.233132E+01   0.228413E+01   0.239584E-06
