#          k/h    CDM            baryon         photon         nu             mass_nu        total          no_nu          total_de       Weyl           v_CDM          v_b            v_b-v_c     
   0.105163E-04   0.724062E+06   0.724062E+06   0.965400E+06   0.965400E+06   0.724482E+06   0.724080E+06   0.724062E+06   0.732412E+06  -0.601736E+00   0.722323E+06   0.722323E+06   0.152019E+00
   0.116112E-04   0.724062E+06   0.724062E+06   0.965397E+06   0.965396E+06   0.724482E+06   0.724080E+06   0.724062E+06   0.732412E+06  -0.601736E+00   0.722323E+06   0.722323E+06   0.167845E+00
   0.128200E-04   0.724061E+06   0.724061E+06   0.965393E+06   0.965392E+06   0.724482E+06   0.724080E+06   0.724061E+06   0.732412E+06  -0.601736E+00   0.722323E+06   0.722323E+06   0.185320E+00
   0.141547E-04   0.724061E+06   0.724061E+06   0.965388E+06   0.965387E+06   0.724482E+06   0.724080E+06   0.724061E+06   0.732412E+06  -0.601735E+00   0.722323E+06   0.722323E+06   0.204614E+00
   0.156284E-04   0.724061E+06   0.724061E+06   0.965382E+06   0.965381E+06   0.724482E+06   0.724080E+06   0.724061E+06   0.732412E+06  -0.601735E+00   0.722323E+06   0.722323E+06   0.225916E+00
   0.172555E-04   0.724061E+06   0.724061E+06   0.965374E+06   0.965373E+06   0.724481E+06   0.724080E+06   0.724061E+06   0.732411E+06  -0.601735E+00   0.722323E+06   0.722323E+06   0.249437E+00
   0.190520E-04   0.724061E+06   0.724061E+06   0.965365E+06   0.965363E+06   0.724481E+06   0.724080E+06   0.724061E+06   0.732411E+06  -0.601735E+00   0.722323E+06   0.722322E+06   0.275406E+00
   0.210355E-04   0.724061E+06   0.724060E+06   0.965354E+06   0.965352E+06   0.724481E+06   0.724080E+06   0.724061E+06   0.732411E+06  -0.601735E+00   0.722322E+06   0.722322E+06   0.304078E+00
   0.232256E-04   0.724060E+06   0.724060E+06   0.965341E+06   0.965338E+06   0.724480E+06   0.724079E+06   0.724060E+06   0.732410E+06  -0.601734E+00   0.722322E+06   0.722322E+06   0.335736E+00
   0.256436E-04   0.724060E+06   0.724060E+06   0.965324E+06   0.965321E+06   0.724480E+06   0.724079E+06   0.724060E+06   0.732410E+06  -0.601734E+00   0.722322E+06   0.722322E+06   0.370690E+00
   0.283134E-04   0.724060E+06   0.724059E+06   0.965304E+06   0.965300E+06   0.724479E+06   0.724078E+06   0.724060E+06   0.732409E+06  -0.601733E+00   0.722321E+06   0.722321E+06   0.409282E+00
   0.312612E-04   0.724059E+06   0.724059E+06   0.965280E+06   0.965275E+06   0.724478E+06   0.724078E+06   0.724059E+06   0.732408E+06  -0.601733E+00   0.722321E+06   0.722321E+06   0.451892E+00
   0.345158E-04   0.724058E+06   0.724058E+06   0.965250E+06   0.965244E+06   0.724477E+06   0.724077E+06   0.724058E+06   0.732408E+06  -0.601732E+00   0.722320E+06   0.722320E+06   0.498939E+00
   0.381093E-04   0.724058E+06   0.724057E+06   0.965214E+06   0.965206E+06   0.724476E+06   0.724076E+06   0.724058E+06   0.732406E+06  -0.601731E+00   0.722319E+06   0.722319E+06   0.550882E+00
   0.420769E-04   0.724057E+06   0.724056E+06   0.965170E+06   0.965160E+06   0.724474E+06   0.724076E+06   0.724057E+06   0.732405E+06  -0.601730E+00   0.722318E+06   0.722318E+06   0.608234E+00
   0.464576E-04   0.724056E+06   0.724055E+06   0.965116E+06   0.965104E+06   0.724473E+06   0.724074E+06   0.724056E+06   0.732403E+06  -0.601728E+00   0.722317E+06   0.722317E+06   0.671555E+00
   0.512944E-04   0.724054E+06   0.724054E+06   0.965050E+06   0.965036E+06   0.724470E+06   0.724073E+06   0.724054E+06   0.732401E+06  -0.601727E+00   0.722316E+06   0.722316E+06   0.741468E+00
   0.566347E-04   0.724052E+06   0.724052E+06   0.964970E+06   0.964953E+06   0.724468E+06   0.724071E+06   0.724052E+06   0.732399E+06  -0.601724E+00   0.722314E+06   0.722314E+06   0.818659E+00
   0.625311E-04   0.724050E+06   0.724050E+06   0.964873E+06   0.964852E+06   0.724464E+06   0.724069E+06   0.724050E+06   0.732396E+06  -0.601722E+00   0.722312E+06   0.722312E+06   0.903884E+00
   0.690413E-04   0.724048E+06   0.724047E+06   0.964754E+06   0.964728E+06   0.724460E+06   0.724066E+06   0.724048E+06   0.732392E+06  -0.601719E+00   0.722310E+06   0.722310E+06   0.997980E+00
   0.762293E-04   0.724045E+06   0.724044E+06   0.964609E+06   0.964578E+06   0.724456E+06   0.724063E+06   0.724045E+06   0.732388E+06  -0.601715E+00   0.722306E+06   0.722306E+06   0.110187E+01
   0.841656E-04   0.724041E+06   0.724040E+06   0.964432E+06   0.964394E+06   0.724450E+06   0.724059E+06   0.724041E+06   0.732382E+06  -0.601710E+00   0.722303E+06   0.722303E+06   0.121657E+01
   0.929282E-04   0.724036E+06   0.724036E+06   0.964217E+06   0.964171E+06   0.724443E+06   0.724055E+06   0.724036E+06   0.732376E+06  -0.601704E+00   0.722298E+06   0.722298E+06   0.134321E+01
   0.102603E-03   0.724031E+06   0.724030E+06   0.963955E+06   0.963898E+06   0.724434E+06   0.724049E+06   0.724031E+06   0.732368E+06  -0.601697E+00   0.722293E+06   0.722293E+06   0.148302E+01
   0.113285E-03   0.724024E+06   0.724023E+06   0.963635E+06   0.963566E+06   0.724423E+06   0.724042E+06   0.724024E+06   0.732358E+06  -0.601689E+00   0.722286E+06   0.722286E+06   0.163739E+01
   0.125080E-03   0.724016E+06   0.724014E+06   0.963245E+06   0.963161E+06   0.724410E+06   0.724033E+06   0.724016E+06   0.732346E+06  -0.601679E+00   0.722278E+06   0.722278E+06   0.180780E+01
   0.138102E-03   0.724006E+06   0.724004E+06   0.962770E+06   0.962668E+06   0.724394E+06   0.724023E+06   0.724006E+06   0.732332E+06  -0.601666E+00   0.722268E+06   0.722267E+06   0.199595E+01
   0.152480E-03   0.723994E+06   0.723991E+06   0.962192E+06   0.962067E+06   0.724375E+06   0.724010E+06   0.723993E+06   0.732314E+06  -0.601651E+00   0.722255E+06   0.722255E+06   0.220366E+01
   0.168355E-03   0.723979E+06   0.723976E+06   0.961487E+06   0.961335E+06   0.724351E+06   0.723995E+06   0.723978E+06   0.732292E+06  -0.601632E+00   0.722240E+06   0.722240E+06   0.243296E+01
   0.185882E-03   0.723960E+06   0.723957E+06   0.960628E+06   0.960443E+06   0.724322E+06   0.723976E+06   0.723960E+06   0.732266E+06  -0.601609E+00   0.722222E+06   0.722222E+06   0.268608E+01
   0.205235E-03   0.723938E+06   0.723934E+06   0.959582E+06   0.959356E+06   0.724287E+06   0.723953E+06   0.723938E+06   0.732234E+06  -0.601581E+00   0.722200E+06   0.722200E+06   0.296551E+01
   0.226602E-03   0.723911E+06   0.723906E+06   0.958308E+06   0.958034E+06   0.724244E+06   0.723926E+06   0.723910E+06   0.732195E+06  -0.601547E+00   0.722173E+06   0.722172E+06   0.327394E+01
   0.250194E-03   0.723878E+06   0.723872E+06   0.956758E+06   0.956424E+06   0.724192E+06   0.723892E+06   0.723877E+06   0.732148E+06  -0.601506E+00   0.722140E+06   0.722139E+06   0.361439E+01
   0.276242E-03   0.723838E+06   0.723831E+06   0.954870E+06   0.954464E+06   0.724128E+06   0.723850E+06   0.723837E+06   0.732090E+06  -0.601456E+00   0.722100E+06   0.722099E+06   0.399013E+01
   0.305002E-03   0.723789E+06   0.723780E+06   0.952574E+06   0.952080E+06   0.724050E+06   0.723800E+06   0.723788E+06   0.732019E+06  -0.601394E+00   0.722051E+06   0.722050E+06   0.440480E+01
   0.336756E-03   0.723730E+06   0.723719E+06   0.949781E+06   0.949181E+06   0.723956E+06   0.723738E+06   0.723728E+06   0.731933E+06  -0.601320E+00   0.721991E+06   0.721990E+06   0.486238E+01
   0.371817E-03   0.723657E+06   0.723644E+06   0.946387E+06   0.945659E+06   0.723840E+06   0.723663E+06   0.723655E+06   0.731829E+06  -0.601229E+00   0.721919E+06   0.721917E+06   0.536726E+01
   0.410527E-03   0.723568E+06   0.723552E+06   0.942264E+06   0.941381E+06   0.723700E+06   0.723572E+06   0.723566E+06   0.731701E+06  -0.601118E+00   0.721830E+06   0.721828E+06   0.592424E+01
   0.453268E-03   0.723461E+06   0.723441E+06   0.937260E+06   0.936190E+06   0.723529E+06   0.723461E+06   0.723458E+06   0.731546E+06  -0.600983E+00   0.721722E+06   0.721719E+06   0.653858E+01
   0.500458E-03   0.723329E+06   0.723305E+06   0.931192E+06   0.929897E+06   0.723320E+06   0.723325E+06   0.723326E+06   0.731358E+06  -0.600819E+00   0.721591E+06   0.721587E+06   0.721604E+01
   0.552561E-03   0.723170E+06   0.723140E+06   0.923842E+06   0.922279E+06   0.723067E+06   0.723160E+06   0.723165E+06   0.731129E+06  -0.600620E+00   0.721431E+06   0.721427E+06   0.796291E+01
   0.610090E-03   0.722975E+06   0.722940E+06   0.914954E+06   0.913070E+06   0.722758E+06   0.722960E+06   0.722970E+06   0.730851E+06  -0.600378E+00   0.721236E+06   0.721231E+06   0.878602E+01
   0.673607E-03   0.722739E+06   0.722695E+06   0.904223E+06   0.901958E+06   0.722382E+06   0.722716E+06   0.722732E+06   0.730513E+06  -0.600084E+00   0.720999E+06   0.720993E+06   0.969282E+01
   0.743737E-03   0.722451E+06   0.722398E+06   0.891295E+06   0.888581E+06   0.721924E+06   0.722419E+06   0.722443E+06   0.730104E+06  -0.599728E+00   0.720711E+06   0.720703E+06   0.106913E+02
   0.821169E-03   0.722102E+06   0.722037E+06   0.875761E+06   0.872522E+06   0.721368E+06   0.722059E+06   0.722091E+06   0.729608E+06  -0.599295E+00   0.720360E+06   0.720351E+06   0.117902E+02
   0.906662E-03   0.721678E+06   0.721599E+06   0.857155E+06   0.853308E+06   0.720692E+06   0.721621E+06   0.721665E+06   0.729008E+06  -0.598772E+00   0.719934E+06   0.719923E+06   0.129987E+02
   0.100106E-02   0.721163E+06   0.721067E+06   0.834959E+06   0.830414E+06   0.719871E+06   0.721090E+06   0.721147E+06   0.728283E+06  -0.598139E+00   0.719416E+06   0.719403E+06   0.143266E+02
   0.110528E-02   0.720539E+06   0.720422E+06   0.808606E+06   0.803277E+06   0.718874E+06   0.720446E+06   0.720520E+06   0.727410E+06  -0.597376E+00   0.718788E+06   0.718773E+06   0.157843E+02
   0.122035E-02   0.719783E+06   0.719641E+06   0.777502E+06   0.771310E+06   0.717666E+06   0.719666E+06   0.719760E+06   0.726359E+06  -0.596457E+00   0.718027E+06   0.718008E+06   0.173826E+02
   0.134740E-02   0.718870E+06   0.718697E+06   0.741059E+06   0.733944E+06   0.716180E+06   0.718722E+06   0.718842E+06   0.725098E+06  -0.595354E+00   0.717105E+06   0.717082E+06   0.191326E+02
   0.148768E-02   0.717769E+06   0.717557E+06   0.698743E+06   0.690681E+06   0.714380E+06   0.717584E+06   0.717735E+06   0.723592E+06  -0.594033E+00   0.715990E+06   0.715962E+06   0.210456E+02
   0.164257E-02   0.716442E+06   0.716184E+06   0.650150E+06   0.641179E+06   0.712219E+06   0.716212E+06   0.716400E+06   0.721798E+06  -0.592458E+00   0.714645E+06   0.714610E+06   0.231326E+02
   0.181358E-02   0.714848E+06   0.714534E+06   0.595119E+06   0.585360E+06   0.709624E+06   0.714564E+06   0.714797E+06   0.719674E+06  -0.590588E+00   0.713024E+06   0.712983E+06   0.254044E+02
   0.200239E-02   0.712939E+06   0.712557E+06   0.533864E+06   0.523558E+06   0.706514E+06   0.712590E+06   0.712877E+06   0.717169E+06  -0.588379E+00   0.711078E+06   0.711028E+06   0.278712E+02
   0.221086E-02   0.710660E+06   0.710195E+06   0.467145E+06   0.456682E+06   0.702790E+06   0.710234E+06   0.710585E+06   0.714237E+06  -0.585788E+00   0.708748E+06   0.708687E+06   0.305420E+02
   0.244104E-02   0.707952E+06   0.707386E+06   0.396446E+06   0.386382E+06   0.698347E+06   0.707432E+06   0.707860E+06   0.710826E+06  -0.582768E+00   0.705969E+06   0.705895E+06   0.334247E+02
   0.269518E-02   0.704749E+06   0.704061E+06   0.324117E+06   0.315165E+06   0.693064E+06   0.704116E+06   0.704638E+06   0.706889E+06  -0.579277E+00   0.702668E+06   0.702579E+06   0.365259E+02
   0.297578E-02   0.700982E+06   0.700146E+06   0.253424E+06   0.246387E+06   0.686810E+06   0.700215E+06   0.700847E+06   0.702383E+06  -0.575277E+00   0.698768E+06   0.698661E+06   0.398511E+02
   0.328559E-02   0.696580E+06   0.695565E+06   0.188385E+06   0.184017E+06   0.679444E+06   0.695651E+06   0.696416E+06   0.697265E+06  -0.570737E+00   0.694190E+06   0.694061E+06   0.434050E+02
   0.362766E-02   0.691471E+06   0.690238E+06   0.133287E+06   0.132062E+06   0.670819E+06   0.690350E+06   0.691272E+06   0.691497E+06  -0.565634E+00   0.688854E+06   0.688699E+06   0.471929E+02
   0.400534E-02   0.685586E+06   0.684090E+06   0.917921E+05   0.936124E+05   0.660786E+06   0.684237E+06   0.685344E+06   0.685034E+06  -0.559950E+00   0.682683E+06   0.682497E+06   0.512217E+02
   0.442234E-02   0.678859E+06   0.677046E+06   0.656905E+05   0.696440E+05   0.649199E+06   0.677243E+06   0.678566E+06   0.677820E+06  -0.553666E+00   0.675611E+06   0.675388E+06   0.555012E+02
   0.488276E-02   0.671232E+06   0.669035E+06   0.536593E+05   0.580240E+05   0.635923E+06   0.669302E+06   0.670877E+06   0.669777E+06  -0.546752E+00   0.667581E+06   0.667315E+06   0.600453E+02
   0.539111E-02   0.662647E+06   0.659990E+06   0.507607E+05   0.534980E+05   0.620840E+06   0.660353E+06   0.662217E+06   0.660798E+06  -0.539155E+00   0.658548E+06   0.658231E+06   0.648709E+02
   0.595239E-02   0.653049E+06   0.649839E+06   0.496496E+05   0.494479E+05   0.603855E+06   0.650336E+06   0.652530E+06   0.650764E+06  -0.530797E+00   0.648472E+06   0.648094E+06   0.699947E+02
   0.657210E-02   0.642378E+06   0.638506E+06   0.439383E+05   0.413403E+05   0.584906E+06   0.639190E+06   0.641752E+06   0.639563E+06  -0.521575E+00   0.637313E+06   0.636863E+06   0.754276E+02
   0.725633E-02   0.630571E+06   0.625907E+06   0.324045E+05   0.298871E+05   0.563980E+06   0.626850E+06   0.629817E+06   0.627123E+06  -0.511391E+00   0.625014E+06   0.624480E+06   0.811687E+02
   0.801180E-02   0.617559E+06   0.611952E+06   0.203623E+05   0.203728E+05   0.541120E+06   0.613249E+06   0.616653E+06   0.613425E+06  -0.500172E+00   0.611507E+06   0.610873E+06   0.872019E+02
   0.884592E-02   0.603279E+06   0.596554E+06   0.146562E+05   0.167166E+05   0.516445E+06   0.598328E+06   0.602192E+06   0.598460E+06  -0.487891E+00   0.596713E+06   0.595963E+06   0.934963E+02
   0.976688E-02   0.587675E+06   0.579631E+06   0.151412E+05   0.145037E+05   0.490154E+06   0.582039E+06   0.586375E+06   0.582168E+06  -0.474534E+00   0.580567E+06   0.579681E+06   0.100009E+03
   0.107837E-01   0.570704E+06   0.561111E+06   0.141204E+05   0.115339E+05   0.462508E+06   0.564348E+06   0.569154E+06   0.564463E+06  -0.460061E+00   0.563045E+06   0.562002E+06   0.106677E+03
   0.119064E-01   0.552334E+06   0.540936E+06   0.871779E+04   0.913946E+04   0.433800E+06   0.545233E+06   0.550492E+06   0.545310E+06  -0.444434E+00   0.544124E+06   0.542900E+06   0.113407E+03
   0.131460E-01   0.532545E+06   0.519063E+06   0.605485E+04   0.721209E+04   0.404320E+06   0.524686E+06   0.530366E+06   0.524741E+06  -0.427642E+00   0.523788E+06   0.522358E+06   0.120058E+03
   0.145147E-01   0.511336E+06   0.495471E+06   0.675944E+04   0.566487E+04   0.374339E+06   0.502714E+06   0.508772E+06   0.502769E+06  -0.409705E+00   0.502040E+06   0.500376E+06   0.126449E+03
   0.160258E-01   0.488729E+06   0.470180E+06   0.421285E+04   0.442809E+04   0.344120E+06   0.479349E+06   0.485731E+06   0.479386E+06  -0.390641E+00   0.478910E+06   0.476988E+06   0.132343E+03
   0.176943E-01   0.464773E+06   0.443252E+06   0.327777E+04   0.344243E+04   0.313971E+06   0.454656E+06   0.461295E+06   0.454685E+06  -0.370497E+00   0.454459E+06   0.452254E+06   0.137433E+03
   0.195365E-01   0.439555E+06   0.414819E+06   0.296334E+04   0.266026E+04   0.284266E+06   0.428740E+06   0.435558E+06   0.428765E+06  -0.349364E+00   0.428781E+06   0.426278E+06   0.141346E+03
   0.215705E-01   0.413212E+06   0.385101E+06   0.184759E+04   0.204275E+04   0.255380E+06   0.401761E+06   0.408669E+06   0.401778E+06  -0.327367E+00   0.402033E+06   0.399224E+06   0.143637E+03
   0.238162E-01   0.385942E+06   0.354438E+06   0.164113E+04   0.155773E+04   0.227506E+06   0.373940E+06   0.380851E+06   0.373954E+06  -0.304689E+00   0.374430E+06   0.371325E+06   0.143809E+03
   0.262957E-01   0.358022E+06   0.323312E+06   0.126577E+04   0.117927E+04   0.200594E+06   0.345571E+06   0.352412E+06   0.345581E+06  -0.281566E+00   0.346265E+06   0.342896E+06   0.141334E+03
   0.290334E-01   0.330043E+06   0.292594E+06   0.758288E+03   0.886414E+03   0.173250E+06   0.317198E+06   0.323991E+06   0.317205E+06  -0.258443E+00   0.318111E+06   0.314538E+06   0.135724E+03
   0.320561E-01   0.302057E+06   0.262684E+06   0.658271E+03   0.661576E+03   0.148564E+06   0.289064E+06   0.295694E+06   0.289069E+06  -0.235515E+00   0.290126E+06   0.286447E+06   0.126593E+03
   0.353936E-01   0.274877E+06   0.234784E+06   0.555638E+03   0.491144E+03   0.126386E+06   0.261998E+06   0.268397E+06   0.262002E+06  -0.213460E+00   0.263156E+06   0.259504E+06   0.113813E+03
   0.390784E-01   0.249138E+06   0.209895E+06   0.430286E+03   0.363451E+03   0.106897E+06   0.236672E+06   0.242796E+06   0.236675E+06  -0.192823E+00   0.237877E+06   0.234418E+06   0.976407E+02
   0.431470E-01   0.225599E+06   0.189015E+06   0.346540E+03   0.269070E+03   0.899540E+05   0.213840E+06   0.219687E+06   0.213843E+06  -0.174220E+00   0.215052E+06   0.211966E+06   0.788859E+02
   0.474616E-01   0.205386E+06   0.173047E+06   0.202227E+03   0.202170E+03   0.759896E+05   0.194564E+06   0.200160E+06   0.194566E+06  -0.158513E+00   0.195743E+06   0.193172E+06   0.597455E+02
   0.517763E-01   0.189329E+06   0.161994E+06   0.156722E+03   0.156678E+03   0.652819E+05   0.179520E+06   0.184911E+06   0.179522E+06  -0.146256E+00   0.180646E+06   0.178635E+06   0.428595E+02
   0.560910E-01   0.176207E+06   0.153903E+06   0.124492E+03   0.124456E+03   0.569390E+05   0.167390E+06   0.172603E+06   0.167391E+06  -0.136372E+00   0.168458E+06   0.166971E+06   0.292362E+02
   0.604057E-01   0.165102E+06   0.147234E+06   0.100762E+03   0.100733E+03   0.500820E+05   0.157161E+06   0.162214E+06   0.157162E+06  -0.128038E+00   0.158180E+06   0.157123E+06   0.193017E+02
   0.647204E-01   0.155346E+06   0.140888E+06   0.826915E+02   0.826678E+02   0.442519E+05   0.148108E+06   0.153010E+06   0.148109E+06  -0.120662E+00   0.149093E+06   0.148333E+06   0.129652E+02
   0.690351E-01   0.146308E+06   0.134030E+06   0.684617E+02   0.684421E+02   0.392079E+05   0.139587E+06   0.144324E+06   0.139588E+06  -0.113720E+00   0.140550E+06   0.139941E+06   0.974022E+01
   0.733498E-01   0.137576E+06   0.126271E+06   0.569566E+02   0.569403E+02   0.347306E+05   0.131196E+06   0.135749E+06   0.131197E+06  -0.106883E+00   0.132149E+06   0.131558E+06   0.888993E+01
   0.776645E-01   0.128987E+06   0.117659E+06   0.475101E+02   0.474964E+02   0.306852E+05   0.122809E+06   0.127157E+06   0.122810E+06  -0.100050E+00   0.123758E+06   0.123085E+06   0.957077E+01
   0.819792E-01   0.120606E+06   0.108591E+06   0.397229E+02   0.397115E+02   0.270450E+05   0.114536E+06   0.118664E+06   0.114536E+06  -0.933098E-01   0.115484E+06   0.114669E+06   0.109654E+02
   0.862939E-01   0.112611E+06   0.996305E+05   0.333286E+02   0.333191E+02   0.238452E+05   0.106608E+06   0.110513E+06   0.106608E+06  -0.868509E-01   0.107551E+06   0.106582E+06   0.123882E+02
   0.906086E-01   0.105182E+06   0.913159E+05   0.281114E+02   0.281034E+02   0.210618E+05   0.992512E+05   0.102941E+06   0.992515E+05  -0.808577E-01   0.100185E+06   0.990883E+05   0.133518E+02
   0.959689E-01   0.969478E+05   0.825029E+05   0.229899E+02   0.229833E+02   0.181455E+05   0.911673E+05   0.946133E+05   0.911675E+05  -0.742718E-01   0.920782E+05   0.909012E+05   0.135286E+02
   0.101329E+00   0.899887E+05   0.757941E+05   0.190886E+02   0.190831E+02   0.158015E+05   0.844549E+05   0.876947E+05   0.844550E+05  -0.688032E-01   0.853303E+05   0.841797E+05   0.125257E+02
   0.106690E+00   0.843580E+05   0.712340E+05   0.161344E+02   0.161297E+02   0.139542E+05   0.791599E+05   0.822371E+05   0.791601E+05  -0.644895E-01   0.799919E+05   0.789638E+05   0.106295E+02
   0.112050E+00   0.798874E+05   0.684096E+05   0.138747E+02   0.138707E+02   0.124841E+05   0.750786E+05   0.780325E+05   0.750787E+05  -0.611644E-01   0.758647E+05   0.750198E+05   0.831705E+01
   0.117410E+00   0.762205E+05   0.665919E+05   0.120899E+02   0.120864E+02   0.112874E+05   0.718084E+05   0.746644E+05   0.718085E+05  -0.585002E-01   0.725502E+05   0.719026E+05   0.608469E+01
   0.122770E+00   0.729652E+05   0.650104E+05   0.106140E+02   0.106110E+02   0.102550E+05   0.689115E+05   0.716796E+05   0.689116E+05  -0.561402E-01   0.696146E+05   0.691343E+05   0.431472E+01
   0.128131E+00   0.698186E+05   0.630807E+05   0.934095E+01   0.933825E+01   0.931785E+04   0.660523E+05   0.687297E+05   0.660524E+05  -0.538108E-01   0.667239E+05   0.663517E+05   0.320395E+01
   0.133491E+00   0.666079E+05   0.605040E+05   0.821227E+01   0.820989E+01   0.844669E+04   0.630449E+05   0.656214E+05   0.630449E+05  -0.513607E-01   0.636924E+05   0.633588E+05   0.275611E+01
   0.138851E+00   0.632856E+05   0.572703E+05   0.720192E+01   0.719984E+01   0.762548E+04   0.598489E+05   0.623134E+05   0.598490E+05  -0.487571E-01   0.604785E+05   0.601231E+05   0.282357E+01
   0.144212E+00   0.599045E+05   0.535976E+05   0.630268E+01   0.630086E+01   0.685725E+04   0.565407E+05   0.588853E+05   0.565407E+05  -0.460619E-01   0.571557E+05   0.567404E+05   0.317668E+01
   0.149572E+00   0.565801E+05   0.498305E+05   0.551504E+01   0.551344E+01   0.615895E+04   0.532662E+05   0.554893E+05   0.532663E+05  -0.433943E-01   0.538672E+05   0.533821E+05   0.357768E+01
   0.154932E+00   0.534553E+05   0.463362E+05   0.484006E+01   0.483866E+01   0.553950E+04   0.501973E+05   0.523048E+05   0.501973E+05  -0.408941E-01   0.507826E+05   0.502432E+05   0.383964E+01
   0.160293E+00   0.506667E+05   0.434141E+05   0.427535E+01   0.427411E+01   0.500658E+04   0.474898E+05   0.494946E+05   0.474898E+05  -0.386884E-01   0.480568E+05   0.474959E+05   0.385956E+01
   0.165653E+00   0.482950E+05   0.412153E+05   0.381165E+01   0.381055E+01   0.456198E+04   0.452316E+05   0.471509E+05   0.452317E+05  -0.368487E-01   0.457781E+05   0.452338E+05   0.362428E+01
   0.171013E+00   0.463280E+05   0.397024E+05   0.343209E+01   0.343110E+01   0.419085E+04   0.434066E+05   0.452572E+05   0.434066E+05  -0.353619E-01   0.439313E+05   0.434362E+05   0.319354E+01
   0.176373E+00   0.446771E+05   0.386892E+05   0.311635E+01   0.311545E+01   0.387763E+04   0.419144E+05   0.437094E+05   0.419144E+05  -0.341463E-01   0.424172E+05   0.419905E+05   0.266859E+01
   0.181734E+00   0.432304E+05   0.379305E+05   0.284587E+01   0.284504E+01   0.360575E+04   0.406268E+05   0.423739E+05   0.406268E+05  -0.330973E-01   0.411087E+05   0.407533E+05   0.215708E+01
   0.187094E+00   0.418837E+05   0.371940E+05   0.260624E+01   0.260548E+01   0.335932E+04   0.394239E+05   0.411258E+05   0.394239E+05  -0.321173E-01   0.398871E+05   0.395912E+05   0.174447E+01
   0.192454E+00   0.405457E+05   0.362973E+05   0.238706E+01   0.238636E+01   0.312797E+04   0.382038E+05   0.398591E+05   0.382038E+05  -0.311233E-01   0.386512E+05   0.383934E+05   0.147743E+01
   0.197815E+00   0.391523E+05   0.351391E+05   0.218207E+01   0.218144E+01   0.290582E+04   0.368995E+05   0.385037E+05   0.368995E+05  -0.300607E-01   0.373335E+05   0.370896E+05   0.136020E+01
   0.203175E+00   0.376907E+05   0.337249E+05   0.198950E+01   0.198892E+01   0.269036E+04   0.355014E+05   0.370498E+05   0.355014E+05  -0.289218E-01   0.359239E+05   0.356730E+05   0.136189E+01
   0.208535E+00   0.361989E+05   0.321527E+05   0.181083E+01   0.181031E+01   0.248573E+04   0.340552E+05   0.355450E+05   0.340552E+05  -0.277435E-01   0.344673E+05   0.341967E+05   0.143099E+01
   0.213896E+00   0.347349E+05   0.305610E+05   0.164835E+01   0.164787E+01   0.229586E+04   0.326289E+05   0.340604E+05   0.326289E+05  -0.265816E-01   0.330311E+05   0.327379E+05   0.151218E+01
   0.219256E+00   0.333513E+05   0.290789E+05   0.150346E+01   0.150302E+01   0.212282E+04   0.312847E+05   0.326609E+05   0.312847E+05  -0.254865E-01   0.316767E+05   0.313665E+05   0.156058E+01
   0.224616E+00   0.320878E+05   0.278014E+05   0.137646E+01   0.137606E+01   0.196941E+04   0.300690E+05   0.313951E+05   0.300691E+05  -0.244962E-01   0.304503E+05   0.301346E+05   0.155025E+01
   0.229977E+00   0.309685E+05   0.267758E+05   0.126655E+01   0.126618E+01   0.183511E+04   0.290085E+05   0.302909E+05   0.290086E+05  -0.236322E-01   0.293784E+05   0.290706E+05   0.147652E+01
   0.235337E+00   0.299937E+05   0.259933E+05   0.117172E+01   0.117138E+01   0.171791E+04   0.281021E+05   0.293472E+05   0.281021E+05  -0.228938E-01   0.284604E+05   0.281718E+05   0.135263E+01
   0.240697E+00   0.291387E+05   0.253953E+05   0.108909E+01   0.108877E+01   0.161503E+04   0.273207E+05   0.285338E+05   0.273207E+05  -0.222572E-01   0.276675E+05   0.274050E+05   0.120281E+01
   0.246057E+00   0.283638E+05   0.248962E+05   0.101555E+01   0.101526E+01   0.152247E+04   0.266191E+05   0.278034E+05   0.266191E+05  -0.216856E-01   0.269550E+05   0.267199E+05   0.105397E+01
   0.251418E+00   0.276281E+05   0.244105E+05   0.948427E+00   0.948151E+00   0.143656E+04   0.259512E+05   0.271081E+05   0.259512E+05  -0.211415E-01   0.262772E+05   0.260655E+05   0.928484E+00
   0.256778E+00   0.268980E+05   0.238723E+05   0.885772E+00   0.885514E+00   0.135561E+04   0.252800E+05   0.264090E+05   0.252800E+05  -0.205947E-01   0.255969E+05   0.254014E+05   0.839581E+00
   0.262138E+00   0.261532E+05   0.232473E+05   0.826465E+00   0.826225E+00   0.127758E+04   0.245837E+05   0.256835E+05   0.245837E+05  -0.200275E-01   0.248925E+05   0.247048E+05   0.789867E+00
   0.267499E+00   0.253901E+05   0.225372E+05   0.770191E+00   0.769966E+00   0.120214E+04   0.238598E+05   0.249291E+05   0.238598E+05  -0.194377E-01   0.241612E+05   0.239738E+05   0.772672E+00
   0.272859E+00   0.246204E+05   0.217730E+05   0.717191E+00   0.716982E+00   0.113020E+04   0.231224E+05   0.241602E+05   0.231224E+05  -0.188370E-01   0.234168E+05   0.232250E+05   0.775433E+00
   0.278219E+00   0.238626E+05   0.210006E+05   0.667909E+00   0.667714E+00   0.106220E+04   0.223934E+05   0.234001E+05   0.223934E+05  -0.182431E-01   0.226812E+05   0.224835E+05   0.783891E+00
   0.283580E+00   0.231360E+05   0.202660E+05   0.622719E+00   0.622538E+00   0.999141E+03   0.216955E+05   0.226722E+05   0.216955E+05  -0.176746E-01   0.219767E+05   0.217747E+05   0.785842E+00
   0.288940E+00   0.224565E+05   0.196049E+05   0.581795E+00   0.581626E+00   0.941612E+03   0.210469E+05   0.219957E+05   0.210469E+05  -0.171461E-01   0.213214E+05   0.211187E+05   0.773611E+00
   0.294300E+00   0.218334E+05   0.190360E+05   0.545050E+00   0.544891E+00   0.889392E+03   0.204579E+05   0.213813E+05   0.204579E+05  -0.166663E-01   0.207256E+05   0.205268E+05   0.744948E+00
   0.299661E+00   0.212672E+05   0.185583E+05   0.512118E+00   0.511969E+00   0.842212E+03   0.199287E+05   0.208294E+05   0.199287E+05  -0.162352E-01   0.201897E+05   0.199988E+05   0.702492E+00
   0.305021E+00   0.207498E+05   0.181529E+05   0.482422E+00   0.482281E+00   0.799576E+03   0.194500E+05   0.203301E+05   0.194500E+05  -0.158452E-01   0.197043E+05   0.195240E+05   0.652164E+00
   0.310381E+00   0.202678E+05   0.177915E+05   0.455311E+00   0.455178E+00   0.760154E+03   0.190066E+05   0.198676E+05   0.190066E+05  -0.154839E-01   0.192545E+05   0.190854E+05   0.601066E+00
   0.315741E+00   0.198073E+05   0.174446E+05   0.430195E+00   0.430070E+00   0.723370E+03   0.185827E+05   0.194255E+05   0.185827E+05  -0.151386E-01   0.188246E+05   0.186656E+05   0.555488E+00
   0.321102E+00   0.193564E+05   0.170884E+05   0.406615E+00   0.406496E+00   0.688529E+03   0.181651E+05   0.189898E+05   0.181651E+05  -0.147984E-01   0.184014E+05   0.182501E+05   0.519525E+00
   0.326462E+00   0.189068E+05   0.167089E+05   0.384267E+00   0.384155E+00   0.655072E+03   0.177451E+05   0.185516E+05   0.177451E+05  -0.144563E-01   0.179761E+05   0.178298E+05   0.494502E+00
   0.331822E+00   0.184559E+05   0.163038E+05   0.363018E+00   0.362912E+00   0.623044E+03   0.173201E+05   0.181081E+05   0.173201E+05  -0.141100E-01   0.175462E+05   0.174020E+05   0.479173E+00
   0.337183E+00   0.180061E+05   0.158816E+05   0.342871E+00   0.342771E+00   0.592390E+03   0.168935E+05   0.176628E+05   0.168935E+05  -0.137625E-01   0.171149E+05   0.169711E+05   0.470485E+00
   0.342543E+00   0.175638E+05   0.154571E+05   0.323905E+00   0.323810E+00   0.563137E+03   0.164725E+05   0.172233E+05   0.164725E+05  -0.134196E-01   0.166894E+05   0.165451E+05   0.464631E+00
   0.347903E+00   0.171357E+05   0.150465E+05   0.306199E+00   0.306110E+00   0.535661E+03   0.160652E+05   0.167981E+05   0.160652E+05  -0.130877E-01   0.162776E+05   0.161331E+05   0.458093E+00
   0.353264E+00   0.167275E+05   0.146628E+05   0.289792E+00   0.289708E+00   0.510063E+03   0.156780E+05   0.163938E+05   0.156780E+05  -0.127723E-01   0.158860E+05   0.157424E+05   0.448419E+00
   0.358624E+00   0.163425E+05   0.143133E+05   0.274662E+00   0.274582E+00   0.486205E+03   0.153148E+05   0.160146E+05   0.153148E+05  -0.124764E-01   0.155184E+05   0.153771E+05   0.434590E+00
   0.363984E+00   0.159813E+05   0.139991E+05   0.260729E+00   0.260653E+00   0.464206E+03   0.149762E+05   0.156610E+05   0.149762E+05  -0.122005E-01   0.151755E+05   0.150379E+05   0.416973E+00
   0.369344E+00   0.156420E+05   0.137152E+05   0.247867E+00   0.247795E+00   0.443705E+03   0.146597E+05   0.153306E+05   0.146597E+05  -0.119427E-01   0.148548E+05   0.147219E+05   0.396948E+00
   0.374705E+00   0.153202E+05   0.134527E+05   0.235918E+00   0.235850E+00   0.424533E+03   0.143608E+05   0.150184E+05   0.143608E+05  -0.116992E-01   0.145518E+05   0.144239E+05   0.376382E+00
   0.380065E+00   0.150112E+05   0.132014E+05   0.224731E+00   0.224666E+00   0.406551E+03   0.140737E+05   0.147187E+05   0.140737E+05  -0.114653E-01   0.142608E+05   0.141378E+05   0.357079E+00
   0.385425E+00   0.147104E+05   0.129527E+05   0.214178E+00   0.214116E+00   0.389432E+03   0.137938E+05   0.144263E+05   0.137938E+05  -0.112373E-01   0.139771E+05   0.138581E+05   0.340358E+00
   0.390786E+00   0.144149E+05   0.127009E+05   0.204168E+00   0.204109E+00   0.373032E+03   0.135176E+05   0.141379E+05   0.135176E+05  -0.110123E-01   0.136973E+05   0.135815E+05   0.326819E+00
   0.396146E+00   0.141230E+05   0.124439E+05   0.194645E+00   0.194589E+00   0.357394E+03   0.132435E+05   0.138516E+05   0.132435E+05  -0.107890E-01   0.134198E+05   0.133062E+05   0.316327E+00
   0.401506E+00   0.138346E+05   0.121832E+05   0.185585E+00   0.185531E+00   0.342383E+03   0.129718E+05   0.135678E+05   0.129718E+05  -0.105676E-01   0.131448E+05   0.130326E+05   0.308176E+00
   0.406867E+00   0.135514E+05   0.119230E+05   0.176988E+00   0.176936E+00   0.328037E+03   0.127042E+05   0.132882E+05   0.127042E+05  -0.103496E-01   0.128740E+05   0.127628E+05   0.301360E+00
   0.412227E+00   0.132756E+05   0.116687E+05   0.168867E+00   0.168818E+00   0.314453E+03   0.124435E+05   0.130159E+05   0.124435E+05  -0.101373E-01   0.126102E+05   0.125000E+05   0.294858E+00
   0.417587E+00   0.130094E+05   0.114252E+05   0.161227E+00   0.161180E+00   0.301515E+03   0.121922E+05   0.127534E+05   0.121922E+05  -0.993257E-02   0.123559E+05   0.122469E+05   0.287875E+00
   0.422948E+00   0.127539E+05   0.111952E+05   0.154058E+00   0.154013E+00   0.289357E+03   0.119516E+05   0.125020E+05   0.119516E+05  -0.973653E-02   0.121123E+05   0.120049E+05   0.279977E+00
   0.428308E+00   0.125091E+05   0.109794E+05   0.147335E+00   0.147292E+00   0.277930E+03   0.117219E+05   0.122619E+05   0.117219E+05  -0.954936E-02   0.118796E+05   0.117743E+05   0.271125E+00
   0.433668E+00   0.122749E+05   0.107769E+05   0.141025E+00   0.140984E+00   0.267109E+03   0.115026E+05   0.120328E+05   0.115026E+05  -0.937072E-02   0.116574E+05   0.115546E+05   0.261596E+00
   0.439028E+00   0.120502E+05   0.105855E+05   0.135090E+00   0.135051E+00   0.256884E+03   0.112927E+05   0.118135E+05   0.112927E+05  -0.919971E-02   0.114447E+05   0.113445E+05   0.251861E+00
   0.444389E+00   0.118333E+05   0.104018E+05   0.129488E+00   0.129450E+00   0.247214E+03   0.110903E+05   0.116020E+05   0.110903E+05  -0.903482E-02   0.112396E+05   0.111419E+05   0.242430E+00
   0.449749E+00   0.116225E+05   0.102224E+05   0.124175E+00   0.124138E+00   0.237954E+03   0.108934E+05   0.113962E+05   0.108934E+05  -0.887440E-02   0.110400E+05   0.109447E+05   0.233720E+00
   0.455109E+00   0.114162E+05   0.100448E+05   0.119118E+00   0.119083E+00   0.229140E+03   0.107005E+05   0.111946E+05   0.107005E+05  -0.871726E-02   0.108446E+05   0.107514E+05   0.225973E+00
   0.460470E+00   0.112141E+05   0.986807E+04   0.114298E+00   0.114265E+00   0.220689E+03   0.105109E+05   0.109965E+05   0.105109E+05  -0.856287E-02   0.106526E+05   0.105611E+05   0.219224E+00
   0.465830E+00   0.110158E+05   0.969233E+04   0.109701E+00   0.109669E+00   0.212543E+03   0.103247E+05   0.108019E+05   0.103247E+05  -0.841115E-02   0.104640E+05   0.103739E+05   0.213336E+00
   0.471190E+00   0.108215E+05   0.951838E+04   0.105318E+00   0.105287E+00   0.204797E+03   0.101420E+05   0.106109E+05   0.101420E+05  -0.826228E-02   0.102790E+05   0.101901E+05   0.208057E+00
   0.476551E+00   0.106316E+05   0.934759E+04   0.101144E+00   0.101114E+00   0.197372E+03   0.996324E+04   0.104241E+05   0.996324E+04  -0.811667E-02   0.100980E+05   0.100102E+05   0.203094E+00
   0.481911E+00   0.104467E+05   0.918155E+04   0.971763E-01   0.971479E-01   0.190259E+03   0.978927E+04   0.102423E+05   0.978927E+04  -0.797495E-02   0.992182E+04   0.983523E+04   0.198193E+00
   0.487271E+00   0.102675E+05   0.902158E+04   0.934113E-01   0.933841E-01   0.183498E+03   0.962076E+04   0.100661E+05   0.962076E+04  -0.783767E-02   0.975115E+04   0.966581E+04   0.193183E+00
   0.492631E+00   0.100941E+05   0.886826E+04   0.898415E-01   0.898153E-01   0.177059E+03   0.945799E+04   0.989597E+04   0.945799E+04  -0.770507E-02   0.958627E+04   0.950230E+04   0.188004E+00
   0.497992E+00   0.992634E+04   0.872137E+04   0.864550E-01   0.864298E-01   0.170913E+03   0.930076E+04   0.973161E+04   0.930076E+04  -0.757698E-02   0.942697E+04   0.934449E+04   0.182689E+00
   0.503352E+00   0.976380E+04   0.858010E+04   0.832378E-01   0.832136E-01   0.165094E+03   0.914856E+04   0.957250E+04   0.914856E+04  -0.745298E-02   0.927275E+04   0.919182E+04   0.177344E+00
   0.508712E+00   0.960593E+04   0.844345E+04   0.801763E-01   0.801530E-01   0.159493E+03   0.900083E+04   0.941806E+04   0.900083E+04  -0.733264E-02   0.912305E+04   0.904368E+04   0.172103E+00
   0.514073E+00   0.945230E+04   0.831047E+04   0.772584E-01   0.772359E-01   0.154131E+03   0.885707E+04   0.926777E+04   0.885707E+04  -0.721552E-02   0.897737E+04   0.889950E+04   0.167092E+00
   0.519433E+00   0.930243E+04   0.818029E+04   0.744726E-01   0.744509E-01   0.149025E+03   0.871676E+04   0.912108E+04   0.871676E+04  -0.710122E-02   0.883520E+04   0.875872E+04   0.162397E+00
   0.524793E+00   0.915583E+04   0.805218E+04   0.718084E-01   0.717875E-01   0.144099E+03   0.857940E+04   0.897747E+04   0.857940E+04  -0.698931E-02   0.869602E+04   0.862082E+04   0.158054E+00
   0.530154E+00   0.901216E+04   0.792580E+04   0.692575E-01   0.692373E-01   0.139369E+03   0.844466E+04   0.883659E+04   0.844466E+04  -0.687954E-02   0.855951E+04   0.848547E+04   0.154043E+00
   0.535514E+00   0.887141E+04   0.780132E+04   0.668149E-01   0.667954E-01   0.134833E+03   0.831256E+04   0.869847E+04   0.831256E+04  -0.677192E-02   0.842569E+04   0.835271E+04   0.150308E+00
   0.540874E+00   0.873380E+04   0.767922E+04   0.644777E-01   0.644589E-01   0.130461E+03   0.818334E+04   0.856337E+04   0.818334E+04  -0.666666E-02   0.829479E+04   0.822282E+04   0.146768E+00
   0.546235E+00   0.859946E+04   0.755997E+04   0.622428E-01   0.622246E-01   0.126275E+03   0.805720E+04   0.843147E+04   0.805720E+04  -0.656390E-02   0.816700E+04   0.809602E+04   0.143346E+00
   0.551595E+00   0.846842E+04   0.744383E+04   0.601059E-01   0.600884E-01   0.122276E+03   0.793418E+04   0.830283E+04   0.793418E+04  -0.646368E-02   0.804238E+04   0.797238E+04   0.139980E+00
   0.556955E+00   0.834064E+04   0.733097E+04   0.580628E-01   0.580458E-01   0.118400E+03   0.781429E+04   0.817747E+04   0.781429E+04  -0.636601E-02   0.792091E+04   0.785192E+04   0.136636E+00
   0.562315E+00   0.821620E+04   0.722150E+04   0.561097E-01   0.560934E-01   0.114708E+03   0.769760E+04   0.805544E+04   0.769760E+04  -0.627094E-02   0.780267E+04   0.773471E+04   0.133306E+00
   0.567676E+00   0.809505E+04   0.711534E+04   0.542425E-01   0.542267E-01   0.111172E+03   0.758406E+04   0.793672E+04   0.758406E+04  -0.617845E-02   0.768762E+04   0.762072E+04   0.130008E+00
   0.573036E+00   0.797699E+04   0.701216E+04   0.524557E-01   0.524404E-01   0.107763E+03   0.747347E+04   0.782107E+04   0.747347E+04  -0.608835E-02   0.757555E+04   0.750970E+04   0.126773E+00
   0.578396E+00   0.786170E+04   0.691148E+04   0.507435E-01   0.507287E-01   0.104497E+03   0.736548E+04   0.770814E+04   0.736548E+04  -0.600038E-02   0.746612E+04   0.740129E+04   0.123634E+00
   0.629654E+00   0.687642E+04   0.604503E+04   0.374443E-01   0.374334E-01   0.787165E+02   0.644178E+04   0.674206E+04   0.644178E+04  -0.524787E-02   0.653012E+04   0.647338E+04   0.993876E-01
   0.769061E+00   0.499855E+04   0.439474E+04   0.182391E-01   0.182338E-01   0.399784E+02   0.468191E+04   0.490097E+04   0.468191E+04  -0.381417E-02   0.474654E+04   0.470538E+04   0.590365E-01
   0.939334E+00   0.361573E+04   0.317908E+04   0.884156E-02   0.883898E-02   0.200299E+02   0.338631E+04   0.354517E+04   0.338631E+04  -0.275869E-02   0.343327E+04   0.340352E+04   0.349352E-01
   0.114731E+01   0.260418E+04   0.228975E+04   0.426786E-02   0.426661E-02   0.991880E+01   0.243875E+04   0.255337E+04   0.243875E+04  -0.198675E-02   0.247268E+04   0.245127E+04   0.205889E-01
   0.140132E+01   0.186824E+04   0.164270E+04   0.205210E-02   0.205150E-02   0.486191E+01   0.174946E+04   0.183179E+04   0.174946E+04  -0.142522E-02   0.177386E+04   0.175850E+04   0.120881E-01
   0.171158E+01   0.133538E+04   0.117420E+04   0.983148E-03   0.982861E-03   0.236206E+01   0.125044E+04   0.130933E+04   0.125044E+04  -0.101868E-02   0.126790E+04   0.125693E+04   0.707229E-02
   0.209053E+01   0.951367E+03   0.836545E+03   0.469482E-03   0.469345E-03   0.113958E+01   0.890825E+03   0.932811E+03   0.890825E+03  -0.725721E-03   0.903283E+03   0.895465E+03   0.412490E-02
   0.255338E+01   0.675694E+03   0.594150E+03   0.223504E-03   0.223439E-03   0.546410E+00   0.632685E+03   0.662516E+03   0.632685E+03  -0.515424E-03   0.641539E+03   0.635986E+03   0.239895E-02
   0.311870E+01   0.478540E+03   0.420792E+03   0.106102E-03   0.106071E-03   0.260642E+00   0.448075E+03   0.469208E+03   0.448075E+03  -0.365029E-03   0.454349E+03   0.450414E+03   0.139164E-02
   0.380919E+01   0.338059E+03   0.297265E+03   0.502427E-04   0.502281E-04   0.123861E+00   0.316535E+03   0.331467E+03   0.316535E+03  -0.257869E-03   0.320969E+03   0.318186E+03   0.805608E-03
   0.465255E+01   0.238262E+03   0.209509E+03   0.237362E-04   0.237293E-04   0.586569E-01   0.223090E+03   0.233615E+03   0.223090E+03  -0.181743E-03   0.226216E+03   0.224252E+03   0.465554E-03
   0.568264E+01   0.167550E+03   0.147328E+03   0.111886E-04   0.111854E-04   0.276840E-01   0.156880E+03   0.164282E+03   0.156880E+03  -0.127804E-03   0.159078E+03   0.157694E+03   0.268673E-03
   0.694079E+01   0.117588E+03   0.103394E+03   0.526348E-05   0.526194E-05   0.130447E-01   0.110099E+03   0.115294E+03   0.110099E+03  -0.896937E-04   0.111643E+03   0.110668E+03   0.154941E-03
   0.847750E+01   0.823691E+02   0.724229E+02   0.247143E-05   0.247070E-05   0.612725E-02   0.771225E+02   0.807617E+02   0.771225E+02  -0.628287E-04   0.782039E+02   0.775172E+02   0.893533E-04
   0.103544E+02   0.575979E+02   0.506392E+02   0.115841E-05   0.115807E-05   0.287412E-02   0.539285E+02   0.564733E+02   0.539285E+02  -0.439335E-04   0.546850E+02   0.542008E+02   0.515823E-04
   0.126469E+02   0.402108E+02   0.353487E+02   0.542082E-06   0.541924E-06   0.134553E-02   0.376484E+02   0.394250E+02   0.376484E+02  -0.306707E-04   0.381768E+02   0.378346E+02   0.298500E-04
   0.154470E+02   0.280297E+02   0.246363E+02   0.253280E-06   0.253207E-06   0.628040E-03   0.262429E+02   0.274813E+02   0.262429E+02  -0.213791E-04   0.266115E+02   0.263686E+02   0.173493E-04
   0.188670E+02   0.195110E+02   0.171444E+02   0.118171E-06   0.118137E-06   0.293553E-03   0.182665E+02   0.191285E+02   0.182665E+02  -0.148810E-04   0.185234E+02   0.183497E+02   0.101548E-04
   0.230442E+02   0.135632E+02   0.119134E+02   0.550591E-07   0.550430E-07   0.136823E-03   0.126974E+02   0.132966E+02   0.126974E+02  -0.103441E-04   0.128763E+02   0.127508E+02   0.600684E-05
   0.281463E+02   0.941680E+01   0.826651E+01   0.256200E-07   0.256125E-07   0.635966E-04   0.881492E+01   0.923090E+01   0.881492E+01  -0.718117E-05   0.893947E+01   0.884743E+01   0.360729E-05
   0.343780E+02   0.653020E+01   0.572748E+01   0.119063E-07   0.119028E-07   0.295774E-04   0.611204E+01   0.640048E+01   0.611204E+01  -0.497925E-05   0.619876E+01   0.612984E+01   0.221128E-05
   0.419893E+02   0.452336E+01   0.396212E+01   0.552626E-08   0.552465E-08   0.137022E-04   0.423291E+01   0.443266E+01   0.423291E+01  -0.344839E-05   0.429333E+01   0.424034E+01   0.139195E-05
   0.512859E+02   0.312987E+01   0.273616E+01   0.256175E-08   0.256100E-08   0.635406E-05   0.292807E+01   0.306624E+01   0.292807E+01  -0.238538E-05   0.297024E+01   0.292817E+01   0.904791E-06
   0.626408E+02   0.216340E+01   0.188574E+01   0.118596E-08   0.118561E-08   0.295054E-05   0.202306E+01   0.211853E+01   0.202306E+01  -0.164811E-05   0.205259E+01   0.201796E+01   0.609787E-06
   0.765096E+02   0.149382E+01   0.129643E+01   0.548250E-09   0.548091E-09   0.136140E-05   0.139604E+01   0.146192E+01   0.139604E+01  -0.113730E-05   0.141682E+01   0.138722E+01   0.426676E-06
   0.934490E+02   0.103041E+01   0.888452E+00   0.253033E-09   0.252960E-09   0.629690E-06   0.962066E+00   0.100747E+01   0.962066E+00  -0.783758E-06   0.976790E+00   0.950580E+00   0.309375E-06
   0.114139E+03   0.709985E+00   0.606275E+00   0.116554E-09   0.116520E-09   0.289817E-06   0.661985E+00   0.693225E+00   0.661985E+00  -0.539294E-06   0.672530E+00   0.648594E+00   0.231322E-06
