#          k/h    CDM            baryon         photon         nu             mass_nu        total          no_nu          total_de       Weyl           v_CDM          v_b            v_b-v_c     
   0.105163E-04   0.521940E+06   0.521940E+06   0.695913E+06   0.695913E+06   0.522457E+06   0.521964E+06   0.521940E+06   0.530242E+06  -0.602293E+00   0.520401E+06   0.520401E+06   0.201681E+00
   0.116112E-04   0.521940E+06   0.521940E+06   0.695911E+06   0.695911E+06   0.522457E+06   0.521964E+06   0.521940E+06   0.530242E+06  -0.602293E+00   0.520401E+06   0.520401E+06   0.222678E+00
   0.128200E-04   0.521940E+06   0.521940E+06   0.695909E+06   0.695909E+06   0.522457E+06   0.521964E+06   0.521940E+06   0.530242E+06  -0.602293E+00   0.520401E+06   0.520401E+06   0.245861E+00
   0.141547E-04   0.521940E+06   0.521940E+06   0.695907E+06   0.695906E+06   0.522457E+06   0.521964E+06   0.521940E+06   0.530242E+06  -0.602293E+00   0.520401E+06   0.520401E+06   0.271458E+00
   0.156284E-04   0.521940E+06   0.521940E+06   0.695904E+06   0.695903E+06   0.522457E+06   0.521963E+06   0.521940E+06   0.530242E+06  -0.602293E+00   0.520401E+06   0.520401E+06   0.299720E+00
   0.172555E-04   0.521940E+06   0.521940E+06   0.695900E+06   0.695899E+06   0.522457E+06   0.521963E+06   0.521940E+06   0.530242E+06  -0.602293E+00   0.520401E+06   0.520401E+06   0.330924E+00
   0.190520E-04   0.521940E+06   0.521940E+06   0.695895E+06   0.695894E+06   0.522457E+06   0.521963E+06   0.521940E+06   0.530242E+06  -0.602293E+00   0.520401E+06   0.520401E+06   0.365377E+00
   0.210355E-04   0.521940E+06   0.521940E+06   0.695890E+06   0.695888E+06   0.522456E+06   0.521963E+06   0.521940E+06   0.530241E+06  -0.602292E+00   0.520400E+06   0.520400E+06   0.403417E+00
   0.232256E-04   0.521940E+06   0.521940E+06   0.695883E+06   0.695881E+06   0.522456E+06   0.521963E+06   0.521940E+06   0.530241E+06  -0.602292E+00   0.520400E+06   0.520400E+06   0.445417E+00
   0.256436E-04   0.521939E+06   0.521939E+06   0.695875E+06   0.695872E+06   0.522456E+06   0.521963E+06   0.521939E+06   0.530241E+06  -0.602292E+00   0.520400E+06   0.520400E+06   0.491790E+00
   0.283134E-04   0.521939E+06   0.521939E+06   0.695865E+06   0.695862E+06   0.522455E+06   0.521962E+06   0.521939E+06   0.530240E+06  -0.602291E+00   0.520400E+06   0.520400E+06   0.542990E+00
   0.312612E-04   0.521939E+06   0.521939E+06   0.695853E+06   0.695849E+06   0.522455E+06   0.521962E+06   0.521939E+06   0.530240E+06  -0.602291E+00   0.520400E+06   0.520400E+06   0.599521E+00
   0.345158E-04   0.521938E+06   0.521938E+06   0.695838E+06   0.695833E+06   0.522454E+06   0.521962E+06   0.521938E+06   0.530239E+06  -0.602290E+00   0.520399E+06   0.520399E+06   0.661937E+00
   0.381093E-04   0.521938E+06   0.521938E+06   0.695820E+06   0.695814E+06   0.522453E+06   0.521961E+06   0.521938E+06   0.530239E+06  -0.602289E+00   0.520399E+06   0.520399E+06   0.730851E+00
   0.420769E-04   0.521937E+06   0.521937E+06   0.695797E+06   0.695791E+06   0.522452E+06   0.521961E+06   0.521937E+06   0.530238E+06  -0.602288E+00   0.520398E+06   0.520398E+06   0.806939E+00
   0.464576E-04   0.521937E+06   0.521936E+06   0.695770E+06   0.695762E+06   0.522451E+06   0.521960E+06   0.521937E+06   0.530237E+06  -0.602287E+00   0.520397E+06   0.520397E+06   0.890948E+00
   0.512944E-04   0.521936E+06   0.521936E+06   0.695737E+06   0.695728E+06   0.522449E+06   0.521959E+06   0.521936E+06   0.530236E+06  -0.602285E+00   0.520396E+06   0.520396E+06   0.983702E+00
   0.566347E-04   0.521935E+06   0.521934E+06   0.695697E+06   0.695685E+06   0.522447E+06   0.521958E+06   0.521935E+06   0.530234E+06  -0.602283E+00   0.520395E+06   0.520395E+06   0.108611E+01
   0.625311E-04   0.521933E+06   0.521933E+06   0.695648E+06   0.695634E+06   0.522445E+06   0.521956E+06   0.521933E+06   0.530232E+06  -0.602281E+00   0.520394E+06   0.520394E+06   0.119918E+01
   0.690413E-04   0.521932E+06   0.521931E+06   0.695588E+06   0.695571E+06   0.522442E+06   0.521955E+06   0.521932E+06   0.530230E+06  -0.602278E+00   0.520393E+06   0.520393E+06   0.132402E+01
   0.762293E-04   0.521930E+06   0.521930E+06   0.695516E+06   0.695494E+06   0.522439E+06   0.521953E+06   0.521930E+06   0.530227E+06  -0.602275E+00   0.520391E+06   0.520391E+06   0.146186E+01
   0.841656E-04   0.521928E+06   0.521927E+06   0.695427E+06   0.695401E+06   0.522435E+06   0.521950E+06   0.521928E+06   0.530223E+06  -0.602271E+00   0.520388E+06   0.520388E+06   0.161404E+01
   0.929282E-04   0.521925E+06   0.521924E+06   0.695319E+06   0.695287E+06   0.522430E+06   0.521948E+06   0.521925E+06   0.530219E+06  -0.602266E+00   0.520386E+06   0.520385E+06   0.178206E+01
   0.102603E-03   0.521921E+06   0.521921E+06   0.695187E+06   0.695148E+06   0.522424E+06   0.521944E+06   0.521921E+06   0.530214E+06  -0.602259E+00   0.520382E+06   0.520382E+06   0.196757E+01
   0.113285E-03   0.521917E+06   0.521916E+06   0.695026E+06   0.694979E+06   0.522416E+06   0.521940E+06   0.521917E+06   0.530208E+06  -0.602252E+00   0.520378E+06   0.520378E+06   0.217238E+01
   0.125080E-03   0.521912E+06   0.521911E+06   0.694831E+06   0.694773E+06   0.522407E+06   0.521934E+06   0.521912E+06   0.530200E+06  -0.602243E+00   0.520373E+06   0.520373E+06   0.239850E+01
   0.138102E-03   0.521906E+06   0.521904E+06   0.694592E+06   0.694522E+06   0.522396E+06   0.521928E+06   0.521906E+06   0.530191E+06  -0.602231E+00   0.520367E+06   0.520366E+06   0.264814E+01
   0.152480E-03   0.521898E+06   0.521896E+06   0.694302E+06   0.694216E+06   0.522383E+06   0.521920E+06   0.521898E+06   0.530179E+06  -0.602218E+00   0.520359E+06   0.520359E+06   0.292375E+01
   0.168355E-03   0.521889E+06   0.521887E+06   0.693947E+06   0.693843E+06   0.522366E+06   0.521910E+06   0.521889E+06   0.530165E+06  -0.602201E+00   0.520350E+06   0.520349E+06   0.322803E+01
   0.185882E-03   0.521878E+06   0.521875E+06   0.693516E+06   0.693388E+06   0.522346E+06   0.521899E+06   0.521878E+06   0.530148E+06  -0.602181E+00   0.520338E+06   0.520338E+06   0.356395E+01
   0.205235E-03   0.521864E+06   0.521860E+06   0.692990E+06   0.692834E+06   0.522322E+06   0.521884E+06   0.521864E+06   0.530128E+06  -0.602156E+00   0.520325E+06   0.520324E+06   0.393478E+01
   0.226602E-03   0.521848E+06   0.521843E+06   0.692349E+06   0.692160E+06   0.522292E+06   0.521867E+06   0.521847E+06   0.530103E+06  -0.602126E+00   0.520308E+06   0.520307E+06   0.434414E+01
   0.250194E-03   0.521827E+06   0.521822E+06   0.691569E+06   0.691339E+06   0.522256E+06   0.521846E+06   0.521826E+06   0.530072E+06  -0.602089E+00   0.520287E+06   0.520286E+06   0.479603E+01
   0.276242E-03   0.521802E+06   0.521796E+06   0.690619E+06   0.690339E+06   0.522211E+06   0.521820E+06   0.521801E+06   0.530035E+06  -0.602044E+00   0.520262E+06   0.520261E+06   0.529482E+01
   0.305002E-03   0.521772E+06   0.521764E+06   0.689462E+06   0.689121E+06   0.522157E+06   0.521788E+06   0.521771E+06   0.529989E+06  -0.601990E+00   0.520232E+06   0.520230E+06   0.584536E+01
   0.336756E-03   0.521736E+06   0.521725E+06   0.688054E+06   0.687640E+06   0.522092E+06   0.521750E+06   0.521734E+06   0.529934E+06  -0.601923E+00   0.520195E+06   0.520193E+06   0.645298E+01
   0.371817E-03   0.521691E+06   0.521678E+06   0.686342E+06   0.685838E+06   0.522012E+06   0.521703E+06   0.521689E+06   0.529866E+06  -0.601842E+00   0.520150E+06   0.520147E+06   0.712352E+01
   0.410527E-03   0.521636E+06   0.521621E+06   0.684259E+06   0.683647E+06   0.521914E+06   0.521646E+06   0.521634E+06   0.529784E+06  -0.601743E+00   0.520094E+06   0.520092E+06   0.786344E+01
   0.453268E-03   0.521569E+06   0.521551E+06   0.681728E+06   0.680985E+06   0.521795E+06   0.521577E+06   0.521566E+06   0.529684E+06  -0.601623E+00   0.520027E+06   0.520024E+06   0.867979E+01
   0.500458E-03   0.521488E+06   0.521465E+06   0.678653E+06   0.677753E+06   0.521650E+06   0.521492E+06   0.521485E+06   0.529562E+06  -0.601477E+00   0.519946E+06   0.519942E+06   0.958034E+01
   0.552561E-03   0.521390E+06   0.521362E+06   0.674922E+06   0.673832E+06   0.521474E+06   0.521389E+06   0.521385E+06   0.529414E+06  -0.601299E+00   0.519846E+06   0.519841E+06   0.105736E+02
   0.610090E-03   0.521269E+06   0.521235E+06   0.670398E+06   0.669079E+06   0.521259E+06   0.521264E+06   0.521264E+06   0.529234E+06  -0.601083E+00   0.519725E+06   0.519719E+06   0.116688E+02
   0.673607E-03   0.521123E+06   0.521082E+06   0.664920E+06   0.663328E+06   0.520997E+06   0.521111E+06   0.521116E+06   0.529015E+06  -0.600820E+00   0.519577E+06   0.519570E+06   0.128761E+02
   0.743737E-03   0.520945E+06   0.520894E+06   0.658296E+06   0.656377E+06   0.520679E+06   0.520925E+06   0.520937E+06   0.528749E+06  -0.600500E+00   0.519397E+06   0.519389E+06   0.142065E+02
   0.821169E-03   0.520728E+06   0.520667E+06   0.650301E+06   0.647995E+06   0.520291E+06   0.520699E+06   0.520719E+06   0.528427E+06  -0.600113E+00   0.519179E+06   0.519169E+06   0.156719E+02
   0.906662E-03   0.520465E+06   0.520390E+06   0.640672E+06   0.637909E+06   0.519820E+06   0.520425E+06   0.520453E+06   0.528036E+06  -0.599642E+00   0.518912E+06   0.518900E+06   0.172853E+02
   0.100106E-02   0.520145E+06   0.520054E+06   0.629106E+06   0.625809E+06   0.519246E+06   0.520091E+06   0.520131E+06   0.527562E+06  -0.599072E+00   0.518589E+06   0.518574E+06   0.190605E+02
   0.110528E-02   0.519757E+06   0.519646E+06   0.615259E+06   0.611344E+06   0.518550E+06   0.519686E+06   0.519739E+06   0.526990E+06  -0.598383E+00   0.518196E+06   0.518178E+06   0.210123E+02
   0.122035E-02   0.519286E+06   0.519150E+06   0.598748E+06   0.594127E+06   0.517704E+06   0.519194E+06   0.519264E+06   0.526299E+06  -0.597550E+00   0.517719E+06   0.517697E+06   0.231563E+02
   0.134740E-02   0.518716E+06   0.518551E+06   0.579158E+06   0.573744E+06   0.516658E+06   0.518598E+06   0.518689E+06   0.525467E+06  -0.596546E+00   0.517140E+06   0.517113E+06   0.255091E+02
   0.148768E-02   0.518026E+06   0.517825E+06   0.556057E+06   0.549770E+06   0.515387E+06   0.517876E+06   0.517994E+06   0.524468E+06  -0.595338E+00   0.516438E+06   0.516406E+06   0.280877E+02
   0.164257E-02   0.517193E+06   0.516947E+06   0.529016E+06   0.521799E+06   0.513861E+06   0.517004E+06   0.517153E+06   0.523271E+06  -0.593889E+00   0.515588E+06   0.515549E+06   0.309095E+02
   0.181358E-02   0.516187E+06   0.515888E+06   0.497657E+06   0.489490E+06   0.512026E+06   0.515953E+06   0.516139E+06   0.521843E+06  -0.592157E+00   0.514562E+06   0.514515E+06   0.339920E+02
   0.200239E-02   0.514977E+06   0.514612E+06   0.461703E+06   0.452628E+06   0.509822E+06   0.514688E+06   0.514918E+06   0.520147E+06  -0.590096E+00   0.513325E+06   0.513267E+06   0.373525E+02
   0.221086E-02   0.513525E+06   0.513081E+06   0.421066E+06   0.411214E+06   0.507173E+06   0.513170E+06   0.513453E+06   0.518142E+06  -0.587655E+00   0.511836E+06   0.511766E+06   0.410072E+02
   0.244104E-02   0.511788E+06   0.511248E+06   0.375947E+06   0.365570E+06   0.504000E+06   0.511353E+06   0.511700E+06   0.515787E+06  -0.584778E+00   0.510049E+06   0.509965E+06   0.449711E+02
   0.269518E-02   0.509718E+06   0.509061E+06   0.326961E+06   0.316462E+06   0.500207E+06   0.509188E+06   0.509612E+06   0.513038E+06  -0.581413E+00   0.507913E+06   0.507810E+06   0.492572E+02
   0.297578E-02   0.507263E+06   0.506465E+06   0.275270E+06   0.265219E+06   0.495690E+06   0.506618E+06   0.507134E+06   0.509855E+06  -0.577506E+00   0.505368E+06   0.505244E+06   0.538763E+02
   0.328559E-02   0.504367E+06   0.503396E+06   0.222681E+06   0.213800E+06   0.490333E+06   0.503584E+06   0.504210E+06   0.506200E+06  -0.573009E+00   0.502352E+06   0.502203E+06   0.588365E+02
   0.362766E-02   0.500970E+06   0.499790E+06   0.171670E+06   0.164764E+06   0.484013E+06   0.500023E+06   0.500779E+06   0.502039E+06  -0.567883E+00   0.498797E+06   0.498617E+06   0.641435E+02
   0.400534E-02   0.497011E+06   0.495580E+06   0.125238E+06   0.121048E+06   0.476603E+06   0.495870E+06   0.496780E+06   0.497344E+06  -0.562101E+00   0.494634E+06   0.494419E+06   0.698015E+02
   0.442234E-02   0.492434E+06   0.490698E+06   0.865293E+05   0.854943E+05   0.467973E+06   0.491063E+06   0.492154E+06   0.492089E+06  -0.555645E+00   0.489799E+06   0.489541E+06   0.758147E+02
   0.488276E-02   0.487184E+06   0.485080E+06   0.581343E+05   0.601006E+05   0.458005E+06   0.485543E+06   0.486844E+06   0.486242E+06  -0.548507E+00   0.484230E+06   0.483921E+06   0.821890E+02
   0.539111E-02   0.481211E+06   0.478664E+06   0.411512E+05   0.451442E+05   0.446593E+06   0.479257E+06   0.480800E+06   0.479762E+06  -0.540678E+00   0.477879E+06   0.477509E+06   0.889340E+02
   0.595239E-02   0.474474E+06   0.471395E+06   0.342887E+05   0.385507E+05   0.433657E+06   0.472158E+06   0.473976E+06   0.472582E+06  -0.532134E+00   0.470707E+06   0.470266E+06   0.960636E+02
   0.657210E-02   0.466933E+06   0.463217E+06   0.335864E+05   0.361143E+05   0.419152E+06   0.464205E+06   0.466333E+06   0.464615E+06  -0.522819E+00   0.462690E+06   0.462165E+06   0.103593E+03
   0.725633E-02   0.458554E+06   0.454075E+06   0.334677E+05   0.330753E+05   0.403079E+06   0.455361E+06   0.457830E+06   0.455758E+06  -0.512642E+00   0.453811E+06   0.453187E+06   0.111533E+03
   0.801180E-02   0.449296E+06   0.443909E+06   0.293821E+05   0.267677E+05   0.385493E+06   0.445588E+06   0.448425E+06   0.445928E+06  -0.501490E+00   0.444049E+06   0.443308E+06   0.119878E+03
   0.884592E-02   0.439119E+06   0.432655E+06   0.209021E+05   0.185747E+05   0.366507E+06   0.434848E+06   0.438074E+06   0.435088E+06  -0.489256E+00   0.433373E+06   0.432496E+06   0.128594E+03
   0.976688E-02   0.427981E+06   0.420245E+06   0.124112E+05   0.126108E+05   0.346304E+06   0.423104E+06   0.426731E+06   0.423253E+06  -0.475885E+00   0.421740E+06   0.420704E+06   0.137616E+03
   0.107837E-01   0.415845E+06   0.406615E+06   0.893028E+04   0.109126E+05   0.325124E+06   0.410330E+06   0.414353E+06   0.410444E+06  -0.461377E+00   0.409102E+06   0.407882E+06   0.146842E+03
   0.119064E-01   0.402687E+06   0.391715E+06   0.980802E+04   0.910128E+04   0.303249E+06   0.396510E+06   0.400914E+06   0.396624E+06  -0.445746E+00   0.395428E+06   0.393995E+06   0.156139E+03
   0.131460E-01   0.388495E+06   0.375510E+06   0.910213E+04   0.718370E+04   0.280964E+06   0.381643E+06   0.386396E+06   0.381744E+06  -0.428973E+00   0.380727E+06   0.379051E+06   0.165330E+03
   0.145147E-01   0.373267E+06   0.357982E+06   0.522181E+04   0.564572E+04   0.258528E+06   0.365735E+06   0.370797E+06   0.365799E+06  -0.411039E+00   0.365005E+06   0.363056E+06   0.174165E+03
   0.160258E-01   0.357018E+06   0.339138E+06   0.365308E+04   0.441439E+04   0.236170E+06   0.348810E+06   0.354129E+06   0.348857E+06  -0.391964E+00   0.348280E+06   0.346028E+06   0.182309E+03
   0.176943E-01   0.339781E+06   0.319027E+06   0.424938E+04   0.343210E+04   0.214120E+06   0.330913E+06   0.336427E+06   0.330960E+06  -0.371818E+00   0.330588E+06   0.328005E+06   0.189342E+03
   0.195365E-01   0.321617E+06   0.297751E+06   0.243449E+04   0.265298E+04   0.192647E+06   0.312119E+06   0.317760E+06   0.312149E+06  -0.350675E+00   0.312003E+06   0.309070E+06   0.194751E+03
   0.215705E-01   0.302621E+06   0.275487E+06   0.200289E+04   0.203736E+04   0.172032E+06   0.292546E+06   0.298236E+06   0.292570E+06  -0.328658E+00   0.292634E+06   0.289343E+06   0.197924E+03
   0.238162E-01   0.282933E+06   0.252508E+06   0.169461E+04   0.155378E+04   0.152435E+06   0.272354E+06   0.278016E+06   0.272374E+06  -0.305958E+00   0.272636E+06   0.268997E+06   0.198172E+03
   0.262957E-01   0.262748E+06   0.229210E+06   0.111122E+04   0.117641E+04   0.133782E+06   0.251758E+06   0.257328E+06   0.251771E+06  -0.282806E+00   0.252223E+06   0.248274E+06   0.194771E+03
   0.290334E-01   0.242501E+06   0.206295E+06   0.880339E+03   0.884270E+03   0.114856E+06   0.231159E+06   0.236650E+06   0.231169E+06  -0.259657E+00   0.231821E+06   0.227635E+06   0.187048E+03
   0.320561E-01   0.222203E+06   0.184110E+06   0.758627E+03   0.659976E+03   0.977648E+05   0.210714E+06   0.216047E+06   0.210722E+06  -0.236683E+00   0.211517E+06   0.207206E+06   0.174469E+03
   0.353936E-01   0.202435E+06   0.163613E+06   0.414824E+03   0.490006E+03   0.825110E+05   0.191037E+06   0.196161E+06   0.191042E+06  -0.214574E+00   0.191929E+06   0.187649E+06   0.156858E+03
   0.390784E-01   0.183646E+06   0.145607E+06   0.326219E+03   0.362699E+03   0.693409E+05   0.172622E+06   0.177499E+06   0.172626E+06  -0.193886E+00   0.173550E+06   0.169496E+06   0.134570E+03
   0.431470E-01   0.166385E+06   0.130875E+06   0.296500E+03   0.268621E+03   0.579803E+05   0.156017E+06   0.160646E+06   0.156021E+06  -0.175232E+00   0.156939E+06   0.153323E+06   0.108722E+03
   0.474616E-01   0.151486E+06   0.120041E+06   0.202048E+03   0.201951E+03   0.486286E+05   0.141995E+06   0.146404E+06   0.141998E+06  -0.159479E+00   0.142872E+06   0.139859E+06   0.823409E+02
   0.517763E-01   0.139584E+06   0.112949E+06   0.156691E+03   0.156616E+03   0.414670E+05   0.131050E+06   0.135280E+06   0.131052E+06  -0.147184E+00   0.131861E+06   0.129504E+06   0.590664E+02
   0.560910E-01   0.129819E+06   0.108032E+06   0.124563E+03   0.124503E+03   0.359508E+05   0.122225E+06   0.126298E+06   0.122226E+06  -0.137271E+00   0.122964E+06   0.121222E+06   0.402890E+02
   0.604057E-01   0.121544E+06   0.104044E+06   0.100896E+03   0.100847E+03   0.314948E+05   0.114783E+06   0.118716E+06   0.114784E+06  -0.128912E+00   0.115463E+06   0.114224E+06   0.265962E+02
   0.647204E-01   0.114290E+06   0.100096E+06   0.828488E+02   0.828084E+02   0.276807E+05   0.108194E+06   0.111996E+06   0.108195E+06  -0.121511E+00   0.108835E+06   0.107943E+06   0.178627E+02
   0.690351E-01   0.107603E+06   0.955364E+05   0.686185E+02   0.685851E+02   0.243901E+05   0.101989E+06   0.105653E+06   0.101989E+06  -0.114541E+00   0.102609E+06   0.101895E+06   0.134182E+02
   0.733498E-01   0.101181E+06   0.900815E+05   0.570998E+02   0.570720E+02   0.215084E+05   0.958756E+05   0.993869E+05   0.958763E+05  -0.107675E+00   0.964913E+05   0.957988E+05   0.122471E+02
   0.776645E-01   0.948997E+05   0.838058E+05   0.476323E+02   0.476090E+02   0.189302E+05   0.897624E+05   0.931068E+05   0.897630E+05  -0.100809E+00   0.903860E+05   0.895965E+05   0.131865E+02
   0.819792E-01   0.887936E+05   0.770624E+05   0.398215E+02   0.398021E+02   0.166177E+05   0.837290E+05   0.868977E+05   0.837295E+05  -0.940326E-01   0.843663E+05   0.834114E+05   0.151098E+02
   0.862939E-01   0.829798E+05   0.703364E+05   0.334054E+02   0.333891E+02   0.145908E+05   0.779451E+05   0.809365E+05   0.779455E+05  -0.875368E-01   0.785952E+05   0.774595E+05   0.170717E+02
   0.906086E-01   0.775766E+05   0.640920E+05   0.281713E+02   0.281576E+02   0.128501E+05   0.725773E+05   0.753974E+05   0.725776E+05  -0.815081E-01   0.732337E+05   0.719484E+05   0.184005E+02
   0.959689E-01   0.715728E+05   0.575373E+05   0.230357E+02   0.230245E+02   0.110282E+05   0.666769E+05   0.693045E+05   0.666772E+05  -0.748815E-01   0.673281E+05   0.659487E+05   0.186448E+02
   0.101329E+00   0.664713E+05   0.526770E+05   0.191278E+02   0.191185E+02   0.956371E+04   0.617767E+05   0.642420E+05   0.617769E+05  -0.693781E-01   0.624055E+05   0.610570E+05   0.172629E+02
   0.106690E+00   0.623114E+05   0.495450E+05   0.161726E+02   0.161647E+02   0.841645E+04   0.579113E+05   0.602482E+05   0.579115E+05  -0.650369E-01   0.585042E+05   0.572993E+05   0.146494E+02
   0.112050E+00   0.589788E+05   0.477949E+05   0.139145E+02   0.139078E+02   0.750701E+04   0.549321E+05   0.571713E+05   0.549323E+05  -0.616910E-01   0.554825E+05   0.544924E+05   0.114621E+02
   0.117410E+00   0.562263E+05   0.468230E+05   0.121316E+02   0.121257E+02   0.676285E+04   0.525449E+05   0.547066E+05   0.525451E+05  -0.590100E-01   0.530525E+05   0.522936E+05   0.838504E+01
   0.122770E+00   0.537808E+05   0.459931E+05   0.106567E+02   0.106515E+02   0.612885E+04   0.504305E+05   0.525223E+05   0.504306E+05  -0.566353E-01   0.509004E+05   0.503377E+05   0.594538E+01
   0.128131E+00   0.514312E+05   0.448228E+05   0.938235E+01   0.937774E+01   0.555266E+04   0.483428E+05   0.503632E+05   0.483429E+05  -0.542907E-01   0.487845E+05   0.483484E+05   0.441441E+01
   0.133491E+00   0.490556E+05   0.430677E+05   0.825044E+01   0.824638E+01   0.501835E+04   0.461460E+05   0.480879E+05   0.461461E+05  -0.518235E-01   0.465697E+05   0.461789E+05   0.379725E+01
   0.138851E+00   0.466180E+05   0.407264E+05   0.723559E+01   0.723203E+01   0.452104E+04   0.438108E+05   0.456659E+05   0.438109E+05  -0.492010E-01   0.442252E+05   0.438088E+05   0.389041E+01
   0.144212E+00   0.441514E+05   0.379890E+05   0.633126E+01   0.632815E+01   0.405652E+04   0.413926E+05   0.431555E+05   0.413927E+05  -0.464852E-01   0.418034E+05   0.413167E+05   0.437733E+01
   0.149572E+00   0.417319E+05   0.351511E+05   0.553879E+01   0.553608E+01   0.363388E+04   0.389985E+05   0.406683E+05   0.389986E+05  -0.437966E-01   0.394068E+05   0.388383E+05   0.493026E+01
   0.154932E+00   0.394561E+05   0.325246E+05   0.485995E+01   0.485756E+01   0.326231E+04   0.367545E+05   0.383359E+05   0.367545E+05  -0.412764E-01   0.371578E+05   0.365258E+05   0.529149E+01
   0.160293E+00   0.374180E+05   0.303606E+05   0.429250E+01   0.429039E+01   0.294252E+04   0.347745E+05   0.362775E+05   0.347745E+05  -0.390528E-01   0.351685E+05   0.345112E+05   0.531907E+01
   0.165653E+00   0.356742E+05   0.287838E+05   0.382712E+01   0.382524E+01   0.267526E+04   0.331230E+05   0.345606E+05   0.331230E+05  -0.371981E-01   0.335032E+05   0.328653E+05   0.499484E+01
   0.171013E+00   0.342163E+05   0.277630E+05   0.344674E+01   0.344505E+01   0.245431E+04   0.317883E+05   0.331734E+05   0.317884E+05  -0.356992E-01   0.321512E+05   0.315710E+05   0.440116E+01
   0.176373E+00   0.329832E+05   0.271438E+05   0.313062E+01   0.312909E+01   0.226622E+04   0.306971E+05   0.320395E+05   0.306972E+05  -0.344737E-01   0.310409E+05   0.305409E+05   0.367758E+01
   0.181734E+00   0.318977E+05   0.267215E+05   0.285992E+01   0.285851E+01   0.210317E+04   0.297555E+05   0.310612E+05   0.297556E+05  -0.334163E-01   0.300805E+05   0.296640E+05   0.297254E+01
   0.187094E+00   0.308881E+05   0.263014E+05   0.261995E+01   0.261866E+01   0.195670E+04   0.288758E+05   0.301469E+05   0.288759E+05  -0.324283E-01   0.291843E+05   0.288376E+05   0.240382E+01
   0.192454E+00   0.298910E+05   0.257322E+05   0.240014E+01   0.239896E+01   0.181912E+04   0.279835E+05   0.292189E+05   0.279835E+05  -0.314262E-01   0.282790E+05   0.279770E+05   0.203576E+01
   0.197815E+00   0.288607E+05   0.249323E+05   0.219425E+01   0.219317E+01   0.168713E+04   0.270293E+05   0.282259E+05   0.270293E+05  -0.303546E-01   0.273154E+05   0.270296E+05   0.187421E+01
   0.203175E+00   0.277874E+05   0.239088E+05   0.200058E+01   0.199960E+01   0.156037E+04   0.260064E+05   0.271606E+05   0.260064E+05  -0.292058E-01   0.262859E+05   0.259920E+05   0.187659E+01
   0.208535E+00   0.266967E+05   0.227446E+05   0.182074E+01   0.181984E+01   0.143916E+04   0.249480E+05   0.260580E+05   0.249480E+05  -0.280172E-01   0.252228E+05   0.249058E+05   0.197190E+01
   0.213896E+00   0.256282E+05   0.215562E+05   0.165714E+01   0.165632E+01   0.132743E+04   0.239041E+05   0.249701E+05   0.239041E+05  -0.268449E-01   0.241748E+05   0.238312E+05   0.208387E+01
   0.219256E+00   0.246176E+05   0.204531E+05   0.151130E+01   0.151055E+01   0.122618E+04   0.229202E+05   0.239445E+05   0.229202E+05  -0.257399E-01   0.231861E+05   0.228226E+05   0.215061E+01
   0.224616E+00   0.236919E+05   0.195153E+05   0.138356E+01   0.138288E+01   0.113586E+04   0.220303E+05   0.230169E+05   0.220304E+05  -0.247406E-01   0.222902E+05   0.219202E+05   0.213642E+01
   0.229977E+00   0.228680E+05   0.187823E+05   0.127311E+01   0.127248E+01   0.105703E+04   0.212541E+05   0.222077E+05   0.212541E+05  -0.238688E-01   0.215062E+05   0.211455E+05   0.203482E+01
   0.235337E+00   0.221464E+05   0.182463E+05   0.117793E+01   0.117735E+01   0.988654E+03   0.205906E+05   0.215161E+05   0.205906E+05  -0.231237E-01   0.208340E+05   0.204958E+05   0.186407E+01
   0.240697E+00   0.215101E+05   0.178580E+05   0.109505E+01   0.109451E+01   0.928127E+03   0.200185E+05   0.209199E+05   0.200185E+05  -0.224812E-01   0.202528E+05   0.199452E+05   0.165757E+01
   0.246057E+00   0.209318E+05   0.175460E+05   0.102130E+01   0.102080E+01   0.874075E+03   0.195049E+05   0.203846E+05   0.195050E+05  -0.219045E-01   0.197302E+05   0.194547E+05   0.145242E+01
   0.251418E+00   0.203831E+05   0.172391E+05   0.953965E+00   0.953495E+00   0.824042E+03   0.190161E+05   0.198750E+05   0.190161E+05  -0.213555E-01   0.192332E+05   0.189852E+05   0.127945E+01
   0.256778E+00   0.198406E+05   0.168829E+05   0.891051E+00   0.890611E+00   0.776442E+03   0.185246E+05   0.193626E+05   0.185247E+05  -0.208036E-01   0.187349E+05   0.185059E+05   0.115692E+01
   0.262138E+00   0.192900E+05   0.164495E+05   0.831443E+00   0.831033E+00   0.731080E+03   0.180149E+05   0.188309E+05   0.180149E+05  -0.202311E-01   0.182195E+05   0.179995E+05   0.108841E+01
   0.267499E+00   0.187285E+05   0.159407E+05   0.774831E+00   0.774449E+00   0.687418E+03   0.174849E+05   0.182780E+05   0.174849E+05  -0.196359E-01   0.176849E+05   0.174653E+05   0.106473E+01
   0.272859E+00   0.181638E+05   0.153832E+05   0.721479E+00   0.721123E+00   0.645500E+03   0.169448E+05   0.177144E+05   0.169448E+05  -0.190294E-01   0.171409E+05   0.169162E+05   0.106856E+01
   0.278219E+00   0.176087E+05   0.148155E+05   0.671858E+00   0.671527E+00   0.606189E+03   0.164110E+05   0.171573E+05   0.164110E+05  -0.184299E-01   0.166036E+05   0.163719E+05   0.108023E+01
   0.283580E+00   0.170762E+05   0.142765E+05   0.626365E+00   0.626056E+00   0.569722E+03   0.158999E+05   0.166237E+05   0.158999E+05  -0.178559E-01   0.160888E+05   0.158520E+05   0.108294E+01
   0.288940E+00   0.165773E+05   0.137961E+05   0.585184E+00   0.584895E+00   0.536248E+03   0.154248E+05   0.161278E+05   0.154248E+05  -0.173224E-01   0.156097E+05   0.153722E+05   0.106609E+01
   0.294300E+00   0.161184E+05   0.133901E+05   0.548233E+00   0.547963E+00   0.506234E+03   0.149935E+05   0.156775E+05   0.149935E+05  -0.168380E-01   0.151738E+05   0.149409E+05   0.102660E+01
   0.299661E+00   0.157000E+05   0.130574E+05   0.515138E+00   0.514884E+00   0.479009E+03   0.146059E+05   0.152729E+05   0.146059E+05  -0.164027E-01   0.147814E+05   0.145578E+05   0.968084E+00
   0.305021E+00   0.153164E+05   0.127823E+05   0.485307E+00   0.485068E+00   0.454219E+03   0.142552E+05   0.149069E+05   0.142553E+05  -0.160089E-01   0.144259E+05   0.142145E+05   0.898721E+00
   0.310381E+00   0.149585E+05   0.125411E+05   0.458079E+00   0.457854E+00   0.431558E+03   0.139305E+05   0.145678E+05   0.139305E+05  -0.156442E-01   0.140962E+05   0.138980E+05   0.828293E+00
   0.315741E+00   0.146166E+05   0.123092E+05   0.432851E+00   0.432638E+00   0.410406E+03   0.136200E+05   0.142437E+05   0.136200E+05  -0.152956E-01   0.137812E+05   0.135949E+05   0.765475E+00
   0.321102E+00   0.142824E+05   0.120670E+05   0.409154E+00   0.408952E+00   0.390234E+03   0.133141E+05   0.139244E+05   0.133142E+05  -0.149521E-01   0.134712E+05   0.132940E+05   0.715910E+00
   0.326462E+00   0.139501E+05   0.118031E+05   0.386682E+00   0.386492E+00   0.371101E+03   0.130065E+05   0.136031E+05   0.130065E+05  -0.146066E-01   0.131600E+05   0.129885E+05   0.681426E+00
   0.331822E+00   0.136176E+05   0.115157E+05   0.365303E+00   0.365123E+00   0.352614E+03   0.126952E+05   0.132780E+05   0.126952E+05  -0.142569E-01   0.128454E+05   0.126765E+05   0.660305E+00
   0.337183E+00   0.132868E+05   0.112122E+05   0.345026E+00   0.344856E+00   0.334970E+03   0.123827E+05   0.129515E+05   0.123827E+05  -0.139060E-01   0.125300E+05   0.123615E+05   0.648337E+00
   0.342543E+00   0.129617E+05   0.109052E+05   0.325933E+00   0.325773E+00   0.318319E+03   0.120743E+05   0.126294E+05   0.120743E+05  -0.135597E-01   0.122188E+05   0.120498E+05   0.640276E+00
   0.347903E+00   0.126471E+05   0.106082E+05   0.308110E+00   0.307958E+00   0.302588E+03   0.117759E+05   0.123176E+05   0.117759E+05  -0.132245E-01   0.119177E+05   0.117484E+05   0.631272E+00
   0.353264E+00   0.123468E+05   0.103321E+05   0.291597E+00   0.291453E+00   0.287825E+03   0.114922E+05   0.120212E+05   0.114922E+05  -0.129060E-01   0.116313E+05   0.114630E+05   0.617944E+00
   0.358624E+00   0.120632E+05   0.100832E+05   0.276374E+00   0.276238E+00   0.274258E+03   0.112261E+05   0.117432E+05   0.112261E+05  -0.126071E-01   0.113623E+05   0.111967E+05   0.598888E+00
   0.363984E+00   0.117966E+05   0.986222E+04   0.262362E+00   0.262232E+00   0.261633E+03   0.109780E+05   0.114840E+05   0.109780E+05  -0.123285E-01   0.111113E+05   0.109500E+05   0.574609E+00
   0.369344E+00   0.115457E+05   0.966513E+04   0.249429E+00   0.249306E+00   0.249924E+03   0.107462E+05   0.112418E+05   0.107462E+05  -0.120681E-01   0.108765E+05   0.107207E+05   0.547013E+00
   0.374705E+00   0.113075E+05   0.948445E+04   0.237417E+00   0.237300E+00   0.239033E+03   0.105271E+05   0.110129E+05   0.105271E+05  -0.118222E-01   0.106545E+05   0.105047E+05   0.518668E+00
   0.380065E+00   0.110787E+05   0.931175E+04   0.226170E+00   0.226058E+00   0.228698E+03   0.103168E+05   0.107931E+05   0.103168E+05  -0.115860E-01   0.104414E+05   0.102972E+05   0.492065E+00
   0.385425E+00   0.108561E+05   0.913982E+04   0.215558E+00   0.215451E+00   0.218911E+03   0.101117E+05   0.105788E+05   0.101117E+05  -0.113556E-01   0.102336E+05   0.100942E+05   0.469021E+00
   0.390786E+00   0.106378E+05   0.896405E+04   0.205489E+00   0.205388E+00   0.209648E+03   0.990929E+04   0.103673E+05   0.990930E+04  -0.111283E-01   0.100287E+05   0.989307E+04   0.450362E+00
   0.396146E+00   0.104224E+05   0.878284E+04   0.195907E+00   0.195811E+00   0.200713E+03   0.970849E+04   0.101574E+05   0.970849E+04  -0.109028E-01   0.982566E+04   0.969254E+04   0.435904E+00
   0.401506E+00   0.102099E+05   0.859747E+04   0.186789E+00   0.186696E+00   0.192139E+03   0.950936E+04   0.994929E+04   0.950936E+04  -0.106792E-01   0.962439E+04   0.949295E+04   0.424673E+00
   0.406867E+00   0.100012E+05   0.841152E+04   0.178135E+00   0.178047E+00   0.184025E+03   0.931328E+04   0.974433E+04   0.931328E+04  -0.104590E-01   0.942627E+04   0.929602E+04   0.415282E+00
   0.412227E+00   0.979818E+04   0.822961E+04   0.169961E+00   0.169877E+00   0.176261E+03   0.912228E+04   0.954468E+04   0.912228E+04  -0.102445E-01   0.923329E+04   0.910417E+04   0.406324E+00
   0.417587E+00   0.960211E+04   0.805576E+04   0.162272E+00   0.162192E+00   0.168956E+03   0.893815E+04   0.935220E+04   0.893816E+04  -0.100377E-01   0.904720E+04   0.891949E+04   0.396701E+00
   0.422948E+00   0.941374E+04   0.789235E+04   0.155057E+00   0.154980E+00   0.162071E+03   0.876182E+04   0.916787E+04   0.876182E+04  -0.983968E-02   0.886889E+04   0.874310E+04   0.385819E+00
   0.428308E+00   0.923316E+04   0.774002E+04   0.148292E+00   0.148218E+00   0.155539E+03   0.859345E+04   0.899186E+04   0.859345E+04  -0.965060E-02   0.869855E+04   0.857519E+04   0.373620E+00
   0.433668E+00   0.906016E+04   0.759799E+04   0.141944E+00   0.141873E+00   0.149396E+03   0.843275E+04   0.882386E+04   0.843275E+04  -0.947014E-02   0.853588E+04   0.841537E+04   0.360488E+00
   0.439028E+00   0.889410E+04   0.746434E+04   0.135974E+00   0.135907E+00   0.143662E+03   0.827892E+04   0.866304E+04   0.827892E+04  -0.929738E-02   0.838012E+04   0.826265E+04   0.347071E+00
   0.444389E+00   0.873382E+04   0.733630E+04   0.130338E+00   0.130274E+00   0.138149E+03   0.813059E+04   0.850797E+04   0.813060E+04  -0.913081E-02   0.822991E+04   0.811546E+04   0.334074E+00
   0.449749E+00   0.857800E+04   0.721106E+04   0.124993E+00   0.124931E+00   0.132921E+03   0.798628E+04   0.835709E+04   0.798628E+04  -0.896874E-02   0.808379E+04   0.797212E+04   0.322072E+00
   0.455109E+00   0.842568E+04   0.708665E+04   0.119905E+00   0.119846E+00   0.127927E+03   0.784491E+04   0.820928E+04   0.784492E+04  -0.880998E-02   0.794069E+04   0.783144E+04   0.311395E+00
   0.460470E+00   0.827645E+04   0.696227E+04   0.115055E+00   0.114998E+00   0.123132E+03   0.770602E+04   0.806406E+04   0.770603E+04  -0.865401E-02   0.780016E+04   0.769292E+04   0.302095E+00
   0.465830E+00   0.813017E+04   0.683803E+04   0.110428E+00   0.110373E+00   0.118556E+03   0.756954E+04   0.792135E+04   0.756954E+04  -0.850074E-02   0.766210E+04   0.755653E+04   0.293982E+00
   0.471190E+00   0.798691E+04   0.671468E+04   0.106016E+00   0.105964E+00   0.114194E+03   0.743561E+04   0.778131E+04   0.743562E+04  -0.835033E-02   0.752666E+04   0.742251E+04   0.286706E+00
   0.476551E+00   0.784690E+04   0.659340E+04   0.101815E+00   0.101765E+00   0.109964E+03   0.730462E+04   0.764432E+04   0.730462E+04  -0.820322E-02   0.739419E+04   0.729137E+04   0.279868E+00
   0.481911E+00   0.771059E+04   0.647553E+04   0.978213E-01   0.977730E-01   0.105967E+03   0.717712E+04   0.751099E+04   0.717712E+04  -0.806003E-02   0.726524E+04   0.716378E+04   0.273114E+00
   0.487271E+00   0.757838E+04   0.636218E+04   0.940319E-01   0.939855E-01   0.102173E+03   0.705361E+04   0.738183E+04   0.705361E+04  -0.792133E-02   0.714031E+04   0.704031E+04   0.266211E+00
   0.492631E+00   0.745046E+04   0.625385E+04   0.904391E-01   0.903944E-01   0.985299E+02   0.693431E+04   0.725707E+04   0.693431E+04  -0.778736E-02   0.701961E+04   0.692122E+04   0.259074E+00
   0.497992E+00   0.732665E+04   0.615037E+04   0.870310E-01   0.869880E-01   0.950747E+02   0.681907E+04   0.713656E+04   0.681907E+04  -0.765794E-02   0.690298E+04   0.680633E+04   0.251750E+00
   0.503352E+00   0.720664E+04   0.605109E+04   0.837935E-01   0.837521E-01   0.917873E+02   0.670752E+04   0.701989E+04   0.670752E+04  -0.753266E-02   0.679006E+04   0.669523E+04   0.244385E+00
   0.508712E+00   0.709005E+04   0.595518E+04   0.807127E-01   0.806729E-01   0.886307E+02   0.659924E+04   0.690665E+04   0.659924E+04  -0.741107E-02   0.668045E+04   0.658744E+04   0.237162E+00
   0.514073E+00   0.697659E+04   0.586185E+04   0.777764E-01   0.777379E-01   0.856386E+02   0.649387E+04   0.679644E+04   0.649387E+04  -0.729273E-02   0.657378E+04   0.648252E+04   0.230255E+00
   0.519433E+00   0.686593E+04   0.577039E+04   0.749728E-01   0.749358E-01   0.827696E+02   0.639103E+04   0.668888E+04   0.639103E+04  -0.717724E-02   0.646968E+04   0.638007E+04   0.223786E+00
   0.524793E+00   0.675771E+04   0.568021E+04   0.722914E-01   0.722557E-01   0.799767E+02   0.629034E+04   0.658358E+04   0.629035E+04  -0.706417E-02   0.636778E+04   0.627966E+04   0.217800E+00
   0.530154E+00   0.665168E+04   0.559107E+04   0.697238E-01   0.696894E-01   0.773302E+02   0.619158E+04   0.648027E+04   0.619158E+04  -0.695326E-02   0.626784E+04   0.618108E+04   0.212274E+00
   0.535514E+00   0.654783E+04   0.550312E+04   0.672652E-01   0.672320E-01   0.747873E+02   0.609475E+04   0.637900E+04   0.609475E+04  -0.684452E-02   0.616987E+04   0.608436E+04   0.207126E+00
   0.540874E+00   0.644631E+04   0.541677E+04   0.649126E-01   0.648805E-01   0.723336E+02   0.600004E+04   0.627993E+04   0.600004E+04  -0.673815E-02   0.607404E+04   0.598971E+04   0.202248E+00
   0.546235E+00   0.634721E+04   0.533241E+04   0.626629E-01   0.626319E-01   0.699874E+02   0.590758E+04   0.618321E+04   0.590758E+04  -0.663432E-02   0.598049E+04   0.589731E+04   0.197533E+00
   0.551595E+00   0.625053E+04   0.525029E+04   0.605119E-01   0.604820E-01   0.677405E+02   0.581741E+04   0.608888E+04   0.581741E+04  -0.653305E-02   0.588925E+04   0.580723E+04   0.192895E+00
   0.556955E+00   0.615625E+04   0.517058E+04   0.584553E-01   0.584264E-01   0.655640E+02   0.572953E+04   0.599696E+04   0.572953E+04  -0.643436E-02   0.580033E+04   0.571948E+04   0.188286E+00
   0.562315E+00   0.606441E+04   0.509335E+04   0.564894E-01   0.564615E-01   0.635129E+02   0.564399E+04   0.590748E+04   0.564399E+04  -0.633830E-02   0.571375E+04   0.563412E+04   0.183697E+00
   0.567676E+00   0.597499E+04   0.501855E+04   0.546100E-01   0.545830E-01   0.615258E+02   0.556076E+04   0.582042E+04   0.556076E+04  -0.624484E-02   0.562952E+04   0.555112E+04   0.179152E+00
   0.573036E+00   0.588784E+04   0.494591E+04   0.528115E-01   0.527854E-01   0.596091E+02   0.547969E+04   0.573561E+04   0.547969E+04  -0.615379E-02   0.554746E+04   0.547029E+04   0.174694E+00
   0.578396E+00   0.580272E+04   0.487505E+04   0.510882E-01   0.510629E-01   0.577842E+02   0.540054E+04   0.565280E+04   0.540054E+04  -0.606490E-02   0.546733E+04   0.539137E+04   0.170369E+00
   0.629654E+00   0.507555E+04   0.426389E+04   0.377007E-01   0.376821E-01   0.433951E+02   0.472340E+04   0.494438E+04   0.472340E+04  -0.530447E-02   0.478201E+04   0.471553E+04   0.136957E+00
   0.769061E+00   0.368953E+04   0.310004E+04   0.183660E-01   0.183569E-01   0.218888E+02   0.343319E+04   0.359426E+04   0.343319E+04  -0.385554E-02   0.347602E+04   0.342779E+04   0.813514E-01
   0.939334E+00   0.266888E+04   0.224258E+04   0.890378E-02   0.889938E-02   0.108991E+02   0.248325E+04   0.259998E+04   0.248325E+04  -0.278873E-02   0.251434E+04   0.247948E+04   0.481390E-01
   0.114731E+01   0.192224E+04   0.161526E+04   0.429814E-02   0.429601E-02   0.537149E+01   0.178844E+04   0.187263E+04   0.178844E+04  -0.200845E-02   0.181089E+04   0.178580E+04   0.283696E-01
   0.140132E+01   0.137902E+04   0.115883E+04   0.206675E-02   0.206573E-02   0.262209E+01   0.128298E+04   0.134343E+04   0.128298E+04  -0.144081E-02   0.129912E+04   0.128112E+04   0.166554E-01
   0.171158E+01   0.985704E+03   0.828334E+03   0.990194E-03   0.989704E-03   0.126985E+01   0.917032E+03   0.960271E+03   0.917033E+03  -0.102984E-02   0.928581E+03   0.915724E+03   0.974381E-02
   0.209053E+01   0.702247E+03   0.590144E+03   0.472856E-03   0.472622E-03   0.611177E+00   0.653312E+03   0.684130E+03   0.653312E+03  -0.733680E-03   0.661546E+03   0.652388E+03   0.568245E-02
   0.255338E+01   0.498761E+03   0.419149E+03   0.225114E-03   0.225002E-03   0.292621E+00   0.464001E+03   0.485895E+03   0.464001E+03  -0.521081E-03   0.469852E+03   0.463348E+03   0.330426E-02
   0.311870E+01   0.353233E+03   0.296854E+03   0.106867E-03   0.106815E-03   0.139331E+00   0.328612E+03   0.344122E+03   0.328612E+03  -0.369037E-03   0.332758E+03   0.328151E+03   0.191636E-02
   0.380919E+01   0.249538E+03   0.209710E+03   0.506054E-04   0.505804E-04   0.661287E-01   0.232144E+03   0.243101E+03   0.232144E+03  -0.260701E-03   0.235073E+03   0.231816E+03   0.110897E-02
   0.465255E+01   0.175873E+03   0.147802E+03   0.239077E-04   0.238958E-04   0.313160E-01   0.163613E+03   0.171336E+03   0.163613E+03  -0.183740E-03   0.165678E+03   0.163380E+03   0.640526E-03
   0.568264E+01   0.123677E+03   0.103936E+03   0.112695E-04   0.112639E-04   0.147703E-01   0.115055E+03   0.120487E+03   0.115055E+03  -0.129208E-03   0.116507E+03   0.114889E+03   0.369361E-03
   0.694079E+01   0.867978E+02   0.729419E+02   0.530154E-05   0.529892E-05   0.695021E-02   0.807463E+02   0.845586E+02   0.807463E+02  -0.906795E-04   0.817659E+02   0.806275E+02   0.212760E-03
   0.847750E+01   0.608008E+02   0.510928E+02   0.248931E-05   0.248808E-05   0.326571E-02   0.565614E+02   0.592319E+02   0.565614E+02  -0.635194E-04   0.572758E+02   0.564753E+02   0.122486E-03
   0.103544E+02   0.425160E+02   0.357250E+02   0.116680E-05   0.116622E-05   0.153360E-02   0.395511E+02   0.414185E+02   0.395511E+02  -0.444166E-04   0.400509E+02   0.394879E+02   0.705302E-04
   0.126469E+02   0.296817E+02   0.249380E+02   0.546008E-06   0.545739E-06   0.717339E-03   0.276114E+02   0.289151E+02   0.276114E+02  -0.310081E-04   0.279605E+02   0.275641E+02   0.406635E-04
   0.154470E+02   0.206903E+02   0.173806E+02   0.255116E-06   0.254990E-06   0.334997E-03   0.192467E+02   0.201554E+02   0.192467E+02  -0.216143E-04   0.194903E+02   0.192103E+02   0.235072E-04
   0.188670E+02   0.144022E+02   0.120953E+02   0.119028E-06   0.118970E-06   0.156537E-03   0.133969E+02   0.140294E+02   0.133969E+02  -0.150449E-04   0.135667E+02   0.133681E+02   0.136529E-04
   0.230442E+02   0.100119E+02   0.840497E+01   0.554590E-07   0.554316E-07   0.726835E-04   0.931253E+01   0.975223E+01   0.931253E+01  -0.104581E-04   0.943080E+01   0.928888E+01   0.798843E-05
   0.281463E+02   0.695127E+01   0.583216E+01   0.258065E-07   0.257937E-07   0.339592E-04   0.646515E+01   0.677041E+01   0.646515E+01  -0.726047E-05   0.654752E+01   0.644498E+01   0.472586E-05
   0.343780E+02   0.482055E+01   0.404093E+01   0.119932E-07   0.119873E-07   0.156965E-04   0.448289E+01   0.469455E+01   0.448289E+01  -0.503436E-05   0.454027E+01   0.446501E+01   0.283978E-05
   0.419893E+02   0.333921E+01   0.279551E+01   0.556676E-08   0.556402E-08   0.728098E-05   0.310475E+01   0.325135E+01   0.310475E+01  -0.348669E-05   0.314477E+01   0.308835E+01   0.174288E-05
   0.512859E+02   0.231062E+01   0.193062E+01   0.258064E-08   0.257937E-08   0.339800E-05   0.214780E+01   0.224921E+01   0.214780E+01  -0.241201E-05   0.217577E+01   0.213232E+01   0.109899E-05
   0.626408E+02   0.159724E+01   0.133066E+01   0.119478E-08   0.119420E-08   0.157890E-05   0.148408E+01   0.155416E+01   0.148408E+01  -0.166665E-05   0.150370E+01   0.146914E+01   0.715850E-06
   0.765096E+02   0.110300E+01   0.914918E+00   0.552384E-09   0.552114E-09   0.729036E-06   0.102424E+01   0.107260E+01   0.102424E+01  -0.115024E-05   0.103809E+01   0.100957E+01   0.483462E-06
   0.934490E+02   0.760936E+00   0.627100E+00   0.254978E-09   0.254854E-09   0.336927E-06   0.705974E+00   0.739307E+00   0.705974E+00  -0.792820E-06   0.715826E+00   0.691416E+00   0.338843E-06
   0.114139E+03   0.524425E+00   0.428026E+00   0.117474E-09   0.117418E-09   0.154304E-06   0.485904E+00   0.508846E+00   0.485904E+00  -0.545678E-06   0.493000E+00   0.471368E+00   0.245846E-06
