#          k/h    CDM            baryon         photon         nu             mass_nu        total          no_nu          total_de       Weyl           v_CDM          v_b            v_b-v_c     
   0.105163E-04   0.667290E+06   0.667290E+06   0.889707E+06   0.889706E+06   0.667732E+06   0.667309E+06   0.667290E+06   0.675629E+06  -0.601863E+00   0.665600E+06   0.665600E+06   0.163180E+00
   0.116112E-04   0.667289E+06   0.667289E+06   0.889704E+06   0.889703E+06   0.667732E+06   0.667309E+06   0.667289E+06   0.675629E+06  -0.601863E+00   0.665600E+06   0.665600E+06   0.180169E+00
   0.128200E-04   0.667289E+06   0.667289E+06   0.889700E+06   0.889700E+06   0.667732E+06   0.667309E+06   0.667289E+06   0.675629E+06  -0.601863E+00   0.665600E+06   0.665600E+06   0.198927E+00
   0.141547E-04   0.667289E+06   0.667289E+06   0.889696E+06   0.889695E+06   0.667731E+06   0.667309E+06   0.667289E+06   0.675629E+06  -0.601863E+00   0.665600E+06   0.665600E+06   0.219637E+00
   0.156284E-04   0.667289E+06   0.667289E+06   0.889691E+06   0.889690E+06   0.667731E+06   0.667309E+06   0.667289E+06   0.675629E+06  -0.601863E+00   0.665600E+06   0.665600E+06   0.242504E+00
   0.172555E-04   0.667289E+06   0.667289E+06   0.889685E+06   0.889683E+06   0.667731E+06   0.667309E+06   0.667289E+06   0.675629E+06  -0.601863E+00   0.665600E+06   0.665600E+06   0.267751E+00
   0.190520E-04   0.667289E+06   0.667289E+06   0.889677E+06   0.889675E+06   0.667731E+06   0.667309E+06   0.667289E+06   0.675628E+06  -0.601862E+00   0.665600E+06   0.665600E+06   0.295627E+00
   0.210355E-04   0.667289E+06   0.667289E+06   0.889668E+06   0.889666E+06   0.667730E+06   0.667308E+06   0.667289E+06   0.675628E+06  -0.601862E+00   0.665599E+06   0.665599E+06   0.326405E+00
   0.232256E-04   0.667288E+06   0.667288E+06   0.889657E+06   0.889654E+06   0.667730E+06   0.667308E+06   0.667288E+06   0.675628E+06  -0.601862E+00   0.665599E+06   0.665599E+06   0.360387E+00
   0.256436E-04   0.667288E+06   0.667288E+06   0.889643E+06   0.889640E+06   0.667730E+06   0.667308E+06   0.667288E+06   0.675627E+06  -0.601861E+00   0.665599E+06   0.665599E+06   0.397907E+00
   0.283134E-04   0.667288E+06   0.667288E+06   0.889626E+06   0.889622E+06   0.667729E+06   0.667308E+06   0.667288E+06   0.675627E+06  -0.601861E+00   0.665598E+06   0.665598E+06   0.439333E+00
   0.312612E-04   0.667287E+06   0.667287E+06   0.889605E+06   0.889601E+06   0.667728E+06   0.667307E+06   0.667287E+06   0.675626E+06  -0.601860E+00   0.665598E+06   0.665598E+06   0.485072E+00
   0.345158E-04   0.667287E+06   0.667287E+06   0.889580E+06   0.889574E+06   0.667727E+06   0.667306E+06   0.667287E+06   0.675625E+06  -0.601859E+00   0.665597E+06   0.665597E+06   0.535573E+00
   0.381093E-04   0.667286E+06   0.667286E+06   0.889550E+06   0.889543E+06   0.667726E+06   0.667306E+06   0.667286E+06   0.675624E+06  -0.601858E+00   0.665597E+06   0.665597E+06   0.591330E+00
   0.420769E-04   0.667285E+06   0.667285E+06   0.889513E+06   0.889504E+06   0.667725E+06   0.667305E+06   0.667285E+06   0.675623E+06  -0.601857E+00   0.665596E+06   0.665596E+06   0.652893E+00
   0.464576E-04   0.667284E+06   0.667284E+06   0.889467E+06   0.889457E+06   0.667723E+06   0.667304E+06   0.667284E+06   0.675622E+06  -0.601856E+00   0.665595E+06   0.665595E+06   0.720864E+00
   0.512944E-04   0.667283E+06   0.667283E+06   0.889412E+06   0.889399E+06   0.667721E+06   0.667303E+06   0.667283E+06   0.675620E+06  -0.601854E+00   0.665594E+06   0.665594E+06   0.795910E+00
   0.566347E-04   0.667281E+06   0.667281E+06   0.889344E+06   0.889329E+06   0.667719E+06   0.667301E+06   0.667281E+06   0.675618E+06  -0.601852E+00   0.665592E+06   0.665592E+06   0.878769E+00
   0.625311E-04   0.667280E+06   0.667279E+06   0.889262E+06   0.889243E+06   0.667716E+06   0.667299E+06   0.667280E+06   0.675615E+06  -0.601850E+00   0.665590E+06   0.665590E+06   0.970253E+00
   0.690413E-04   0.667277E+06   0.667277E+06   0.889162E+06   0.889139E+06   0.667712E+06   0.667297E+06   0.667277E+06   0.675612E+06  -0.601847E+00   0.665588E+06   0.665588E+06   0.107126E+01
   0.762293E-04   0.667275E+06   0.667274E+06   0.889040E+06   0.889011E+06   0.667708E+06   0.667294E+06   0.667275E+06   0.675608E+06  -0.601843E+00   0.665585E+06   0.665585E+06   0.118278E+01
   0.841656E-04   0.667271E+06   0.667271E+06   0.888891E+06   0.888856E+06   0.667702E+06   0.667291E+06   0.667271E+06   0.675603E+06  -0.601838E+00   0.665582E+06   0.665582E+06   0.130590E+01
   0.929282E-04   0.667267E+06   0.667266E+06   0.888710E+06   0.888667E+06   0.667696E+06   0.667286E+06   0.667267E+06   0.675597E+06  -0.601833E+00   0.665578E+06   0.665578E+06   0.144184E+01
   0.102603E-03   0.667262E+06   0.667261E+06   0.888488E+06   0.888437E+06   0.667688E+06   0.667281E+06   0.667262E+06   0.675590E+06  -0.601826E+00   0.665573E+06   0.665573E+06   0.159193E+01
   0.113285E-03   0.667256E+06   0.667255E+06   0.888219E+06   0.888156E+06   0.667678E+06   0.667275E+06   0.667256E+06   0.675581E+06  -0.601818E+00   0.665567E+06   0.665567E+06   0.175762E+01
   0.125080E-03   0.667249E+06   0.667248E+06   0.887890E+06   0.887814E+06   0.667666E+06   0.667268E+06   0.667249E+06   0.675570E+06  -0.601808E+00   0.665560E+06   0.665559E+06   0.194056E+01
   0.138102E-03   0.667240E+06   0.667238E+06   0.887490E+06   0.887397E+06   0.667651E+06   0.667258E+06   0.667240E+06   0.675557E+06  -0.601795E+00   0.665551E+06   0.665550E+06   0.214253E+01
   0.152480E-03   0.667229E+06   0.667227E+06   0.887002E+06   0.886889E+06   0.667634E+06   0.667247E+06   0.667229E+06   0.675541E+06  -0.601780E+00   0.665540E+06   0.665539E+06   0.236550E+01
   0.168355E-03   0.667216E+06   0.667213E+06   0.886408E+06   0.886270E+06   0.667612E+06   0.667233E+06   0.667216E+06   0.675522E+06  -0.601762E+00   0.665527E+06   0.665526E+06   0.261165E+01
   0.185882E-03   0.667200E+06   0.667196E+06   0.885684E+06   0.885515E+06   0.667586E+06   0.667217E+06   0.667199E+06   0.675498E+06  -0.601740E+00   0.665510E+06   0.665510E+06   0.288338E+01
   0.205235E-03   0.667180E+06   0.667176E+06   0.884802E+06   0.884597E+06   0.667553E+06   0.667196E+06   0.667179E+06   0.675470E+06  -0.601713E+00   0.665491E+06   0.665490E+06   0.318335E+01
   0.226602E-03   0.667156E+06   0.667151E+06   0.883729E+06   0.883478E+06   0.667514E+06   0.667172E+06   0.667155E+06   0.675435E+06  -0.601680E+00   0.665467E+06   0.665466E+06   0.351447E+01
   0.250194E-03   0.667127E+06   0.667121E+06   0.882421E+06   0.882116E+06   0.667466E+06   0.667141E+06   0.667126E+06   0.675392E+06  -0.601640E+00   0.665437E+06   0.665436E+06   0.387996E+01
   0.276242E-03   0.667091E+06   0.667084E+06   0.880829E+06   0.880459E+06   0.667408E+06   0.667104E+06   0.667090E+06   0.675340E+06  -0.601591E+00   0.665402E+06   0.665400E+06   0.428336E+01
   0.305002E-03   0.667048E+06   0.667039E+06   0.878893E+06   0.878442E+06   0.667338E+06   0.667059E+06   0.667046E+06   0.675277E+06  -0.601531E+00   0.665358E+06   0.665357E+06   0.472857E+01
   0.336756E-03   0.666995E+06   0.666984E+06   0.876537E+06   0.875989E+06   0.667251E+06   0.667005E+06   0.666993E+06   0.675200E+06  -0.601459E+00   0.665305E+06   0.665303E+06   0.521987E+01
   0.371817E-03   0.666930E+06   0.666917E+06   0.873672E+06   0.873007E+06   0.667146E+06   0.666938E+06   0.666928E+06   0.675106E+06  -0.601370E+00   0.665240E+06   0.665238E+06   0.576199E+01
   0.410527E-03   0.666852E+06   0.666836E+06   0.870192E+06   0.869385E+06   0.667018E+06   0.666857E+06   0.666849E+06   0.674992E+06  -0.601263E+00   0.665162E+06   0.665159E+06   0.636008E+01
   0.453268E-03   0.666756E+06   0.666736E+06   0.865966E+06   0.864988E+06   0.666861E+06   0.666758E+06   0.666753E+06   0.674853E+06  -0.601131E+00   0.665066E+06   0.665063E+06   0.701983E+01
   0.500458E-03   0.666639E+06   0.666616E+06   0.860839E+06   0.859656E+06   0.666671E+06   0.666637E+06   0.666636E+06   0.674684E+06  -0.600972E+00   0.664949E+06   0.664945E+06   0.774743E+01
   0.552561E-03   0.666498E+06   0.666469E+06   0.854626E+06   0.853196E+06   0.666439E+06   0.666490E+06   0.666493E+06   0.674478E+06  -0.600778E+00   0.664806E+06   0.664802E+06   0.854967E+01
   0.610090E-03   0.666325E+06   0.666290E+06   0.847107E+06   0.845381E+06   0.666157E+06   0.666312E+06   0.666319E+06   0.674228E+06  -0.600543E+00   0.664633E+06   0.664628E+06   0.943394E+01
   0.673607E-03   0.666115E+06   0.666072E+06   0.838022E+06   0.835944E+06   0.665814E+06   0.666095E+06   0.666108E+06   0.673925E+06  -0.600256E+00   0.664422E+06   0.664416E+06   0.104083E+02
   0.743737E-03   0.665859E+06   0.665807E+06   0.827064E+06   0.824571E+06   0.665396E+06   0.665830E+06   0.665851E+06   0.673557E+06  -0.599909E+00   0.664166E+06   0.664158E+06   0.114814E+02
   0.821169E-03   0.665549E+06   0.665485E+06   0.813881E+06   0.810900E+06   0.664888E+06   0.665509E+06   0.665538E+06   0.673111E+06  -0.599488E+00   0.663854E+06   0.663845E+06   0.126627E+02
   0.906662E-03   0.665172E+06   0.665094E+06   0.798067E+06   0.794516E+06   0.664270E+06   0.665119E+06   0.665159E+06   0.672571E+06  -0.598977E+00   0.663474E+06   0.663463E+06   0.139621E+02
   0.100106E-02   0.664714E+06   0.664619E+06   0.779164E+06   0.774958E+06   0.663519E+06   0.664645E+06   0.664698E+06   0.671919E+06  -0.598360E+00   0.663013E+06   0.663000E+06   0.153906E+02
   0.110528E-02   0.664158E+06   0.664043E+06   0.756668E+06   0.751718E+06   0.662608E+06   0.664071E+06   0.664140E+06   0.671132E+06  -0.597615E+00   0.662454E+06   0.662438E+06   0.169593E+02
   0.122035E-02   0.663486E+06   0.663345E+06   0.730040E+06   0.724262E+06   0.661503E+06   0.663375E+06   0.663463E+06   0.670184E+06  -0.596717E+00   0.661776E+06   0.661756E+06   0.186803E+02
   0.134740E-02   0.662673E+06   0.662501E+06   0.698729E+06   0.692052E+06   0.660142E+06   0.662532E+06   0.662645E+06   0.669046E+06  -0.595638E+00   0.660953E+06   0.660929E+06   0.205657E+02
   0.148768E-02   0.661691E+06   0.661482E+06   0.662211E+06   0.654592E+06   0.658491E+06   0.661514E+06   0.661657E+06   0.667684E+06  -0.594344E+00   0.659958E+06   0.659929E+06   0.226282E+02
   0.164257E-02   0.660507E+06   0.660252E+06   0.620046E+06   0.611490E+06   0.656510E+06   0.660288E+06   0.660466E+06   0.666060E+06  -0.592798E+00   0.658757E+06   0.658721E+06   0.248801E+02
   0.181358E-02   0.659083E+06   0.658773E+06   0.571970E+06   0.562554E+06   0.654130E+06   0.658812E+06   0.659033E+06   0.664133E+06  -0.590960E+00   0.657309E+06   0.657266E+06   0.273339E+02
   0.200239E-02   0.657376E+06   0.656998E+06   0.517999E+06   0.507904E+06   0.651274E+06   0.657042E+06   0.657315E+06   0.661856E+06  -0.588785E+00   0.655567E+06   0.655515E+06   0.300010E+02
   0.221086E-02   0.655335E+06   0.654875E+06   0.458585E+06   0.448127E+06   0.647852E+06   0.654927E+06   0.655260E+06   0.659184E+06  -0.586226E+00   0.653480E+06   0.653416E+06   0.328920E+02
   0.244104E-02   0.652905E+06   0.652346E+06   0.394769E+06   0.384424E+06   0.643764E+06   0.652407E+06   0.652815E+06   0.656068E+06  -0.583235E+00   0.650985E+06   0.650909E+06   0.360163E+02
   0.269518E-02   0.650026E+06   0.649346E+06   0.328341E+06   0.318751E+06   0.638897E+06   0.649420E+06   0.649916E+06   0.652462E+06  -0.579767E+00   0.648017E+06   0.647925E+06   0.393817E+02
   0.297578E-02   0.646632E+06   0.645805E+06   0.261935E+06   0.253874E+06   0.633125E+06   0.645896E+06   0.646499E+06   0.648322E+06  -0.575779E+00   0.644503E+06   0.644392E+06   0.429945E+02
   0.328559E-02   0.642656E+06   0.641651E+06   0.198984E+06   0.193251E+06   0.626314E+06   0.641765E+06   0.642494E+06   0.643608E+06  -0.571239E+00   0.640367E+06   0.640233E+06   0.468598E+02
   0.362766E-02   0.638029E+06   0.636809E+06   0.143420E+06   0.140657E+06   0.618324E+06   0.636953E+06   0.637832E+06   0.638286E+06  -0.566119E+00   0.635532E+06   0.635371E+06   0.509825E+02
   0.400534E-02   0.632684E+06   0.631203E+06   0.990334E+05   0.994508E+05   0.609009E+06   0.631388E+06   0.632444E+06   0.632316E+06  -0.560401E+00   0.629922E+06   0.629729E+06   0.553685E+02
   0.442234E-02   0.626557E+06   0.624762E+06   0.684462E+05   0.715406E+05   0.598230E+06   0.625004E+06   0.626267E+06   0.625653E+06  -0.554069E+00   0.623472E+06   0.623241E+06   0.600263E+02
   0.488276E-02   0.619592E+06   0.617417E+06   0.518952E+05   0.563052E+05   0.585856E+06   0.617736E+06   0.619240E+06   0.618234E+06  -0.547102E+00   0.616122E+06   0.615846E+06   0.649683E+02
   0.539111E-02   0.611734E+06   0.609103E+06   0.463353E+05   0.500774E+05   0.571772E+06   0.609527E+06   0.611309E+06   0.609971E+06  -0.539459E+00   0.607829E+06   0.607499E+06   0.702106E+02
   0.595239E-02   0.602933E+06   0.599754E+06   0.457104E+05   0.469768E+05   0.555890E+06   0.600322E+06   0.602419E+06   0.600753E+06  -0.531074E+00   0.598555E+06   0.598163E+06   0.757708E+02
   0.657210E-02   0.593137E+06   0.589302E+06   0.431601E+05   0.415062E+05   0.538155E+06   0.590067E+06   0.592518E+06   0.590466E+06  -0.521850E+00   0.588269E+06   0.587802E+06   0.816624E+02
   0.725633E-02   0.582291E+06   0.577671E+06   0.348650E+05   0.319494E+05   0.518558E+06   0.578706E+06   0.581544E+06   0.579023E+06  -0.511680E+00   0.576928E+06   0.576373E+06   0.878878E+02
   0.801180E-02   0.570334E+06   0.564779E+06   0.230938E+05   0.217310E+05   0.497146E+06   0.566178E+06   0.569436E+06   0.566390E+06  -0.500476E+00   0.564476E+06   0.563818E+06   0.944319E+02
   0.884592E-02   0.557207E+06   0.550544E+06   0.145384E+05   0.159114E+05   0.474037E+06   0.552430E+06   0.556130E+06   0.552570E+06  -0.488195E+00   0.550845E+06   0.550065E+06   0.101261E+03
   0.976688E-02   0.542857E+06   0.534885E+06   0.129864E+05   0.144899E+05   0.449424E+06   0.537415E+06   0.541568E+06   0.537541E+06  -0.474828E+00   0.535966E+06   0.535045E+06   0.108325E+03
   0.107837E-01   0.527243E+06   0.517736E+06   0.137673E+05   0.115235E+05   0.423566E+06   0.521103E+06   0.525706E+06   0.521225E+06  -0.460352E+00   0.519814E+06   0.518729E+06   0.115554E+03
   0.119064E-01   0.510337E+06   0.499040E+06   0.103431E+05   0.913135E+04   0.396753E+06   0.503475E+06   0.508511E+06   0.503568E+06  -0.444732E+00   0.502366E+06   0.501092E+06   0.122849E+03
   0.131460E-01   0.492121E+06   0.478756E+06   0.580563E+04   0.720675E+04   0.369276E+06   0.484522E+06   0.489961E+06   0.484580E+06  -0.427943E+00   0.483615E+06   0.482127E+06   0.130062E+03
   0.145147E-01   0.472593E+06   0.456865E+06   0.583178E+04   0.566120E+04   0.341400E+06   0.464253E+06   0.470051E+06   0.464307E+06  -0.410001E+00   0.463562E+06   0.461831E+06   0.136991E+03
   0.160258E-01   0.451772E+06   0.433381E+06   0.516484E+04   0.442511E+04   0.313379E+06   0.442697E+06   0.448800E+06   0.442743E+06  -0.390940E+00   0.442230E+06   0.440230E+06   0.143380E+03
   0.176943E-01   0.429705E+06   0.408364E+06   0.277332E+04   0.344047E+04   0.285498E+06   0.419912E+06   0.426256E+06   0.419940E+06  -0.370795E+00   0.419678E+06   0.417385E+06   0.148899E+03
   0.195365E-01   0.406469E+06   0.381937E+06   0.315370E+04   0.265875E+04   0.258104E+06   0.395996E+06   0.402504E+06   0.396024E+06  -0.349659E+00   0.395994E+06   0.393390E+06   0.153140E+03
   0.215705E-01   0.382190E+06   0.354308E+06   0.174111E+04   0.204167E+04   0.231546E+06   0.371098E+06   0.377684E+06   0.371115E+06  -0.327661E+00   0.371319E+06   0.368396E+06   0.155626E+03
   0.238162E-01   0.357050E+06   0.325800E+06   0.181983E+04   0.155692E+04   0.206010E+06   0.345420E+06   0.352000E+06   0.345436E+06  -0.304977E+00   0.345853E+06   0.342622E+06   0.155813E+03
   0.262957E-01   0.331302E+06   0.296868E+06   0.993133E+03   0.117870E+04   0.181433E+06   0.319234E+06   0.325737E+06   0.319244E+06  -0.281849E+00   0.319865E+06   0.316360E+06   0.153134E+03
   0.290334E-01   0.305496E+06   0.268339E+06   0.956410E+03   0.885969E+03   0.156452E+06   0.293044E+06   0.299491E+06   0.293053E+06  -0.258720E+00   0.293889E+06   0.290172E+06   0.147057E+03
   0.320561E-01   0.279668E+06   0.240597E+06   0.748026E+03   0.661250E+03   0.133915E+06   0.267070E+06   0.273354E+06   0.267076E+06  -0.235782E+00   0.268062E+06   0.264234E+06   0.137165E+03
   0.353936E-01   0.254569E+06   0.214776E+06   0.467356E+03   0.490919E+03   0.113710E+06   0.242079E+06   0.248138E+06   0.242084E+06  -0.213715E+00   0.243165E+06   0.239365E+06   0.123317E+03
   0.390784E-01   0.230780E+06   0.191821E+06   0.311003E+03   0.363307E+03   0.960248E+05   0.218695E+06   0.224484E+06   0.218698E+06  -0.193068E+00   0.219825E+06   0.216225E+06   0.105795E+03
   0.431470E-01   0.209003E+06   0.172672E+06   0.237776E+03   0.268988E+03   0.806740E+05   0.197612E+06   0.203131E+06   0.197615E+06  -0.174453E+00   0.198745E+06   0.195534E+06   0.854738E+02
   0.474616E-01   0.190280E+06   0.158152E+06   0.202198E+03   0.202132E+03   0.680294E+05   0.179812E+06   0.185088E+06   0.179814E+06  -0.158737E+00   0.180909E+06   0.178234E+06   0.647347E+02
   0.517763E-01   0.175388E+06   0.148217E+06   0.156723E+03   0.156672E+03   0.583380E+05   0.165919E+06   0.170997E+06   0.165921E+06  -0.146471E+00   0.166960E+06   0.164867E+06   0.464382E+02
   0.560910E-01   0.163207E+06   0.141025E+06   0.124514E+03   0.124473E+03   0.508104E+05   0.154718E+06   0.159622E+06   0.154719E+06  -0.136582E+00   0.155697E+06   0.154150E+06   0.316769E+02
   0.604057E-01   0.152895E+06   0.135113E+06   0.100796E+03   0.100764E+03   0.446423E+05   0.145272E+06   0.150021E+06   0.145273E+06  -0.128242E+00   0.146199E+06   0.145099E+06   0.209127E+02
   0.647204E-01   0.143840E+06   0.129444E+06   0.827302E+02   0.827032E+02   0.393909E+05   0.136911E+06   0.141514E+06   0.136912E+06  -0.120861E+00   0.137803E+06   0.137012E+06   0.140469E+02
   0.690351E-01   0.135462E+06   0.123233E+06   0.685000E+02   0.684776E+02   0.348552E+05   0.129040E+06   0.133485E+06   0.129041E+06  -0.113912E+00   0.129911E+06   0.129277E+06   0.105526E+02
   0.733498E-01   0.127377E+06   0.116121E+06   0.569917E+02   0.569730E+02   0.308407E+05   0.121289E+06   0.125558E+06   0.121289E+06  -0.107069E+00   0.122151E+06   0.121535E+06   0.963146E+01
   0.776645E-01   0.119436E+06   0.108163E+06   0.475402E+02   0.475247E+02   0.272219E+05   0.113540E+06   0.117614E+06   0.113541E+06  -0.100229E+00   0.114401E+06   0.113700E+06   0.103693E+02
   0.819792E-01   0.111693E+06   0.997451E+05   0.397476E+02   0.397346E+02   0.239674E+05   0.105895E+06   0.109762E+06   0.105896E+06  -0.934800E-01   0.106759E+06   0.105911E+06   0.118807E+02
   0.862939E-01   0.104310E+06   0.914089E+05   0.333484E+02   0.333375E+02   0.211109E+05   0.985693E+05   0.102225E+06   0.985697E+05  -0.870127E-01   0.994328E+05   0.984244E+05   0.134224E+02
   0.906086E-01   0.974493E+05   0.836730E+05   0.281273E+02   0.281181E+02   0.186327E+05   0.917711E+05   0.952229E+05   0.917713E+05  -0.810113E-01   0.926289E+05   0.914877E+05   0.144666E+02
   0.959689E-01   0.898406E+05   0.754920E+05   0.230024E+02   0.229949E+02   0.160362E+05   0.842999E+05   0.875217E+05   0.843001E+05  -0.744160E-01   0.851395E+05   0.839148E+05   0.146583E+02
   0.101329E+00   0.834022E+05   0.693018E+05   0.190995E+02   0.190932E+02   0.139503E+05   0.780960E+05   0.811234E+05   0.780962E+05  -0.689393E-01   0.789036E+05   0.777063E+05   0.135717E+02
   0.106690E+00   0.781836E+05   0.651437E+05   0.161447E+02   0.161394E+02   0.123092E+05   0.732023E+05   0.760762E+05   0.732025E+05  -0.646193E-01   0.739685E+05   0.728987E+05   0.115171E+02
   0.112050E+00   0.740316E+05   0.626230E+05   0.138851E+02   0.138806E+02   0.110030E+05   0.694303E+05   0.721878E+05   0.694304E+05  -0.612895E-01   0.701515E+05   0.692725E+05   0.901151E+01
   0.117410E+00   0.706205E+05   0.610450E+05   0.121006E+02   0.120966E+02   0.993990E+04   0.664080E+05   0.690730E+05   0.664081E+05  -0.586214E-01   0.670854E+05   0.664115E+05   0.659266E+01
   0.122770E+00   0.675919E+05   0.596764E+05   0.106248E+02   0.106213E+02   0.902453E+04   0.637307E+05   0.663126E+05   0.637308E+05  -0.562580E-01   0.643697E+05   0.638701E+05   0.467484E+01
   0.128131E+00   0.646684E+05   0.579610E+05   0.935125E+01   0.934816E+01   0.819373E+04   0.610880E+05   0.635844E+05   0.610881E+05  -0.539252E-01   0.616965E+05   0.613092E+05   0.347129E+01
   0.133491E+00   0.616917E+05   0.556151E+05   0.822174E+01   0.821903E+01   0.742212E+04   0.583080E+05   0.607097E+05   0.583081E+05  -0.514711E-01   0.588940E+05   0.585470E+05   0.298606E+01
   0.138851E+00   0.586174E+05   0.526312E+05   0.721032E+01   0.720794E+01   0.669722E+04   0.553536E+05   0.576500E+05   0.553536E+05  -0.488630E-01   0.559239E+05   0.555541E+05   0.305918E+01
   0.144212E+00   0.554927E+05   0.492198E+05   0.630988E+01   0.630779E+01   0.601843E+04   0.522949E+05   0.544790E+05   0.522950E+05  -0.461630E-01   0.528537E+05   0.524216E+05   0.344183E+01
   0.149572E+00   0.524220E+05   0.457122E+05   0.552111E+01   0.551928E+01   0.540243E+04   0.492674E+05   0.513376E+05   0.492674E+05  -0.434904E-01   0.498151E+05   0.493104E+05   0.387637E+01
   0.154932E+00   0.495352E+05   0.424603E+05   0.484521E+01   0.484361E+01   0.485660E+04   0.464298E+05   0.483919E+05   0.464298E+05  -0.409855E-01   0.469647E+05   0.464035E+05   0.416023E+01
   0.160293E+00   0.469570E+05   0.397504E+05   0.427983E+01   0.427842E+01   0.438701E+04   0.439263E+05   0.457924E+05   0.439263E+05  -0.387756E-01   0.444453E+05   0.438617E+05   0.418183E+01
   0.165653E+00   0.447612E+05   0.377261E+05   0.381571E+01   0.381445E+01   0.399535E+04   0.418382E+05   0.436243E+05   0.418383E+05  -0.369324E-01   0.423386E+05   0.417723E+05   0.392692E+01
   0.171013E+00   0.429367E+05   0.363517E+05   0.343591E+01   0.343478E+01   0.366894E+04   0.401507E+05   0.418725E+05   0.401508E+05  -0.354427E-01   0.406305E+05   0.401154E+05   0.346020E+01
   0.176373E+00   0.414028E+05   0.354498E+05   0.312003E+01   0.311900E+01   0.339284E+04   0.387710E+05   0.404407E+05   0.387710E+05  -0.342247E-01   0.392297E+05   0.387857E+05   0.289139E+01
   0.181734E+00   0.400571E+05   0.347863E+05   0.284946E+01   0.284852E+01   0.315353E+04   0.375805E+05   0.392053E+05   0.375805E+05  -0.331738E-01   0.380188E+05   0.376490E+05   0.233715E+01
   0.187094E+00   0.388047E+05   0.341393E+05   0.260971E+01   0.260885E+01   0.293700E+04   0.364682E+05   0.380507E+05   0.364682E+05  -0.321919E-01   0.368885E+05   0.365807E+05   0.189008E+01
   0.192454E+00   0.375621E+05   0.333348E+05   0.239036E+01   0.238956E+01   0.273343E+04   0.353400E+05   0.368789E+05   0.353400E+05  -0.311960E-01   0.357453E+05   0.354771E+05   0.160073E+01
   0.197815E+00   0.362704E+05   0.322772E+05   0.218514E+01   0.218442E+01   0.253848E+04   0.341339E+05   0.356251E+05   0.341339E+05  -0.301313E-01   0.345269E+05   0.342731E+05   0.147371E+01
   0.203175E+00   0.349176E+05   0.309723E+05   0.199230E+01   0.199164E+01   0.234937E+04   0.328410E+05   0.342800E+05   0.328410E+05  -0.289900E-01   0.332238E+05   0.329628E+05   0.147556E+01
   0.208535E+00   0.335382E+05   0.295142E+05   0.181335E+01   0.181275E+01   0.216981E+04   0.315034E+05   0.328879E+05   0.315035E+05  -0.278093E-01   0.318775E+05   0.315960E+05   0.155044E+01
   0.213896E+00   0.321851E+05   0.280352E+05   0.165060E+01   0.165005E+01   0.200342E+04   0.301844E+05   0.315144E+05   0.301844E+05  -0.266449E-01   0.305500E+05   0.302449E+05   0.163843E+01
   0.219256E+00   0.309060E+05   0.266590E+05   0.150548E+01   0.150498E+01   0.185193E+04   0.289412E+05   0.302197E+05   0.289412E+05  -0.255475E-01   0.292981E+05   0.289754E+05   0.169087E+01
   0.224616E+00   0.297372E+05   0.254766E+05   0.137830E+01   0.137784E+01   0.171733E+04   0.278168E+05   0.290486E+05   0.278168E+05  -0.245550E-01   0.281643E+05   0.278358E+05   0.167969E+01
   0.229977E+00   0.287006E+05   0.245331E+05   0.126825E+01   0.126783E+01   0.159987E+04   0.268360E+05   0.280270E+05   0.268360E+05  -0.236892E-01   0.271731E+05   0.268528E+05   0.159980E+01
   0.235337E+00   0.277967E+05   0.238199E+05   0.117332E+01   0.117294E+01   0.149722E+04   0.259977E+05   0.271540E+05   0.259977E+05  -0.229491E-01   0.263240E+05   0.260237E+05   0.146557E+01
   0.240697E+00   0.270029E+05   0.232810E+05   0.109062E+01   0.109026E+01   0.140709E+04   0.252749E+05   0.264014E+05   0.252749E+05  -0.223111E-01   0.255904E+05   0.253173E+05   0.130323E+01
   0.246057E+00   0.262830E+05   0.228346E+05   0.101703E+01   0.101669E+01   0.132617E+04   0.246260E+05   0.257257E+05   0.246260E+05  -0.217383E-01   0.249312E+05   0.246865E+05   0.114196E+01
   0.251418E+00   0.255996E+05   0.223993E+05   0.949840E+00   0.949525E+00   0.125094E+04   0.240083E+05   0.250824E+05   0.240084E+05  -0.211931E-01   0.243040E+05   0.240838E+05   0.100599E+01
   0.256778E+00   0.249220E+05   0.219123E+05   0.887116E+00   0.886822E+00   0.118007E+04   0.233875E+05   0.244356E+05   0.233875E+05  -0.206451E-01   0.236747E+05   0.234714E+05   0.909661E+00
   0.262138E+00   0.242316E+05   0.213411E+05   0.827733E+00   0.827458E+00   0.111192E+04   0.227435E+05   0.237644E+05   0.227435E+05  -0.200766E-01   0.230233E+05   0.228280E+05   0.855797E+00
   0.267499E+00   0.235250E+05   0.206874E+05   0.771373E+00   0.771117E+00   0.104602E+04   0.220740E+05   0.230664E+05   0.220740E+05  -0.194855E-01   0.223471E+05   0.221521E+05   0.837169E+00
   0.272859E+00   0.228127E+05   0.199810E+05   0.718286E+00   0.718048E+00   0.983104E+03   0.213918E+05   0.223550E+05   0.213918E+05  -0.188834E-01   0.216589E+05   0.214593E+05   0.840164E+00
   0.278219E+00   0.221117E+05   0.192659E+05   0.668922E+00   0.668700E+00   0.923845E+03   0.207176E+05   0.216518E+05   0.207176E+05  -0.182882E-01   0.209788E+05   0.207731E+05   0.849331E+00
   0.283580E+00   0.214395E+05   0.185860E+05   0.623656E+00   0.623450E+00   0.868697E+03   0.200720E+05   0.209783E+05   0.200720E+05  -0.177183E-01   0.203275E+05   0.201173E+05   0.851448E+00
   0.288940E+00   0.208105E+05   0.179755E+05   0.582669E+00   0.582475E+00   0.818527E+03   0.194720E+05   0.203524E+05   0.194720E+05  -0.171887E-01   0.197215E+05   0.195106E+05   0.838197E+00
   0.294300E+00   0.202334E+05   0.174523E+05   0.545871E+00   0.545690E+00   0.773000E+03   0.189272E+05   0.197840E+05   0.189272E+05  -0.167077E-01   0.191705E+05   0.189637E+05   0.807142E+00
   0.299661E+00   0.197086E+05   0.170153E+05   0.512896E+00   0.512726E+00   0.731797E+03   0.184377E+05   0.192734E+05   0.184377E+05  -0.162757E-01   0.186748E+05   0.184763E+05   0.761140E+00
   0.305021E+00   0.192287E+05   0.166465E+05   0.483165E+00   0.483004E+00   0.694582E+03   0.179949E+05   0.188114E+05   0.179949E+05  -0.158847E-01   0.182258E+05   0.180382E+05   0.706610E+00
   0.310381E+00   0.187814E+05   0.163190E+05   0.456022E+00   0.455871E+00   0.660260E+03   0.175847E+05   0.183835E+05   0.175847E+05  -0.155227E-01   0.178097E+05   0.176337E+05   0.651244E+00
   0.315741E+00   0.183541E+05   0.160044E+05   0.430876E+00   0.430733E+00   0.628144E+03   0.171926E+05   0.179744E+05   0.171926E+05  -0.151765E-01   0.174120E+05   0.172465E+05   0.601859E+00
   0.321102E+00   0.179358E+05   0.156802E+05   0.407265E+00   0.407130E+00   0.597777E+03   0.168063E+05   0.175713E+05   0.168063E+05  -0.148356E-01   0.170205E+05   0.168631E+05   0.562892E+00
   0.326462E+00   0.175191E+05   0.153332E+05   0.384885E+00   0.384757E+00   0.568654E+03   0.164178E+05   0.171658E+05   0.164178E+05  -0.144926E-01   0.166272E+05   0.164749E+05   0.535781E+00
   0.331822E+00   0.171013E+05   0.149611E+05   0.363603E+00   0.363482E+00   0.540671E+03   0.160247E+05   0.167554E+05   0.160247E+05  -0.141456E-01   0.162296E+05   0.160796E+05   0.519173E+00
   0.337183E+00   0.166849E+05   0.145721E+05   0.343424E+00   0.343310E+00   0.514040E+03   0.156300E+05   0.163434E+05   0.156300E+05  -0.137972E-01   0.158307E+05   0.156811E+05   0.509760E+00
   0.342543E+00   0.162754E+05   0.141805E+05   0.324426E+00   0.324318E+00   0.488568E+03   0.152406E+05   0.159368E+05   0.152406E+05  -0.134534E-01   0.154372E+05   0.152871E+05   0.503418E+00
   0.347903E+00   0.158791E+05   0.138017E+05   0.306691E+00   0.306589E+00   0.464625E+03   0.148638E+05   0.155434E+05   0.148638E+05  -0.131208E-01   0.150565E+05   0.149061E+05   0.496336E+00
   0.353264E+00   0.155011E+05   0.134482E+05   0.290257E+00   0.290160E+00   0.442341E+03   0.145056E+05   0.151693E+05   0.145056E+05  -0.128046E-01   0.146943E+05   0.145449E+05   0.485854E+00
   0.358624E+00   0.151445E+05   0.131269E+05   0.275103E+00   0.275012E+00   0.421607E+03   0.141696E+05   0.148184E+05   0.141696E+05  -0.125080E-01   0.143544E+05   0.142073E+05   0.470871E+00
   0.363984E+00   0.148098E+05   0.128389E+05   0.261150E+00   0.261063E+00   0.402420E+03   0.138563E+05   0.144913E+05   0.138563E+05  -0.122315E-01   0.140372E+05   0.138940E+05   0.451783E+00
   0.369344E+00   0.144952E+05   0.125793E+05   0.248269E+00   0.248187E+00   0.384635E+03   0.135636E+05   0.141856E+05   0.135636E+05  -0.119731E-01   0.137406E+05   0.136023E+05   0.430086E+00
   0.374705E+00   0.141969E+05   0.123398E+05   0.236304E+00   0.236225E+00   0.367933E+03   0.132870E+05   0.138968E+05   0.132870E+05  -0.117289E-01   0.134602E+05   0.133272E+05   0.407802E+00
   0.380065E+00   0.139102E+05   0.121106E+05   0.225101E+00   0.225026E+00   0.352263E+03   0.130215E+05   0.136194E+05   0.130215E+05  -0.114945E-01   0.131911E+05   0.130630E+05   0.386888E+00
   0.385425E+00   0.136314E+05   0.118834E+05   0.214533E+00   0.214461E+00   0.337427E+03   0.127625E+05   0.133489E+05   0.127625E+05  -0.112659E-01   0.129286E+05   0.128049E+05   0.368770E+00
   0.390786E+00   0.133575E+05   0.116529E+05   0.204507E+00   0.204439E+00   0.323150E+03   0.125070E+05   0.130820E+05   0.125070E+05  -0.110403E-01   0.126698E+05   0.125494E+05   0.354101E+00
   0.396146E+00   0.130870E+05   0.114172E+05   0.194970E+00   0.194905E+00   0.309546E+03   0.122534E+05   0.128171E+05   0.122534E+05  -0.108165E-01   0.124132E+05   0.122950E+05   0.342733E+00
   0.401506E+00   0.128199E+05   0.111776E+05   0.185894E+00   0.185833E+00   0.296511E+03   0.120020E+05   0.125545E+05   0.120020E+05  -0.105946E-01   0.121588E+05   0.120421E+05   0.333902E+00
   0.406867E+00   0.125575E+05   0.109382E+05   0.177283E+00   0.177224E+00   0.284045E+03   0.117545E+05   0.122958E+05   0.117545E+05  -0.103761E-01   0.119084E+05   0.117927E+05   0.326517E+00
   0.412227E+00   0.123021E+05   0.107042E+05   0.169148E+00   0.169092E+00   0.272228E+03   0.115133E+05   0.120439E+05   0.115133E+05  -0.101632E-01   0.116645E+05   0.115498E+05   0.319473E+00
   0.417587E+00   0.120555E+05   0.104802E+05   0.161496E+00   0.161443E+00   0.261037E+03   0.112809E+05   0.118010E+05   0.112809E+05  -0.995803E-02   0.114292E+05   0.113159E+05   0.311906E+00
   0.422948E+00   0.118188E+05   0.102689E+05   0.154316E+00   0.154264E+00   0.250426E+03   0.110582E+05   0.115683E+05   0.110582E+05  -0.976151E-02   0.112039E+05   0.110922E+05   0.303350E+00
   0.428308E+00   0.115920E+05   0.100709E+05   0.147581E+00   0.147532E+00   0.240515E+03   0.108457E+05   0.113462E+05   0.108457E+05  -0.957388E-02   0.109887E+05   0.108791E+05   0.293758E+00
   0.433668E+00   0.113749E+05   0.988541E+04   0.141261E+00   0.141215E+00   0.231141E+03   0.106428E+05   0.111342E+05   0.106428E+05  -0.939480E-02   0.107832E+05   0.106762E+05   0.283434E+00
   0.439028E+00   0.111666E+05   0.971021E+04   0.135318E+00   0.135273E+00   0.222248E+03   0.104486E+05   0.109313E+05   0.104486E+05  -0.922337E-02   0.105864E+05   0.104821E+05   0.272886E+00
   0.444389E+00   0.109656E+05   0.954212E+04   0.129707E+00   0.129664E+00   0.213855E+03   0.102614E+05   0.107356E+05   0.102614E+05  -0.905808E-02   0.103967E+05   0.102951E+05   0.262667E+00
   0.449749E+00   0.107702E+05   0.937789E+04   0.124385E+00   0.124344E+00   0.205828E+03   0.100792E+05   0.105452E+05   0.100792E+05  -0.889726E-02   0.102121E+05   0.101129E+05   0.253231E+00
   0.455109E+00   0.105791E+05   0.921522E+04   0.119321E+00   0.119281E+00   0.198159E+03   0.990072E+04   0.103586E+05   0.990072E+04  -0.873972E-02   0.100313E+05   0.993431E+04   0.244836E+00
   0.460470E+00   0.103917E+05   0.905318E+04   0.114493E+00   0.114455E+00   0.190841E+03   0.972539E+04   0.101754E+05   0.972539E+04  -0.858495E-02   0.985376E+04   0.975854E+04   0.237524E+00
   0.465830E+00   0.102080E+05   0.889188E+04   0.109888E+00   0.109851E+00   0.183793E+03   0.955310E+04   0.999529E+04   0.955310E+04  -0.843286E-02   0.967932E+04   0.958558E+04   0.231145E+00
   0.471190E+00   0.100280E+05   0.873212E+04   0.105498E+00   0.105463E+00   0.177032E+03   0.938403E+04   0.981856E+04   0.938403E+04  -0.828362E-02   0.950816E+04   0.941569E+04   0.225425E+00
   0.476551E+00   0.985205E+04   0.857521E+04   0.101317E+00   0.101283E+00   0.170622E+03   0.921867E+04   0.964570E+04   0.921867E+04  -0.813765E-02   0.934076E+04   0.924947E+04   0.220048E+00
   0.481911E+00   0.968076E+04   0.842268E+04   0.973424E-01   0.973101E-01   0.164451E+03   0.905771E+04   0.947744E+04   0.905771E+04  -0.799557E-02   0.917782E+04   0.908772E+04   0.214737E+00
   0.487271E+00   0.951467E+04   0.827578E+04   0.935712E-01   0.935401E-01   0.158582E+03   0.890181E+04   0.931446E+04   0.890181E+04  -0.785795E-02   0.901996E+04   0.893117E+04   0.209310E+00
   0.492631E+00   0.935401E+04   0.813508E+04   0.899955E-01   0.899656E-01   0.153007E+03   0.875122E+04   0.915702E+04   0.875122E+04  -0.772501E-02   0.886745E+04   0.878009E+04   0.203698E+00
   0.497992E+00   0.919858E+04   0.800036E+04   0.866034E-01   0.865746E-01   0.147678E+03   0.860575E+04   0.900494E+04   0.860575E+04  -0.759660E-02   0.872011E+04   0.863429E+04   0.197940E+00
   0.503352E+00   0.904794E+04   0.787087E+04   0.833810E-01   0.833533E-01   0.142617E+03   0.846493E+04   0.885771E+04   0.846493E+04  -0.747230E-02   0.857746E+04   0.849325E+04   0.192149E+00
   0.508712E+00   0.890163E+04   0.774565E+04   0.803146E-01   0.802879E-01   0.137793E+03   0.832826E+04   0.871481E+04   0.832826E+04  -0.735165E-02   0.843898E+04   0.835640E+04   0.186470E+00
   0.514073E+00   0.875925E+04   0.762379E+04   0.773918E-01   0.773661E-01   0.133136E+03   0.819525E+04   0.857575E+04   0.819525E+04  -0.723424E-02   0.830423E+04   0.822320E+04   0.181040E+00
   0.519433E+00   0.862036E+04   0.750447E+04   0.746015E-01   0.745767E-01   0.128696E+03   0.806544E+04   0.844002E+04   0.806544E+04  -0.711965E-02   0.817272E+04   0.809315E+04   0.175953E+00
   0.524793E+00   0.848450E+04   0.738700E+04   0.719328E-01   0.719089E-01   0.124452E+03   0.793835E+04   0.830713E+04   0.793835E+04  -0.700746E-02   0.804399E+04   0.796575E+04   0.171247E+00
   0.530154E+00   0.835136E+04   0.727107E+04   0.693776E-01   0.693545E-01   0.120340E+03   0.781368E+04   0.817678E+04   0.781368E+04  -0.689742E-02   0.791772E+04   0.784069E+04   0.166902E+00
   0.535514E+00   0.822095E+04   0.715683E+04   0.669309E-01   0.669086E-01   0.116416E+03   0.769146E+04   0.804897E+04   0.769146E+04  -0.678953E-02   0.779394E+04   0.771801E+04   0.162855E+00
   0.540874E+00   0.809344E+04   0.704475E+04   0.645898E-01   0.645683E-01   0.112635E+03   0.757191E+04   0.792396E+04   0.757191E+04  -0.668400E-02   0.767286E+04   0.759798E+04   0.159020E+00
   0.546235E+00   0.796897E+04   0.693529E+04   0.623510E-01   0.623303E-01   0.109001E+03   0.745520E+04   0.780192E+04   0.745521E+04  -0.658097E-02   0.755467E+04   0.748081E+04   0.155312E+00
   0.551595E+00   0.784754E+04   0.682869E+04   0.602105E-01   0.601905E-01   0.105535E+03   0.734138E+04   0.768289E+04   0.734138E+04  -0.648050E-02   0.743939E+04   0.736656E+04   0.151665E+00
   0.556955E+00   0.772915E+04   0.672513E+04   0.581640E-01   0.581446E-01   0.102204E+03   0.723046E+04   0.756689E+04   0.723046E+04  -0.638259E-02   0.732704E+04   0.725526E+04   0.148041E+00
   0.562315E+00   0.761383E+04   0.662469E+04   0.562076E-01   0.561889E-01   0.989828E+02   0.712249E+04   0.745397E+04   0.712249E+04  -0.628728E-02   0.721767E+04   0.714696E+04   0.144434E+00
   0.567676E+00   0.750156E+04   0.652733E+04   0.543372E-01   0.543192E-01   0.959295E+02   0.701745E+04   0.734412E+04   0.701745E+04  -0.619455E-02   0.711125E+04   0.704164E+04   0.140860E+00
   0.573036E+00   0.739216E+04   0.643272E+04   0.525474E-01   0.525299E-01   0.929861E+02   0.691512E+04   0.723710E+04   0.691512E+04  -0.610423E-02   0.700759E+04   0.693906E+04   0.137355E+00
   0.578396E+00   0.728531E+04   0.634040E+04   0.508324E-01   0.508154E-01   0.901497E+02   0.681521E+04   0.713261E+04   0.681521E+04  -0.601603E-02   0.690636E+04   0.683891E+04   0.133955E+00
   0.629654E+00   0.637229E+04   0.554554E+04   0.375105E-01   0.374980E-01   0.678581E+02   0.596057E+04   0.623868E+04   0.596057E+04  -0.526160E-02   0.604057E+04   0.598154E+04   0.107684E+00
   0.769061E+00   0.463211E+04   0.403167E+04   0.182719E-01   0.182658E-01   0.344036E+02   0.433224E+04   0.453508E+04   0.433224E+04  -0.382422E-02   0.439074E+04   0.434792E+04   0.639643E-01
   0.939334E+00   0.335068E+04   0.291646E+04   0.885763E-02   0.885468E-02   0.172107E+02   0.313343E+04   0.328051E+04   0.313343E+04  -0.276599E-02   0.317594E+04   0.314499E+04   0.378509E-01
   0.114731E+01   0.241329E+04   0.210061E+04   0.427568E-02   0.427425E-02   0.851048E+01   0.225665E+04   0.236276E+04   0.225665E+04  -0.199203E-02   0.228736E+04   0.226508E+04   0.223071E-01
   0.140132E+01   0.173129E+04   0.150701E+04   0.205589E-02   0.205520E-02   0.416702E+01   0.161884E+04   0.169505E+04   0.161884E+04  -0.142901E-02   0.164092E+04   0.162494E+04   0.130967E-01
   0.171158E+01   0.123750E+04   0.107721E+04   0.984969E-03   0.984641E-03   0.202304E+01   0.115708E+04   0.121159E+04   0.115708E+04  -0.102140E-02   0.117288E+04   0.116147E+04   0.766225E-02
   0.209053E+01   0.881632E+03   0.767450E+03   0.470354E-03   0.470197E-03   0.975244E+00   0.824320E+03   0.863179E+03   0.824320E+03  -0.727657E-03   0.835591E+03   0.827458E+03   0.446886E-02
   0.255338E+01   0.626166E+03   0.545077E+03   0.223920E-03   0.223846E-03   0.467495E+00   0.585453E+03   0.613062E+03   0.585453E+03  -0.516799E-03   0.593463E+03   0.587685E+03   0.259888E-02
   0.311870E+01   0.443464E+03   0.386038E+03   0.106300E-03   0.106265E-03   0.222894E+00   0.414625E+03   0.434183E+03   0.414625E+03  -0.366004E-03   0.420301E+03   0.416208E+03   0.150752E-02
   0.380919E+01   0.313280E+03   0.272713E+03   0.503365E-04   0.503197E-04   0.105879E+00   0.292905E+03   0.306724E+03   0.292905E+03  -0.258558E-03   0.296916E+03   0.294022E+03   0.872606E-03
   0.465255E+01   0.220798E+03   0.192206E+03   0.237805E-04   0.237726E-04   0.501446E-01   0.206436E+03   0.216177E+03   0.206436E+03  -0.182229E-03   0.209264E+03   0.207222E+03   0.504200E-03
   0.568264E+01   0.155269E+03   0.135161E+03   0.112095E-04   0.112058E-04   0.236730E-01   0.145169E+03   0.152019E+03   0.145169E+03  -0.128146E-03   0.147158E+03   0.145718E+03   0.290913E-03
   0.694079E+01   0.108969E+03   0.948547E+02   0.527332E-05   0.527156E-05   0.111446E-01   0.101880E+03   0.106688E+03   0.101880E+03  -0.899334E-04   0.103277E+03   0.102263E+03   0.167714E-03
   0.847750E+01   0.763316E+02   0.664416E+02   0.247605E-05   0.247522E-05   0.523381E-02   0.713654E+02   0.747333E+02   0.713654E+02  -0.629967E-04   0.723436E+02   0.716301E+02   0.966741E-04
   0.103544E+02   0.533762E+02   0.464570E+02   0.116058E-05   0.116019E-05   0.245497E-02   0.499029E+02   0.522580E+02   0.499029E+02  -0.440510E-04   0.505872E+02   0.500844E+02   0.557702E-04
   0.126469E+02   0.372634E+02   0.324294E+02   0.543097E-06   0.542916E-06   0.114995E-02   0.348380E+02   0.364822E+02   0.348380E+02  -0.307528E-04   0.353161E+02   0.349611E+02   0.322411E-04
   0.154470E+02   0.259752E+02   0.226016E+02   0.253755E-06   0.253670E-06   0.536562E-03   0.242839E+02   0.254300E+02   0.242839E+02  -0.214363E-04   0.246174E+02   0.243658E+02   0.187118E-04
   0.188670E+02   0.180809E+02   0.157286E+02   0.118393E-06   0.118353E-06   0.250421E-03   0.169030E+02   0.177008E+02   0.169030E+02  -0.149209E-04   0.171355E+02   0.169559E+02   0.109295E-04
   0.230442E+02   0.125691E+02   0.109296E+02   0.551624E-07   0.551440E-07   0.116772E-03   0.117496E+02   0.123042E+02   0.117496E+02  -0.103718E-04   0.119115E+02   0.117822E+02   0.644636E-05
   0.281463E+02   0.872665E+01   0.758384E+01   0.256681E-07   0.256596E-07   0.543307E-04   0.815699E+01   0.854196E+01   0.815699E+01  -0.720046E-05   0.826969E+01   0.817520E+01   0.385594E-05
   0.343780E+02   0.605164E+01   0.525451E+01   0.119287E-07   0.119247E-07   0.252272E-04   0.565588E+01   0.592282E+01   0.565588E+01  -0.499265E-05   0.573436E+01   0.566398E+01   0.235146E-05
   0.419893E+02   0.419191E+01   0.363495E+01   0.553670E-08   0.553486E-08   0.117106E-04   0.391703E+01   0.410190E+01   0.391703E+01  -0.345770E-05   0.397172E+01   0.391796E+01   0.147061E-05
   0.512859E+02   0.290056E+01   0.251023E+01   0.256661E-08   0.256576E-08   0.544150E-05   0.270960E+01   0.283748E+01   0.270960E+01  -0.239186E-05   0.274779E+01   0.270543E+01   0.948665E-06
   0.626408E+02   0.200493E+01   0.173005E+01   0.118823E-08   0.118783E-08   0.252881E-05   0.187215E+01   0.196051E+01   0.187215E+01  -0.165261E-05   0.189890E+01   0.186432E+01   0.634042E-06
   0.765096E+02   0.138444E+01   0.118940E+01   0.549309E-09   0.549128E-09   0.116326E-05   0.129194E+01   0.135292E+01   0.129194E+01  -0.114044E-05   0.131078E+01   0.128147E+01   0.439917E-06
   0.934490E+02   0.954993E+00   0.815121E+00   0.253529E-09   0.253446E-09   0.538647E-06   0.890366E+00   0.932388E+00   0.890366E+00  -0.785957E-06   0.903728E+00   0.877981E+00   0.316470E-06
   0.114139E+03   0.658059E+00   0.556246E+00   0.116787E-09   0.116749E-09   0.247427E-06   0.612689E+00   0.641605E+00   0.612689E+00  -0.540842E-06   0.622272E+00   0.598918E+00   0.235020E-06
