#           k/h    P           
    0.10000E-03    0.61708E+02
    0.10202E-03    0.62911E+02
    0.10408E-03    0.64138E+02
    0.10618E-03    0.65389E+02
    0.10833E-03    0.66664E+02
    0.11052E-03    0.67964E+02
    0.11275E-03    0.69289E+02
    0.11503E-03    0.70640E+02
    0.11735E-03    0.72017E+02
    0.11972E-03    0.73421E+02
    0.12214E-03    0.74853E+02
    0.12461E-03    0.76312E+02
    0.12712E-03    0.77800E+02
    0.12969E-03    0.79317E+02
    0.13231E-03    0.80863E+02
    0.13499E-03    0.82439E+02
    0.13771E-03    0.84047E+02
    0.14049E-03    0.85685E+02
    0.14333E-03    0.87355E+02
    0.14623E-03    0.89058E+02
    0.14918E-03    0.90794E+02
    0.15220E-03    0.92564E+02
    0.15527E-03    0.94368E+02
    0.15841E-03    0.96207E+02
    0.16161E-03    0.98082E+02
    0.16487E-03    0.99993E+02
    0.16820E-03    0.10194E+03
    0.17160E-03    0.10393E+03
    0.17507E-03    0.10595E+03
    0.17860E-03    0.10802E+03
    0.18221E-03    0.11012E+03
    0.18589E-03    0.11227E+03
    0.18965E-03    0.11446E+03
    0.19348E-03    0.11669E+03
    0.19739E-03    0.11896E+03
    0.20138E-03    0.12128E+03
    0.20544E-03    0.12364E+03
    0.20959E-03    0.12605E+03
    0.21383E-03    0.12850E+03
    0.21815E-03    0.13100E+03
    0.22255E-03    0.13355E+03
    0.22705E-03    0.13615E+03
    0.23164E-03    0.13881E+03
    0.23632E-03    0.14151E+03
    0.24109E-03    0.14426E+03
    0.24596E-03    0.14707E+03
    0.25093E-03    0.14993E+03
    0.25600E-03    0.15285E+03
    0.26117E-03    0.15583E+03
    0.26645E-03    0.15886E+03
    0.27183E-03    0.16195E+03
    0.27732E-03    0.16510E+03
    0.28292E-03    0.16831E+03
    0.28864E-03    0.17158E+03
    0.29447E-03    0.17492E+03
    0.30042E-03    0.17832E+03
    0.30649E-03    0.18179E+03
    0.31268E-03    0.18532E+03
    0.31899E-03    0.18892E+03
    0.32544E-03    0.19260E+03
    0.33201E-03    0.19634E+03
    0.33872E-03    0.20015E+03
    0.34556E-03    0.20404E+03
    0.35254E-03    0.20800E+03
    0.35966E-03    0.21204E+03
    0.36693E-03    0.21616E+03
    0.37434E-03    0.22035E+03
    0.38190E-03    0.22463E+03
    0.38962E-03    0.22899E+03
    0.39749E-03    0.23343E+03
    0.40552E-03    0.23796E+03
    0.41371E-03    0.24257E+03
    0.42207E-03    0.24727E+03
    0.43060E-03    0.25207E+03
    0.43929E-03    0.25695E+03
    0.44817E-03    0.26193E+03
    0.45722E-03    0.26700E+03
    0.46646E-03    0.27217E+03
    0.47588E-03    0.27744E+03
    0.48550E-03    0.28280E+03
    0.49530E-03    0.28827E+03
    0.50531E-03    0.29385E+03
    0.51552E-03    0.29953E+03
    0.52593E-03    0.30531E+03
    0.53656E-03    0.31121E+03
    0.54739E-03    0.31722E+03
    0.55845E-03    0.32334E+03
    0.56973E-03    0.32958E+03
    0.58124E-03    0.33594E+03
    0.59299E-03    0.34241E+03
    0.60496E-03    0.34901E+03
    0.61719E-03    0.35573E+03
    0.62965E-03    0.36257E+03
    0.64237E-03    0.36955E+03
    0.65535E-03    0.37665E+03
    0.66859E-03    0.38389E+03
    0.68210E-03    0.39127E+03
    0.69588E-03    0.39878E+03
    0.70993E-03    0.40643E+03
    0.72427E-03    0.41422E+03
    0.73891E-03    0.42215E+03
    0.75383E-03    0.43024E+03
    0.76906E-03    0.43847E+03
    0.78460E-03    0.44685E+03
    0.80045E-03    0.45539E+03
    0.81662E-03    0.46409E+03
    0.83311E-03    0.47294E+03
    0.84994E-03    0.48195E+03
    0.86711E-03    0.49113E+03
    0.88463E-03    0.50048E+03
    0.90250E-03    0.51000E+03
    0.92073E-03    0.51968E+03
    0.93933E-03    0.52955E+03
    0.95831E-03    0.53959E+03
    0.97767E-03    0.54981E+03
    0.99742E-03    0.56021E+03
    0.10176E-02    0.57080E+03
    0.10381E-02    0.58158E+03
    0.10591E-02    0.59255E+03
    0.10805E-02    0.60372E+03
    0.11023E-02    0.61508E+03
    0.11246E-02    0.62664E+03
    0.11473E-02    0.63840E+03
    0.11705E-02    0.65037E+03
    0.11941E-02    0.66255E+03
    0.12182E-02    0.67494E+03
    0.12429E-02    0.68755E+03
    0.12680E-02    0.70037E+03
    0.12936E-02    0.71341E+03
    0.13197E-02    0.72668E+03
    0.13464E-02    0.74017E+03
    0.13736E-02    0.75389E+03
    0.14013E-02    0.76784E+03
    0.14296E-02    0.78203E+03
    0.14585E-02    0.79645E+03
    0.14880E-02    0.81112E+03
    0.15180E-02    0.82603E+03
    0.15487E-02    0.84118E+03
    0.15800E-02    0.85659E+03
    0.16119E-02    0.87224E+03
    0.16445E-02    0.88815E+03
    0.16777E-02    0.90432E+03
    0.17116E-02    0.92075E+03
    0.17462E-02    0.93744E+03
    0.17814E-02    0.95440E+03
    0.18174E-02    0.97162E+03
    0.18541E-02    0.98912E+03
    0.18916E-02    0.10069E+04
    0.19298E-02    0.10249E+04
    0.19688E-02    0.10432E+04
    0.20086E-02    0.10618E+04
    0.20491E-02    0.10807E+04
    0.20905E-02    0.10999E+04
    0.21328E-02    0.11193E+04
    0.21758E-02    0.11391E+04
    0.22198E-02    0.11591E+04
    0.22646E-02    0.11794E+04
    0.23104E-02    0.12000E+04
    0.23571E-02    0.12209E+04
    0.24047E-02    0.12421E+04
    0.24533E-02    0.12636E+04
    0.25028E-02    0.12854E+04
    0.25534E-02    0.13075E+04
    0.26050E-02    0.13298E+04
    0.26576E-02    0.13525E+04
    0.27113E-02    0.13755E+04
    0.27660E-02    0.13988E+04
    0.28219E-02    0.14223E+04
    0.28789E-02    0.14462E+04
    0.29371E-02    0.14703E+04
    0.29964E-02    0.14948E+04
    0.30569E-02    0.15195E+04
    0.31187E-02    0.15446E+04
    0.31817E-02    0.15699E+04
    0.32460E-02    0.15955E+04
    0.33115E-02    0.16214E+04
    0.33784E-02    0.16476E+04
    0.34467E-02    0.16740E+04
    0.35163E-02    0.17008E+04
    0.35874E-02    0.17278E+04
    0.36598E-02    0.17550E+04
    0.37338E-02    0.17826E+04
    0.38092E-02    0.18103E+04
    0.38861E-02    0.18384E+04
    0.39646E-02    0.18667E+04
    0.40447E-02    0.18952E+04
    0.41264E-02    0.19240E+04
    0.42098E-02    0.19530E+04
    0.42948E-02    0.19822E+04
    0.43816E-02    0.20116E+04
    0.44701E-02    0.20412E+04
    0.45604E-02    0.20710E+04
    0.46525E-02    0.21010E+04
    0.47465E-02    0.21312E+04
    0.48424E-02    0.21615E+04
    0.49402E-02    0.21920E+04
    0.50400E-02    0.22226E+04
    0.51419E-02    0.22533E+04
    0.52457E-02    0.22841E+04
    0.53517E-02    0.23151E+04
    0.54598E-02    0.23461E+04
    0.55701E-02    0.23772E+04
    0.56826E-02    0.24084E+04
    0.57974E-02    0.24395E+04
    0.59145E-02    0.24707E+04
    0.60340E-02    0.25019E+04
    0.61559E-02    0.25331E+04
    0.62803E-02    0.25642E+04
    0.64072E-02    0.25953E+04
    0.65366E-02    0.26263E+04
    0.66686E-02    0.26572E+04
    0.68033E-02    0.26879E+04
    0.69408E-02    0.27185E+04
    0.70810E-02    0.27490E+04
    0.72240E-02    0.27792E+04
    0.73700E-02    0.28093E+04
    0.75189E-02    0.28390E+04
    0.76708E-02    0.28685E+04
    0.78257E-02    0.28977E+04
    0.79838E-02    0.29266E+04
    0.81451E-02    0.29551E+04
    0.83096E-02    0.29833E+04
    0.84775E-02    0.30110E+04
    0.86488E-02    0.30382E+04
    0.88235E-02    0.30650E+04
    0.90017E-02    0.30913E+04
    0.91836E-02    0.31170E+04
    0.93691E-02    0.31421E+04
    0.95583E-02    0.31667E+04
    0.97514E-02    0.31906E+04
    0.99484E-02    0.32138E+04
    0.10149E-01    0.32363E+04
    0.10354E-01    0.32580E+04
    0.10564E-01    0.32790E+04
    0.10777E-01    0.32992E+04
    0.10995E-01    0.33185E+04
    0.11217E-01    0.33369E+04
    0.11443E-01    0.33543E+04
    0.11675E-01    0.33709E+04
    0.11910E-01    0.33864E+04
    0.12151E-01    0.34008E+04
    0.12397E-01    0.34142E+04
    0.12647E-01    0.34265E+04
    0.12902E-01    0.34377E+04
    0.13163E-01    0.34477E+04
    0.13429E-01    0.34564E+04
    0.13700E-01    0.34639E+04
    0.13977E-01    0.34701E+04
    0.14259E-01    0.34750E+04
    0.14547E-01    0.34786E+04
    0.14841E-01    0.34807E+04
    0.15141E-01    0.34815E+04
    0.15447E-01    0.34808E+04
    0.15759E-01    0.34787E+04
    0.16077E-01    0.34750E+04
    0.16402E-01    0.34699E+04
    0.16734E-01    0.34632E+04
    0.17072E-01    0.34549E+04
    0.17416E-01    0.34451E+04
    0.17768E-01    0.34336E+04
    0.18127E-01    0.34206E+04
    0.18493E-01    0.34060E+04
    0.18867E-01    0.33897E+04
    0.19248E-01    0.33718E+04
    0.19637E-01    0.33523E+04
    0.20034E-01    0.33311E+04
    0.20438E-01    0.33083E+04
    0.20851E-01    0.32839E+04
    0.21272E-01    0.32579E+04
    0.21702E-01    0.32304E+04
    0.22141E-01    0.32012E+04
    0.22588E-01    0.31706E+04
    0.23044E-01    0.31384E+04
    0.23510E-01    0.31047E+04
    0.23985E-01    0.30694E+04
    0.24469E-01    0.30328E+04
    0.24964E-01    0.29948E+04
    0.25468E-01    0.29555E+04
    0.25982E-01    0.29152E+04
    0.26507E-01    0.28739E+04
    0.27043E-01    0.28316E+04
    0.27589E-01    0.27885E+04
    0.28146E-01    0.27443E+04
    0.28715E-01    0.26992E+04
    0.29295E-01    0.26532E+04
    0.29887E-01    0.26063E+04
    0.30490E-01    0.25587E+04
    0.31106E-01    0.25107E+04
    0.31735E-01    0.24623E+04
    0.32376E-01    0.24138E+04
    0.33030E-01    0.23652E+04
    0.33697E-01    0.23166E+04
    0.34378E-01    0.22682E+04
    0.35072E-01    0.22200E+04
    0.35781E-01    0.21721E+04
    0.36504E-01    0.21247E+04
    0.37241E-01    0.20778E+04
    0.37993E-01    0.20317E+04
    0.38761E-01    0.19865E+04
    0.39544E-01    0.19423E+04
    0.40343E-01    0.18992E+04
    0.41158E-01    0.18573E+04
    0.41989E-01    0.18165E+04
    0.42838E-01    0.17769E+04
    0.43703E-01    0.17386E+04
    0.44586E-01    0.17015E+04
    0.45486E-01    0.16659E+04
    0.46405E-01    0.16318E+04
    0.47343E-01    0.15993E+04
    0.48299E-01    0.15685E+04
    0.49275E-01    0.15393E+04
    0.50270E-01    0.15116E+04
    0.51286E-01    0.14851E+04
    0.52322E-01    0.14599E+04
    0.53379E-01    0.14357E+04
    0.54457E-01    0.14125E+04
    0.55557E-01    0.13901E+04
    0.56680E-01    0.13685E+04
    0.57825E-01    0.13474E+04
    0.58993E-01    0.13268E+04
    0.60184E-01    0.13066E+04
    0.61400E-01    0.12867E+04
    0.62641E-01    0.12667E+04
    0.63906E-01    0.12466E+04
    0.65197E-01    0.12261E+04
    0.66514E-01    0.12050E+04
    0.67858E-01    0.11831E+04
    0.69229E-01    0.11602E+04
    0.70627E-01    0.11361E+04
    0.72054E-01    0.11108E+04
    0.73510E-01    0.10842E+04
    0.74994E-01    0.10562E+04
    0.76509E-01    0.10270E+04
    0.78055E-01    0.99660E+03
    0.79632E-01    0.96522E+03
    0.81241E-01    0.93309E+03
    0.82882E-01    0.90045E+03
    0.84556E-01    0.86760E+03
    0.86264E-01    0.83483E+03
    0.88007E-01    0.80242E+03
    0.89785E-01    0.77066E+03
    0.91598E-01    0.73983E+03
    0.93449E-01    0.71019E+03
    0.95337E-01    0.68201E+03
    0.97263E-01    0.65551E+03
    0.99227E-01    0.63090E+03
    0.10123E+00    0.60836E+03
    0.10328E+00    0.58801E+03
    0.10536E+00    0.56985E+03
    0.10749E+00    0.55384E+03
    0.10966E+00    0.53984E+03
    0.11188E+00    0.52757E+03
    0.11414E+00    0.51673E+03
    0.11644E+00    0.50692E+03
    0.11880E+00    0.49772E+03
    0.12120E+00    0.48871E+03
    0.12365E+00    0.47949E+03
    0.12614E+00    0.46969E+03
    0.12869E+00    0.45903E+03
    0.13129E+00    0.44728E+03
    0.13394E+00    0.43433E+03
    0.13665E+00    0.42017E+03
    0.13941E+00    0.40490E+03
    0.14223E+00    0.38874E+03
    0.14510E+00    0.37198E+03
    0.14803E+00    0.35499E+03
    0.15102E+00    0.33819E+03
    0.15407E+00    0.32201E+03
    0.15718E+00    0.30688E+03
    0.16036E+00    0.29315E+03
    0.16360E+00    0.28108E+03
    0.16690E+00    0.27072E+03
    0.17028E+00    0.26198E+03
    0.17371E+00    0.25462E+03
    0.17722E+00    0.24830E+03
    0.18080E+00    0.24263E+03
    0.18446E+00    0.23725E+03
    0.18818E+00    0.23175E+03
    0.19198E+00    0.22576E+03
    0.19586E+00    0.21900E+03
    0.19982E+00    0.21133E+03
    0.20386E+00    0.20285E+03
    0.20797E+00    0.19385E+03
    0.21218E+00    0.18469E+03
    0.21646E+00    0.17576E+03
    0.22083E+00    0.16739E+03
    0.22530E+00    0.15983E+03
    0.22985E+00    0.15325E+03
    0.23449E+00    0.14769E+03
    0.23923E+00    0.14299E+03
    0.24406E+00    0.13887E+03
    0.24899E+00    0.13502E+03
    0.25402E+00    0.13109E+03
    0.25915E+00    0.12685E+03
    0.26439E+00    0.12218E+03
    0.26973E+00    0.11712E+03
    0.27518E+00    0.11186E+03
    0.28074E+00    0.10666E+03
    0.28641E+00    0.10175E+03
    0.29219E+00    0.97324E+02
    0.29810E+00    0.93452E+02
    0.30412E+00    0.90078E+02
    0.31026E+00    0.87038E+02
    0.31653E+00    0.84130E+02
    0.32292E+00    0.81174E+02
    0.32945E+00    0.78063E+02
    0.33610E+00    0.74804E+02
    0.34289E+00    0.71507E+02
    0.34982E+00    0.68319E+02
    0.35689E+00    0.65361E+02
    0.36409E+00    0.62687E+02
    0.37145E+00    0.60271E+02
    0.37895E+00    0.58019E+02
    0.38661E+00    0.55824E+02
    0.39442E+00    0.53614E+02
    0.40239E+00    0.51373E+02
    0.41052E+00    0.49150E+02
    0.41881E+00    0.47021E+02
    0.42727E+00    0.45034E+02
    0.43590E+00    0.43193E+02
    0.44471E+00    0.41467E+02
    0.45369E+00    0.39799E+02
    0.46286E+00    0.38155E+02
    0.47221E+00    0.36536E+02
    0.48174E+00    0.34963E+02
    0.49148E+00    0.33468E+02
    0.50141E+00    0.32062E+02
    0.51153E+00    0.30727E+02
    0.52187E+00    0.29445E+02
    0.53241E+00    0.28198E+02
    0.54317E+00    0.26987E+02
    0.55414E+00    0.25825E+02
    0.56533E+00    0.24717E+02
    0.57675E+00    0.23665E+02
    0.58840E+00    0.22653E+02
    0.60029E+00    0.21679E+02
    0.61242E+00    0.20742E+02
    0.62479E+00    0.19842E+02
    0.63741E+00    0.18980E+02
    0.65029E+00    0.18155E+02
    0.66342E+00    0.17364E+02
    0.67683E+00    0.16607E+02
    0.69050E+00    0.15882E+02
    0.70445E+00    0.15187E+02
    0.71868E+00    0.14522E+02
    0.73320E+00    0.13884E+02
    0.74801E+00    0.13274E+02
    0.76312E+00    0.12688E+02
    0.77854E+00    0.12128E+02
    0.79426E+00    0.11591E+02
    0.81031E+00    0.11076E+02
    0.82668E+00    0.10584E+02
    0.84338E+00    0.10112E+02
    0.86041E+00    0.96606E+01
    0.87780E+00    0.92284E+01
    0.89553E+00    0.88147E+01
    0.91362E+00    0.84189E+01
    0.93208E+00    0.80402E+01
    0.95091E+00    0.76780E+01
    0.97011E+00    0.73315E+01
    0.98971E+00    0.70001E+01
    0.10097E+01    0.66832E+01
    0.10301E+01    0.63802E+01
    0.10509E+01    0.60904E+01
    0.10721E+01    0.58134E+01
    0.10938E+01    0.55485E+01
    0.11159E+01    0.52953E+01
    0.11384E+01    0.50533E+01
    0.11614E+01    0.48219E+01
    0.11849E+01    0.46008E+01
    0.12088E+01    0.43895E+01
    0.12333E+01    0.41877E+01
    0.12582E+01    0.39948E+01
    0.12836E+01    0.38105E+01
    0.13095E+01    0.36344E+01
    0.13360E+01    0.34662E+01
    0.13630E+01    0.33056E+01
    0.13905E+01    0.31522E+01
    0.14186E+01    0.30057E+01
    0.14472E+01    0.28658E+01
    0.14765E+01    0.27323E+01
    0.15063E+01    0.26047E+01
    0.15367E+01    0.24830E+01
    0.15678E+01    0.23668E+01
    0.15994E+01    0.22559E+01
    0.16318E+01    0.21500E+01
    0.16647E+01    0.20490E+01
    0.16984E+01    0.19526E+01
    0.17327E+01    0.18606E+01
    0.17677E+01    0.17729E+01
    0.18034E+01    0.16891E+01
    0.18398E+01    0.16093E+01
    0.18770E+01    0.15331E+01
    0.19149E+01    0.14604E+01
    0.19536E+01    0.13911E+01
    0.19930E+01    0.13250E+01
    0.20333E+01    0.12619E+01
    0.20744E+01    0.12018E+01
    0.21163E+01    0.11445E+01
    0.21590E+01    0.10899E+01
    0.22026E+01    0.10377E+01
    0.22471E+01    0.98808E+00
    0.22925E+01    0.94073E+00
    0.23388E+01    0.89560E+00
    0.23861E+01    0.85258E+00
    0.24343E+01    0.81159E+00
    0.24835E+01    0.77252E+00
    0.25336E+01    0.73529E+00
    0.25848E+01    0.69981E+00
    0.26370E+01    0.66601E+00
    0.26903E+01    0.63381E+00
    0.27447E+01    0.60313E+00
    0.28001E+01    0.57391E+00
    0.28567E+01    0.54607E+00
    0.29144E+01    0.51956E+00
    0.29733E+01    0.49430E+00
    0.30333E+01    0.47026E+00
    0.30946E+01    0.44736E+00
    0.31571E+01    0.42555E+00
    0.32209E+01    0.40479E+00
    0.32860E+01    0.38502E+00
    0.33523E+01    0.36620E+00
    0.34201E+01    0.34828E+00
    0.34892E+01    0.33122E+00
    0.35596E+01    0.31499E+00
    0.36316E+01    0.29953E+00
    0.37049E+01    0.28482E+00
    0.37798E+01    0.27083E+00
    0.38561E+01    0.25750E+00
    0.39340E+01    0.24482E+00
    0.40135E+01    0.23276E+00
    0.40946E+01    0.22128E+00
    0.41773E+01    0.21036E+00
    0.42617E+01    0.19996E+00
    0.43478E+01    0.19007E+00
    0.44356E+01    0.18067E+00
    0.45252E+01    0.17172E+00
    0.46166E+01    0.16320E+00
    0.47099E+01    0.15510E+00
    0.48050E+01    0.14740E+00
    0.49021E+01    0.14007E+00
    0.50011E+01    0.13310E+00
    0.51021E+01    0.12648E+00
    0.52052E+01    0.12017E+00
    0.53104E+01    0.11418E+00
    0.54176E+01    0.10848E+00
    0.55271E+01    0.10306E+00
    0.56387E+01    0.97910E-01
    0.57526E+01    0.93012E-01
    0.58689E+01    0.88356E-01
    0.59874E+01    0.83930E-01
    0.61084E+01    0.79722E-01
    0.62318E+01    0.75722E-01
    0.63577E+01    0.71920E-01
    0.64861E+01    0.68307E-01
    0.66171E+01    0.64872E-01
    0.67508E+01    0.61608E-01
    0.68872E+01    0.58506E-01
    0.70263E+01    0.55558E-01
    0.71682E+01    0.52756E-01
    0.73130E+01    0.50094E-01
    0.74608E+01    0.47564E-01
    0.76115E+01    0.45161E-01
    0.77653E+01    0.42877E-01
    0.79221E+01    0.40707E-01
    0.80822E+01    0.38646E-01
    0.82454E+01    0.36688E-01
    0.84120E+01    0.34828E-01
    0.85819E+01    0.33061E-01
    0.87553E+01    0.31382E-01
    0.89322E+01    0.29788E-01
    0.91126E+01    0.28274E-01
    0.92967E+01    0.26836E-01
    0.94845E+01    0.25470E-01
    0.96761E+01    0.24173E-01
    0.98716E+01    0.22941E-01
    0.10071E+02    0.21771E-01
    0.10274E+02    0.20660E-01
    0.10482E+02    0.19605E-01
    0.10694E+02    0.18604E-01
    0.10910E+02    0.17653E-01
    0.11130E+02    0.16750E-01
    0.11355E+02    0.15892E-01
    0.11584E+02    0.15079E-01
    0.11818E+02    0.14306E-01
    0.12057E+02    0.13573E-01
    0.12301E+02    0.12876E-01
    0.12549E+02    0.12215E-01
    0.12803E+02    0.11588E-01
    0.13061E+02    0.10993E-01
    0.13325E+02    0.10427E-01
    0.13594E+02    0.98909E-02
    0.13869E+02    0.93818E-02
    0.14149E+02    0.88986E-02
    0.14435E+02    0.84401E-02
    0.14727E+02    0.80049E-02
    0.15024E+02    0.75920E-02
    0.15328E+02    0.72002E-02
    0.15637E+02    0.68283E-02
    0.15953E+02    0.64755E-02
    0.16275E+02    0.61408E-02
    0.16604E+02    0.58232E-02
    0.16940E+02    0.55218E-02
    0.17282E+02    0.52359E-02
    0.17631E+02    0.49647E-02
    0.17987E+02    0.47074E-02
    0.18351E+02    0.44633E-02
    0.18721E+02    0.42317E-02
    0.19099E+02    0.40121E-02
    0.19485E+02    0.38037E-02
    0.19879E+02    0.36060E-02
    0.20280E+02    0.34186E-02
    0.20690E+02    0.32408E-02
    0.21108E+02    0.30721E-02
    0.21535E+02    0.29122E-02
    0.21970E+02    0.27605E-02
    0.22413E+02    0.26166E-02
    0.22866E+02    0.24802E-02
    0.23328E+02    0.23508E-02
    0.23799E+02    0.22281E-02
    0.24280E+02    0.21118E-02
    0.24771E+02    0.20015E-02
    0.25271E+02    0.18968E-02
    0.25782E+02    0.17977E-02
    0.26302E+02    0.17036E-02
    0.26834E+02    0.16144E-02
    0.27376E+02    0.15299E-02
    0.27929E+02    0.14498E-02
    0.28493E+02    0.13738E-02
    0.29069E+02    0.13017E-02
    0.29656E+02    0.12334E-02
    0.30255E+02    0.11687E-02
    0.30866E+02    0.11073E-02
    0.31490E+02    0.10491E-02
    0.32126E+02    0.99399E-03
    0.32775E+02    0.94171E-03
    0.33437E+02    0.89217E-03
    0.34112E+02    0.84520E-03
    0.34801E+02    0.80069E-03
    0.35504E+02    0.75851E-03
    0.36222E+02    0.71852E-03
    0.36953E+02    0.68063E-03
    0.37700E+02    0.64472E-03
    0.38462E+02    0.61069E-03
    0.39239E+02    0.57843E-03
    0.40031E+02    0.54787E-03
    0.40840E+02    0.51891E-03
    0.41665E+02    0.49146E-03
    0.42507E+02    0.46546E-03
    0.43365E+02    0.44082E-03
    0.44241E+02    0.41747E-03
    0.45135E+02    0.39535E-03
    0.46047E+02    0.37439E-03
    0.46977E+02    0.35453E-03
    0.47926E+02    0.33571E-03
    0.48894E+02    0.31789E-03
    0.49882E+02    0.30100E-03
    0.50890E+02    0.28500E-03
    0.51918E+02    0.26985E-03
    0.52966E+02    0.25549E-03
    0.54036E+02    0.24189E-03
    0.55128E+02    0.22901E-03
    0.56242E+02    0.21680E-03
    0.57378E+02    0.20524E-03
    0.58537E+02    0.19429E-03
    0.59720E+02    0.18392E-03
    0.60926E+02    0.17410E-03
    0.62157E+02    0.16480E-03
    0.63412E+02    0.15598E-03
    0.64693E+02    0.14764E-03
    0.66000E+02    0.13973E-03
    0.67334E+02    0.13225E-03
    0.68694E+02    0.12516E-03
    0.70082E+02    0.11845E-03
    0.71497E+02    0.11209E-03
    0.72942E+02    0.10607E-03
    0.74415E+02    0.10037E-03
    0.75918E+02    0.94978E-04
    0.77452E+02    0.89869E-04
    0.79017E+02    0.85032E-04
    0.80613E+02    0.80452E-04
    0.82241E+02    0.76116E-04
    0.83903E+02    0.72010E-04
    0.85598E+02    0.68123E-04
    0.87327E+02    0.64442E-04
    0.89091E+02    0.60956E-04
    0.90891E+02    0.57656E-04
    0.92727E+02    0.54532E-04
    0.94600E+02    0.51574E-04
    0.96511E+02    0.48773E-04
    0.98461E+02    0.46122E-04
    0.10045E+03    0.43613E-04
    0.10248E+03    0.41238E-04
    0.10455E+03    0.38992E-04
    0.10666E+03    0.36867E-04
    0.10882E+03    0.34857E-04
    0.11101E+03    0.32956E-04
    0.11326E+03    0.31159E-04
