#          k/h    CDM            baryon         photon         nu             mass_nu        total          no_nu          total_de       Weyl           v_CDM          v_b            v_b-v_c     
   0.105163E-04   0.180776E+08   0.180776E+08   0.240924E+08   0.240920E+08   0.180778E+08   0.180776E+08   0.180776E+08   0.180848E+08  -0.506815E+00   0.113396E+08   0.113396E+08   0.676042E+01
   0.116112E-04   0.180776E+08   0.180776E+08   0.240899E+08   0.240895E+08   0.180778E+08   0.180776E+08   0.180776E+08   0.180848E+08  -0.506814E+00   0.113396E+08   0.113396E+08   0.746404E+01
   0.128200E-04   0.180776E+08   0.180776E+08   0.240870E+08   0.240864E+08   0.180778E+08   0.180776E+08   0.180776E+08   0.180848E+08  -0.506814E+00   0.113396E+08   0.113396E+08   0.824086E+01
   0.141547E-04   0.180776E+08   0.180776E+08   0.240833E+08   0.240827E+08   0.180777E+08   0.180776E+08   0.180776E+08   0.180847E+08  -0.506814E+00   0.113396E+08   0.113396E+08   0.909844E+01
   0.156284E-04   0.180776E+08   0.180776E+08   0.240789E+08   0.240782E+08   0.180777E+08   0.180776E+08   0.180776E+08   0.180847E+08  -0.506814E+00   0.113396E+08   0.113396E+08   0.100452E+02
   0.172555E-04   0.180776E+08   0.180776E+08   0.240735E+08   0.240726E+08   0.180777E+08   0.180776E+08   0.180776E+08   0.180847E+08  -0.506813E+00   0.113395E+08   0.113395E+08   0.110903E+02
   0.190520E-04   0.180776E+08   0.180776E+08   0.240670E+08   0.240658E+08   0.180777E+08   0.180776E+08   0.180776E+08   0.180847E+08  -0.506813E+00   0.113395E+08   0.113395E+08   0.122440E+02
   0.210355E-04   0.180775E+08   0.180775E+08   0.240590E+08   0.240576E+08   0.180777E+08   0.180776E+08   0.180775E+08   0.180847E+08  -0.506812E+00   0.113395E+08   0.113395E+08   0.135175E+02
   0.232256E-04   0.180775E+08   0.180775E+08   0.240492E+08   0.240475E+08   0.180777E+08   0.180775E+08   0.180775E+08   0.180847E+08  -0.506812E+00   0.113395E+08   0.113395E+08   0.149232E+02
   0.256436E-04   0.180775E+08   0.180775E+08   0.240373E+08   0.240353E+08   0.180777E+08   0.180775E+08   0.180775E+08   0.180846E+08  -0.506811E+00   0.113395E+08   0.113395E+08   0.164746E+02
   0.283134E-04   0.180775E+08   0.180775E+08   0.240229E+08   0.240204E+08   0.180776E+08   0.180775E+08   0.180775E+08   0.180846E+08  -0.506810E+00   0.113395E+08   0.113395E+08   0.181867E+02
   0.312612E-04   0.180774E+08   0.180774E+08   0.240052E+08   0.240022E+08   0.180776E+08   0.180774E+08   0.180774E+08   0.180846E+08  -0.506809E+00   0.113395E+08   0.113395E+08   0.200761E+02
   0.345158E-04   0.180774E+08   0.180774E+08   0.239837E+08   0.239801E+08   0.180775E+08   0.180774E+08   0.180774E+08   0.180845E+08  -0.506807E+00   0.113394E+08   0.113394E+08   0.221607E+02
   0.381093E-04   0.180773E+08   0.180773E+08   0.239576E+08   0.239531E+08   0.180775E+08   0.180774E+08   0.180773E+08   0.180845E+08  -0.506805E+00   0.113394E+08   0.113394E+08   0.244605E+02
   0.420769E-04   0.180773E+08   0.180773E+08   0.239257E+08   0.239203E+08   0.180774E+08   0.180773E+08   0.180773E+08   0.180844E+08  -0.506803E+00   0.113394E+08   0.113394E+08   0.269971E+02
   0.464576E-04   0.180772E+08   0.180772E+08   0.238869E+08   0.238803E+08   0.180774E+08   0.180772E+08   0.180772E+08   0.180843E+08  -0.506800E+00   0.113393E+08   0.113393E+08   0.297945E+02
   0.512944E-04   0.180771E+08   0.180771E+08   0.238397E+08   0.238316E+08   0.180773E+08   0.180771E+08   0.180771E+08   0.180842E+08  -0.506797E+00   0.113393E+08   0.113392E+08   0.328784E+02
   0.566347E-04   0.180770E+08   0.180770E+08   0.237823E+08   0.237725E+08   0.180771E+08   0.180770E+08   0.180770E+08   0.180841E+08  -0.506793E+00   0.113392E+08   0.113392E+08   0.362771E+02
   0.625311E-04   0.180769E+08   0.180768E+08   0.237125E+08   0.237005E+08   0.180770E+08   0.180769E+08   0.180769E+08   0.180839E+08  -0.506788E+00   0.113391E+08   0.113391E+08   0.400214E+02
   0.690413E-04   0.180767E+08   0.180767E+08   0.236276E+08   0.236130E+08   0.180768E+08   0.180767E+08   0.180767E+08   0.180837E+08  -0.506783E+00   0.113390E+08   0.113390E+08   0.441442E+02
   0.762293E-04   0.180765E+08   0.180765E+08   0.235245E+08   0.235068E+08   0.180766E+08   0.180765E+08   0.180765E+08   0.180835E+08  -0.506775E+00   0.113389E+08   0.113388E+08   0.486812E+02
   0.841656E-04   0.180762E+08   0.180762E+08   0.233994E+08   0.233780E+08   0.180764E+08   0.180762E+08   0.180762E+08   0.180832E+08  -0.506767E+00   0.113387E+08   0.113387E+08   0.536703E+02
   0.929282E-04   0.180759E+08   0.180759E+08   0.232478E+08   0.232217E+08   0.180760E+08   0.180759E+08   0.180759E+08   0.180828E+08  -0.506756E+00   0.113385E+08   0.113385E+08   0.591517E+02
   0.102603E-03   0.180756E+08   0.180755E+08   0.230641E+08   0.230326E+08   0.180757E+08   0.180756E+08   0.180756E+08   0.180824E+08  -0.506743E+00   0.113383E+08   0.113383E+08   0.651675E+02
   0.113285E-03   0.180751E+08   0.180751E+08   0.228421E+08   0.228040E+08   0.180752E+08   0.180751E+08   0.180751E+08   0.180819E+08  -0.506727E+00   0.113380E+08   0.113380E+08   0.717608E+02
   0.125080E-03   0.180746E+08   0.180745E+08   0.225741E+08   0.225281E+08   0.180746E+08   0.180746E+08   0.180746E+08   0.180813E+08  -0.506708E+00   0.113376E+08   0.113376E+08   0.789754E+02
   0.138102E-03   0.180739E+08   0.180738E+08   0.222513E+08   0.221959E+08   0.180740E+08   0.180739E+08   0.180739E+08   0.180805E+08  -0.506685E+00   0.113372E+08   0.113372E+08   0.868542E+02
   0.152480E-03   0.180731E+08   0.180730E+08   0.218638E+08   0.217972E+08   0.180731E+08   0.180731E+08   0.180731E+08   0.180796E+08  -0.506657E+00   0.113367E+08   0.113367E+08   0.954373E+02
   0.168355E-03   0.180721E+08   0.180720E+08   0.213998E+08   0.213200E+08   0.180721E+08   0.180721E+08   0.180721E+08   0.180784E+08  -0.506622E+00   0.113361E+08   0.113360E+08   0.104760E+03
   0.185882E-03   0.180709E+08   0.180707E+08   0.208467E+08   0.207515E+08   0.180709E+08   0.180709E+08   0.180709E+08   0.180771E+08  -0.506581E+00   0.113353E+08   0.113353E+08   0.114848E+03
   0.205235E-03   0.180695E+08   0.180692E+08   0.201905E+08   0.200774E+08   0.180694E+08   0.180694E+08   0.180694E+08   0.180754E+08  -0.506531E+00   0.113344E+08   0.113343E+08   0.125716E+03
   0.226602E-03   0.180677E+08   0.180674E+08   0.194168E+08   0.192833E+08   0.180676E+08   0.180677E+08   0.180677E+08   0.180734E+08  -0.506470E+00   0.113333E+08   0.113332E+08   0.137358E+03
   0.250194E-03   0.180656E+08   0.180652E+08   0.185113E+08   0.183549E+08   0.180654E+08   0.180655E+08   0.180655E+08   0.180710E+08  -0.506396E+00   0.113319E+08   0.113318E+08   0.149745E+03
   0.276242E-03   0.180630E+08   0.180626E+08   0.174614E+08   0.172798E+08   0.180627E+08   0.180629E+08   0.180629E+08   0.180681E+08  -0.506308E+00   0.113303E+08   0.113301E+08   0.162811E+03
   0.305002E-03   0.180598E+08   0.180593E+08   0.162578E+08   0.160491E+08   0.180595E+08   0.180597E+08   0.180598E+08   0.180645E+08  -0.506202E+00   0.113283E+08   0.113281E+08   0.176446E+03
   0.336756E-03   0.180560E+08   0.180555E+08   0.148973E+08   0.146608E+08   0.180556E+08   0.180559E+08   0.180559E+08   0.180603E+08  -0.506074E+00   0.113259E+08   0.113257E+08   0.190485E+03
   0.371817E-03   0.180515E+08   0.180508E+08   0.133862E+08   0.131226E+08   0.180509E+08   0.180513E+08   0.180513E+08   0.180553E+08  -0.505922E+00   0.113230E+08   0.113227E+08   0.204697E+03
   0.410527E-03   0.180460E+08   0.180451E+08   0.117442E+08   0.114567E+08   0.180452E+08   0.180458E+08   0.180458E+08   0.180492E+08  -0.505741E+00   0.113195E+08   0.113192E+08   0.218769E+03
   0.453268E-03   0.180393E+08   0.180384E+08   0.100084E+08   0.970303E+07   0.180384E+08   0.180391E+08   0.180392E+08   0.180421E+08  -0.505526E+00   0.113152E+08   0.113149E+08   0.232307E+03
   0.500458E-03   0.180314E+08   0.180303E+08   0.823618E+07   0.792283E+07   0.180302E+08   0.180312E+08   0.180312E+08   0.180336E+08  -0.505272E+00   0.113102E+08   0.113098E+08   0.244833E+03
   0.552561E-03   0.180220E+08   0.180206E+08   0.650574E+07   0.619807E+07   0.180204E+08   0.180217E+08   0.180217E+08   0.180236E+08  -0.504975E+00   0.113042E+08   0.113037E+08   0.255799E+03
   0.610090E-03   0.180107E+08   0.180091E+08   0.491075E+07   0.462580E+07   0.180088E+08   0.180104E+08   0.180105E+08   0.180118E+08  -0.504626E+00   0.112970E+08   0.112965E+08   0.264618E+03
   0.673607E-03   0.179974E+08   0.179955E+08   0.354793E+07   0.330424E+07   0.179951E+08   0.179970E+08   0.179971E+08   0.179980E+08  -0.504221E+00   0.112885E+08   0.112879E+08   0.270709E+03
   0.743737E-03   0.179817E+08   0.179795E+08   0.249556E+07   0.230974E+07   0.179788E+08   0.179812E+08   0.179813E+08   0.179819E+08  -0.503751E+00   0.112785E+08   0.112778E+08   0.273574E+03
   0.821169E-03   0.179632E+08   0.179607E+08   0.178619E+07   0.166820E+07   0.179596E+08   0.179627E+08   0.179628E+08   0.179632E+08  -0.503208E+00   0.112667E+08   0.112660E+08   0.272867E+03
   0.906662E-03   0.179415E+08   0.179388E+08   0.138327E+07   0.133149E+07   0.179372E+08   0.179409E+08   0.179411E+08   0.179413E+08  -0.502582E+00   0.112529E+08   0.112521E+08   0.268463E+03
   0.100106E-02   0.179163E+08   0.179133E+08   0.117900E+07   0.117782E+07   0.179110E+08   0.179156E+08   0.179158E+08   0.179160E+08  -0.501859E+00   0.112369E+08   0.112361E+08   0.260483E+03
   0.110528E-02   0.178870E+08   0.178837E+08   0.103075E+07   0.105360E+07   0.178805E+08   0.178862E+08   0.178865E+08   0.178865E+08  -0.501026E+00   0.112183E+08   0.112174E+08   0.249262E+03
   0.122035E-02   0.178530E+08   0.178495E+08   0.834545E+06   0.853762E+06   0.178450E+08   0.178521E+08   0.178525E+08   0.178524E+08  -0.500065E+00   0.111968E+08   0.111959E+08   0.235264E+03
   0.134740E-02   0.178138E+08   0.178100E+08   0.592730E+06   0.592406E+06   0.178040E+08   0.178128E+08   0.178132E+08   0.178129E+08  -0.498957E+00   0.111721E+08   0.111711E+08   0.219009E+03
   0.148768E-02   0.177686E+08   0.177647E+08   0.400529E+06   0.383092E+06   0.177566E+08   0.177674E+08   0.177680E+08   0.177676E+08  -0.497681E+00   0.111436E+08   0.111426E+08   0.201075E+03
   0.164257E-02   0.177166E+08   0.177127E+08   0.324444E+06   0.303671E+06   0.177021E+08   0.177154E+08   0.177160E+08   0.177155E+08  -0.496218E+00   0.111108E+08   0.111099E+08   0.182198E+03
   0.181358E-02   0.176571E+08   0.176531E+08   0.297218E+06   0.350740E+05   0.176393E+08   0.176557E+08   0.176564E+08   0.176557E+08  -0.494542E+00   0.110734E+08   0.110724E+08   0.163315E+03
   0.200239E-02   0.175890E+08   0.175850E+08   0.215796E+06   0.286694E+05   0.175674E+08   0.175874E+08   0.175883E+08   0.175874E+08  -0.492627E+00   0.110305E+08   0.110296E+08   0.145412E+03
   0.221086E-02   0.175113E+08   0.175073E+08   0.128101E+06   0.234198E+05   0.174851E+08   0.175095E+08   0.175107E+08   0.175095E+08  -0.490443E+00   0.109816E+08   0.109807E+08   0.129243E+03
   0.244104E-02   0.174229E+08   0.174188E+08   0.118164E+06   0.191174E+05   0.173912E+08   0.174208E+08   0.174222E+08   0.174209E+08  -0.487958E+00   0.109260E+08   0.109251E+08   0.115250E+03
   0.269518E-02   0.173225E+08   0.173184E+08   0.998040E+05   0.155931E+05   0.172841E+08   0.173202E+08   0.173218E+08   0.173202E+08  -0.485136E+00   0.108628E+08   0.108620E+08   0.103554E+03
   0.297578E-02   0.172089E+08   0.172045E+08   0.617662E+05   0.127076E+05   0.171625E+08   0.172061E+08   0.172082E+08   0.172061E+08  -0.481941E+00   0.107913E+08   0.107904E+08   0.937998E+02
   0.328559E-02   0.170805E+08   0.170759E+08   0.601216E+05   0.103459E+05   0.170246E+08   0.170772E+08   0.170797E+08   0.170773E+08  -0.478331E+00   0.107105E+08   0.107096E+08   0.852824E+02
   0.362766E-02   0.169358E+08   0.169310E+08   0.345772E+05   0.841413E+04   0.168688E+08   0.169321E+08   0.169351E+08   0.169321E+08  -0.474264E+00   0.106195E+08   0.106186E+08   0.773576E+02
   0.400534E-02   0.167734E+08   0.167683E+08   0.309296E+05   0.683484E+04   0.166930E+08   0.167690E+08   0.167726E+08   0.167690E+08  -0.469695E+00   0.105173E+08   0.105164E+08   0.697129E+02
   0.442234E-02   0.165914E+08   0.165859E+08   0.185094E+05   0.554459E+04   0.164954E+08   0.165862E+08   0.165905E+08   0.165862E+08  -0.464575E+00   0.104027E+08   0.104018E+08   0.625354E+02
   0.488276E-02   0.163881E+08   0.163822E+08   0.179244E+05   0.449116E+04   0.162740E+08   0.163820E+08   0.163871E+08   0.163820E+08  -0.458855E+00   0.102747E+08   0.102738E+08   0.561602E+02
   0.539111E-02   0.161616E+08   0.161553E+08   0.178921E+05   0.363181E+04   0.160265E+08   0.161545E+08   0.161606E+08   0.161545E+08  -0.452484E+00   0.101321E+08   0.101312E+08   0.506444E+02
   0.595239E-02   0.159102E+08   0.159032E+08   0.113819E+05   0.293145E+04   0.157511E+08   0.159019E+08   0.159090E+08   0.159019E+08  -0.445407E+00   0.997379E+07   0.997292E+07   0.456878E+02
   0.657210E-02   0.156319E+08   0.156242E+08   0.822871E+04   0.236126E+04   0.154456E+08   0.156223E+08   0.156307E+08   0.156223E+08  -0.437576E+00   0.979856E+07   0.979770E+07   0.410714E+02
   0.725633E-02   0.153251E+08   0.153165E+08   0.492460E+04   0.189761E+04   0.151084E+08   0.153140E+08   0.153237E+08   0.153140E+08  -0.428939E+00   0.960532E+07   0.960446E+07   0.369155E+02
   0.801180E-02   0.149880E+08   0.149784E+08   0.421733E+04   0.152110E+04   0.147376E+08   0.149752E+08   0.149864E+08   0.149752E+08  -0.419450E+00   0.939300E+07   0.939215E+07   0.332633E+02
   0.884592E-02   0.146191E+08   0.146083E+08   0.367259E+04   0.121586E+04   0.143320E+08   0.146045E+08   0.146173E+08   0.146045E+08  -0.409066E+00   0.916069E+07   0.915984E+07   0.299547E+02
   0.976688E-02   0.142172E+08   0.142050E+08   0.302869E+04   0.968826E+03   0.138905E+08   0.142006E+08   0.142152E+08   0.142006E+08  -0.397754E+00   0.890760E+07   0.890675E+07   0.269816E+02
   0.107837E-01   0.137813E+08   0.137674E+08   0.172620E+04   0.769309E+03   0.134124E+08   0.137626E+08   0.137791E+08   0.137626E+08  -0.385484E+00   0.863310E+07   0.863226E+07   0.243474E+02
   0.119064E-01   0.133108E+08   0.132949E+08   0.136784E+04   0.608537E+03   0.128975E+08   0.132897E+08   0.133082E+08   0.132897E+08  -0.372241E+00   0.833682E+07   0.833597E+07   0.219846E+02
   0.131460E-01   0.128054E+08   0.127871E+08   0.119642E+04   0.479321E+03   0.123458E+08   0.127819E+08   0.128025E+08   0.127819E+08  -0.358016E+00   0.801858E+07   0.801774E+07   0.198890E+02
   0.145147E-01   0.122653E+08   0.122443E+08   0.105476E+04   0.375769E+03   0.117581E+08   0.122392E+08   0.122619E+08   0.122392E+08  -0.342815E+00   0.767853E+07   0.767769E+07   0.180191E+02
   0.160258E-01   0.116912E+08   0.116673E+08   0.630841E+03   0.293060E+03   0.111362E+08   0.116625E+08   0.116874E+08   0.116625E+08  -0.326663E+00   0.731719E+07   0.731635E+07   0.163527E+02
   0.176943E-01   0.110849E+08   0.110576E+08   0.458926E+03   0.227248E+03   0.104828E+08   0.110535E+08   0.110805E+08   0.110535E+08  -0.309605E+00   0.693559E+07   0.693474E+07   0.148602E+02
   0.195365E-01   0.104488E+08   0.104180E+08   0.489694E+03   0.175110E+03   0.980193E+07   0.104149E+08   0.104439E+08   0.104149E+08  -0.291718E+00   0.653542E+07   0.653457E+07   0.135117E+02
   0.215705E-01   0.978704E+07   0.975251E+07   0.310303E+03   0.134009E+03   0.909839E+07   0.975069E+07   0.978146E+07   0.975069E+07  -0.273113E+00   0.611917E+07   0.611832E+07   0.122777E+02
   0.238162E-01   0.910486E+07   0.906660E+07   0.166863E+03   0.101796E+03   0.837831E+07   0.906623E+07   0.909868E+07   0.906623E+07  -0.253942E+00   0.569024E+07   0.568939E+07   0.111283E+02
   0.262957E-01   0.840953E+07   0.836779E+07   0.167448E+03   0.767203E+02   0.764984E+07   0.836888E+07   0.840279E+07   0.836888E+07  -0.234409E+00   0.525320E+07   0.525235E+07   0.100321E+02
   0.290334E-01   0.771452E+07   0.766985E+07   0.806381E+02   0.573865E+02   0.692454E+07   0.767205E+07   0.770730E+07   0.767205E+07  -0.214891E+00   0.481647E+07   0.481563E+07   0.896315E+01
   0.320561E-01   0.702585E+07   0.697922E+07   0.818255E+02   0.425823E+02   0.621562E+07   0.698216E+07   0.701831E+07   0.698216E+07  -0.195567E+00   0.438405E+07   0.438323E+07   0.789633E+01
   0.353936E-01   0.636343E+07   0.631625E+07   0.550890E+02   0.313969E+02   0.553985E+07   0.631906E+07   0.635581E+07   0.631906E+07  -0.176994E+00   0.396839E+07   0.396762E+07   0.681998E+01
   0.390784E-01   0.574352E+07   0.569762E+07   0.354277E+02   0.230491E+02   0.491196E+07   0.569899E+07   0.573610E+07   0.569899E+07  -0.159626E+00   0.357969E+07   0.357897E+07   0.573350E+01
   0.431470E-01   0.518451E+07   0.514198E+07   0.195934E+02   0.169068E+02   0.434742E+07   0.514024E+07   0.517764E+07   0.514024E+07  -0.143976E+00   0.322944E+07   0.322879E+07   0.465552E+01
   0.474616E-01   0.471220E+07   0.467483E+07   0.140623E+02   0.125735E+02   0.386996E+07   0.466850E+07   0.470616E+07   0.466850E+07  -0.130763E+00   0.293374E+07   0.293318E+07   0.366045E+01
   0.517763E-01   0.434318E+07   0.431177E+07   0.107944E+02   0.964184E+01   0.349407E+07   0.430009E+07   0.433810E+07   0.430009E+07  -0.120444E+00   0.270284E+07   0.270237E+07   0.283141E+01
   0.560910E-01   0.404528E+07   0.401980E+07   0.849113E+01   0.757678E+01   0.318832E+07   0.400275E+07   0.404116E+07   0.400275E+07  -0.112115E+00   0.251653E+07   0.251614E+07   0.217328E+01
   0.604057E-01   0.379405E+07   0.377375E+07   0.680629E+01   0.606711E+01   0.292992E+07   0.375200E+07   0.379077E+07   0.375200E+07  -0.105092E+00   0.235942E+07   0.235909E+07   0.168150E+01
   0.647204E-01   0.357200E+07   0.355562E+07   0.553285E+01   0.492683E+01   0.270310E+07   0.353034E+07   0.356935E+07   0.353034E+07  -0.988833E-01   0.222052E+07   0.222025E+07   0.134062E+01
   0.690351E-01   0.336345E+07   0.334953E+07   0.453839E+01   0.403706E+01   0.249447E+07   0.332216E+07   0.336120E+07   0.332216E+07  -0.930525E-01   0.209005E+07   0.208980E+07   0.112513E+01
   0.733498E-01   0.315870E+07   0.314582E+07   0.374186E+01   0.332498E+01   0.229605E+07   0.311786E+07   0.315661E+07   0.311786E+07  -0.873299E-01   0.196195E+07   0.196172E+07   0.100430E+01
   0.776645E-01   0.295463E+07   0.294165E+07   0.309418E+01   0.274654E+01   0.210529E+07   0.291438E+07   0.295254E+07   0.291438E+07  -0.816305E-01   0.183431E+07   0.183408E+07   0.946329E+00
   0.819792E-01   0.275383E+07   0.273997E+07   0.256523E+01   0.227457E+01   0.192370E+07   0.271431E+07   0.275159E+07   0.271431E+07  -0.760266E-01   0.170876E+07   0.170851E+07   0.922048E+00
   0.862939E-01   0.256174E+07   0.254670E+07   0.213448E+01   0.189060E+01   0.175463E+07   0.252307E+07   0.255931E+07   0.252307E+07  -0.706701E-01   0.158870E+07   0.158845E+07   0.907562E+00
   0.906086E-01   0.238367E+07   0.236759E+07   0.178560E+01   0.157988E+01   0.160111E+07   0.234595E+07   0.238107E+07   0.234595E+07  -0.657090E-01   0.147748E+07   0.147723E+07   0.885842E+00
   0.959689E-01   0.218808E+07   0.217133E+07   0.144540E+01   0.127717E+01   0.143494E+07   0.215158E+07   0.218538E+07   0.215158E+07  -0.602648E-01   0.135542E+07   0.135516E+07   0.835011E+00
   0.101329E+00   0.202558E+07   0.200914E+07   0.118766E+01   0.104804E+01   0.129735E+07   0.199024E+07   0.202292E+07   0.199024E+07  -0.557459E-01   0.125409E+07   0.125385E+07   0.754993E+00
   0.106690E+00   0.189716E+07   0.188202E+07   0.993195E+00   0.875287E+00   0.118715E+07   0.186285E+07   0.189472E+07   0.186285E+07  -0.521776E-01   0.117410E+07   0.117387E+07   0.654072E+00
   0.112050E+00   0.179793E+07   0.178475E+07   0.844910E+00   0.743635E+00   0.109956E+07   0.176444E+07   0.179580E+07   0.176444E+07  -0.494213E-01   0.111234E+07   0.111214E+07   0.546517E+00
   0.117410E+00   0.171824E+07   0.170723E+07   0.728305E+00   0.640176E+00   0.102731E+07   0.168542E+07   0.171646E+07   0.168542E+07  -0.472079E-01   0.106276E+07   0.106259E+07   0.446986E+00
   0.122770E+00   0.164765E+07   0.163860E+07   0.632618E+00   0.555345E+00   0.963277E+06   0.161543E+07   0.164619E+07   0.161543E+07  -0.452475E-01   0.101886E+07   0.101871E+07   0.366532E+00
   0.128131E+00   0.157818E+07   0.157054E+07   0.551036E+00   0.483102E+00   0.902431E+06   0.154657E+07   0.157695E+07   0.154657E+07  -0.433187E-01   0.975638E+06   0.975510E+06   0.310493E+00
   0.133491E+00   0.150541E+07   0.149847E+07   0.479682E+00   0.419999E+00   0.842087E+06   0.147446E+07   0.150429E+07   0.147446E+07  -0.412990E-01   0.930350E+06   0.930230E+06   0.278241E+00
   0.138851E+00   0.142836E+07   0.142149E+07   0.416697E+00   0.364376E+00   0.781734E+06   0.139817E+07   0.142725E+07   0.139817E+07  -0.391623E-01   0.882401E+06   0.882282E+06   0.264475E+00
   0.144212E+00   0.134882E+07   0.134158E+07   0.361354E+00   0.315571E+00   0.722387E+06   0.131949E+07   0.134765E+07   0.131949E+07  -0.369583E-01   0.832914E+06   0.832793E+06   0.261424E+00
   0.149572E+00   0.127022E+07   0.126245E+07   0.313395E+00   0.273333E+00   0.665851E+06   0.124180E+07   0.126897E+07   0.124180E+07  -0.347824E-01   0.784035E+06   0.783910E+06   0.261201E+00
   0.154932E+00   0.119661E+07   0.118839E+07   0.272633E+00   0.237474E+00   0.614086E+06   0.116911E+07   0.119528E+07   0.116911E+07  -0.327462E-01   0.738284E+06   0.738155E+06   0.257692E+00
   0.160293E+00   0.113165E+07   0.112328E+07   0.238715E+00   0.207664E+00   0.568694E+06   0.110500E+07   0.113030E+07   0.110500E+07  -0.309506E-01   0.697937E+06   0.697810E+06   0.247586E+00
   0.165653E+00   0.107740E+07   0.106924E+07   0.210944E+00   0.183273E+00   0.530342E+06   0.105150E+07   0.107608E+07   0.105150E+07  -0.294521E-01   0.664270E+06   0.664148E+06   0.230470E+00
   0.171013E+00   0.103347E+07   0.102585E+07   0.188247E+00   0.163347E+00   0.498434E+06   0.100819E+07   0.103224E+07   0.100819E+07  -0.282391E-01   0.637027E+06   0.636913E+06   0.208191E+00
   0.176373E+00   0.997468E+06   0.990600E+06   0.169403E+00   0.146813E+00   0.471472E+06   0.972717E+06   0.996358E+06   0.972717E+06  -0.272454E-01   0.614720E+06   0.614616E+06   0.183866E+00
   0.181734E+00   0.966363E+06   0.960303E+06   0.153331E+00   0.132721E+00   0.447758E+06   0.942070E+06   0.965383E+06   0.942070E+06  -0.263870E-01   0.595455E+06   0.595361E+06   0.160813E+00
   0.187094E+00   0.937321E+06   0.931972E+06   0.139204E+00   0.120346E+00   0.425819E+06   0.913458E+06   0.936457E+06   0.913458E+06  -0.255856E-01   0.577468E+06   0.577383E+06   0.141649E+00
   0.192454E+00   0.907941E+06   0.903100E+06   0.126428E+00   0.109167E+00   0.404486E+06   0.884518E+06   0.907158E+06   0.884518E+06  -0.247750E-01   0.559266E+06   0.559187E+06   0.127730E+00
   0.197815E+00   0.876630E+06   0.872052E+06   0.114636E+00   0.988642E-01   0.383037E+06   0.853692E+06   0.875890E+06   0.853692E+06  -0.239116E-01   0.539862E+06   0.539787E+06   0.119052E+00
   0.203175E+00   0.843161E+06   0.838626E+06   0.103703E+00   0.893276E-01   0.361395E+06   0.820762E+06   0.842428E+06   0.820762E+06  -0.229892E-01   0.519121E+06   0.519046E+06   0.114526E+00
   0.208535E+00   0.808604E+06   0.803965E+06   0.936770E-01   0.805938E-01   0.340037E+06   0.786784E+06   0.807854E+06   0.786784E+06  -0.220375E-01   0.497708E+06   0.497632E+06   0.112464E+00
   0.213896E+00   0.774561E+06   0.769765E+06   0.846421E-01   0.727334E-01   0.319626E+06   0.753331E+06   0.773786E+06   0.753331E+06  -0.211005E-01   0.476619E+06   0.476542E+06   0.111077E+00
   0.219256E+00   0.742487E+06   0.737571E+06   0.766405E-01   0.657794E-01   0.300716E+06   0.721831E+06   0.741692E+06   0.721831E+06  -0.202182E-01   0.456757E+06   0.456680E+06   0.108913E+00
   0.224616E+00   0.713469E+06   0.708536E+06   0.696589E-01   0.597169E-01   0.283670E+06   0.693350E+06   0.712672E+06   0.693350E+06  -0.194204E-01   0.438799E+06   0.438723E+06   0.105138E+00
   0.229977E+00   0.688131E+06   0.683310E+06   0.636328E-01   0.544875E-01   0.268642E+06   0.668494E+06   0.687352E+06   0.668494E+06  -0.187242E-01   0.423127E+06   0.423054E+06   0.996056E-01
   0.235337E+00   0.666446E+06   0.661851E+06   0.584433E-01   0.499866E-01   0.255520E+06   0.647229E+06   0.665703E+06   0.647229E+06  -0.181286E-01   0.409724E+06   0.409654E+06   0.927417E-01
   0.240697E+00   0.647724E+06   0.643433E+06   0.539316E-01   0.460755E-01   0.243947E+06   0.628876E+06   0.647031E+06   0.628876E+06  -0.176146E-01   0.398159E+06   0.398093E+06   0.853048E-01
   0.246057E+00   0.630906E+06   0.626937E+06   0.499333E-01   0.426118E-01   0.233451E+06   0.612392E+06   0.630264E+06   0.612392E+06  -0.171529E-01   0.387773E+06   0.387711E+06   0.781276E-01
   0.251418E+00   0.614904E+06   0.611226E+06   0.463088E-01   0.394749E-01   0.223582E+06   0.596712E+06   0.614310E+06   0.596712E+06  -0.167137E-01   0.377892E+06   0.377834E+06   0.718931E-01
   0.256778E+00   0.598846E+06   0.595388E+06   0.429567E-01   0.365770E-01   0.213996E+06   0.580979E+06   0.598287E+06   0.580979E+06  -0.162730E-01   0.367975E+06   0.367919E+06   0.669908E-01
   0.262138E+00   0.582219E+06   0.578897E+06   0.398170E-01   0.338664E-01   0.204504E+06   0.564694E+06   0.581682E+06   0.564694E+06  -0.158168E-01   0.357704E+06   0.357651E+06   0.634736E-01
   0.267499E+00   0.564963E+06   0.561698E+06   0.368689E-01   0.313247E-01   0.195083E+06   0.547800E+06   0.564436E+06   0.547800E+06  -0.153437E-01   0.347045E+06   0.346992E+06   0.611064E-01
   0.272859E+00   0.547405E+06   0.544142E+06   0.341183E-01   0.289563E-01   0.185846E+06   0.530617E+06   0.546878E+06   0.530617E+06  -0.148624E-01   0.336198E+06   0.336146E+06   0.594753E-01
   0.278219E+00   0.530064E+06   0.526780E+06   0.315804E-01   0.267736E-01   0.176962E+06   0.513654E+06   0.529533E+06   0.513654E+06  -0.143872E-01   0.325488E+06   0.325436E+06   0.581186E-01
   0.283580E+00   0.513465E+06   0.510170E+06   0.292671E-01   0.247860E-01   0.168593E+06   0.497424E+06   0.512932E+06   0.497424E+06  -0.139326E-01   0.315239E+06   0.315187E+06   0.566432E-01
   0.288940E+00   0.498034E+06   0.494759E+06   0.271813E-01   0.229954E-01   0.160854E+06   0.482342E+06   0.497505E+06   0.482342E+06  -0.135102E-01   0.305714E+06   0.305664E+06   0.548039E-01
   0.294300E+00   0.484015E+06   0.480803E+06   0.253145E-01   0.213938E-01   0.153797E+06   0.468646E+06   0.483496E+06   0.468646E+06  -0.131266E-01   0.297066E+06   0.297016E+06   0.525307E-01
   0.299661E+00   0.471412E+06   0.468304E+06   0.236458E-01   0.199630E-01   0.147392E+06   0.456339E+06   0.470910E+06   0.456339E+06  -0.127819E-01   0.289295E+06   0.289246E+06   0.499072E-01
   0.305021E+00   0.460001E+06   0.457025E+06   0.221454E-01   0.186774E-01   0.141542E+06   0.445199E+06   0.459520E+06   0.445199E+06  -0.124698E-01   0.282261E+06   0.282215E+06   0.471185E-01
   0.310381E+00   0.449431E+06   0.446594E+06   0.207813E-01   0.175093E-01   0.136115E+06   0.434881E+06   0.448972E+06   0.434881E+06  -0.121808E-01   0.275748E+06   0.275703E+06   0.443840E-01
   0.315741E+00   0.439328E+06   0.436624E+06   0.195246E-01   0.164341E-01   0.130981E+06   0.425023E+06   0.438891E+06   0.425023E+06  -0.119047E-01   0.269523E+06   0.269481E+06   0.418966E-01
   0.321102E+00   0.429383E+06   0.426788E+06   0.183528E-01   0.154325E-01   0.126036E+06   0.415320E+06   0.428964E+06   0.415320E+06  -0.116329E-01   0.263395E+06   0.263354E+06   0.397778E-01
   0.326462E+00   0.419390E+06   0.416875E+06   0.172508E-01   0.144918E-01   0.121213E+06   0.405572E+06   0.418984E+06   0.405572E+06  -0.113599E-01   0.257237E+06   0.257197E+06   0.380610E-01
   0.331822E+00   0.409288E+06   0.406824E+06   0.162113E-01   0.136053E-01   0.116492E+06   0.395721E+06   0.408890E+06   0.395721E+06  -0.110840E-01   0.251012E+06   0.250973E+06   0.366991E-01
   0.337183E+00   0.399157E+06   0.396723E+06   0.152329E-01   0.127718E-01   0.111892E+06   0.385843E+06   0.398763E+06   0.385843E+06  -0.108073E-01   0.244769E+06   0.244730E+06   0.355901E-01
   0.342543E+00   0.389164E+06   0.386749E+06   0.143177E-01   0.119931E-01   0.107455E+06   0.376103E+06   0.388774E+06   0.376103E+06  -0.105345E-01   0.238611E+06   0.238573E+06   0.346102E-01
   0.347903E+00   0.379497E+06   0.377102E+06   0.134679E-01   0.112706E-01   0.103227E+06   0.366685E+06   0.379110E+06   0.366685E+06  -0.102707E-01   0.232656E+06   0.232618E+06   0.336460E-01
   0.353264E+00   0.370309E+06   0.367941E+06   0.126838E-01   0.106045E-01   0.992425E+05   0.357735E+06   0.369926E+06   0.357735E+06  -0.100200E-01   0.226997E+06   0.226960E+06   0.326186E-01
   0.358624E+00   0.361687E+06   0.359360E+06   0.119633E-01   0.999289E-02   0.955145E+05   0.349339E+06   0.361311E+06   0.349339E+06  -0.978485E-02   0.221688E+06   0.221652E+06   0.314952E-01
   0.363984E+00   0.353647E+06   0.351374E+06   0.113020E-01   0.943190E-02   0.920373E+05   0.341513E+06   0.353280E+06   0.341513E+06  -0.956565E-02   0.216740E+06   0.216704E+06   0.302870E-01
   0.369344E+00   0.346132E+06   0.343924E+06   0.106935E-01   0.891605E-02   0.887863E+05   0.334200E+06   0.345775E+06   0.334200E+06  -0.936082E-02   0.212115E+06   0.212081E+06   0.290369E-01
   0.374705E+00   0.339031E+06   0.336891E+06   0.101304E-01   0.843903E-02   0.857245E+05   0.327292E+06   0.338685E+06   0.327292E+06  -0.916731E-02   0.207747E+06   0.207713E+06   0.278024E-01
   0.380065E+00   0.332213E+06   0.330141E+06   0.960564E-02   0.799478E-02   0.828121E+05   0.320661E+06   0.331878E+06   0.320661E+06  -0.898157E-02   0.203553E+06   0.203521E+06   0.266383E-01
   0.385425E+00   0.325567E+06   0.323554E+06   0.911317E-02   0.757826E-02   0.800156E+05   0.314197E+06   0.325242E+06   0.314197E+06  -0.880052E-02   0.199465E+06   0.199433E+06   0.255840E-01
   0.390786E+00   0.319013E+06   0.317050E+06   0.864870E-02   0.718579E-02   0.773117E+05   0.307824E+06   0.318696E+06   0.307824E+06  -0.862202E-02   0.195434E+06   0.195403E+06   0.246558E-01
   0.396146E+00   0.312513E+06   0.310590E+06   0.820942E-02   0.681495E-02   0.746884E+05   0.301505E+06   0.312203E+06   0.301505E+06  -0.844503E-02   0.191436E+06   0.191405E+06   0.238470E-01
   0.401506E+00   0.306072E+06   0.304180E+06   0.779385E-02   0.646447E-02   0.721438E+05   0.295244E+06   0.305766E+06   0.295244E+06  -0.826965E-02   0.187473E+06   0.187444E+06   0.231327E-01
   0.406867E+00   0.299731E+06   0.297865E+06   0.740161E-02   0.613395E-02   0.696855E+05   0.289082E+06   0.299429E+06   0.289082E+06  -0.809705E-02   0.183573E+06   0.183544E+06   0.224797E-01
   0.412227E+00   0.293556E+06   0.291714E+06   0.703281E-02   0.582345E-02   0.673258E+05   0.283082E+06   0.293258E+06   0.283082E+06  -0.792901E-02   0.179776E+06   0.179747E+06   0.218549E-01
   0.417587E+00   0.287603E+06   0.285787E+06   0.668729E-02   0.553278E-02   0.650742E+05   0.277300E+06   0.287310E+06   0.277300E+06  -0.776707E-02   0.176116E+06   0.176087E+06   0.212326E-01
   0.422948E+00   0.281903E+06   0.280116E+06   0.636424E-02   0.526119E-02   0.629336E+05   0.271765E+06   0.281614E+06   0.271765E+06  -0.761202E-02   0.172612E+06   0.172584E+06   0.205983E-01
   0.428308E+00   0.276459E+06   0.274706E+06   0.606230E-02   0.500754E-02   0.609014E+05   0.266480E+06   0.276176E+06   0.266480E+06  -0.746400E-02   0.169266E+06   0.169239E+06   0.199501E-01
   0.433668E+00   0.271264E+06   0.269547E+06   0.577990E-02   0.477047E-02   0.589717E+05   0.261437E+06   0.270986E+06   0.261437E+06  -0.732275E-02   0.166074E+06   0.166047E+06   0.192966E-01
   0.439028E+00   0.266290E+06   0.264612E+06   0.551526E-02   0.454844E-02   0.571353E+05   0.256611E+06   0.266019E+06   0.256611E+06  -0.718757E-02   0.163018E+06   0.162991E+06   0.186522E-01
   0.444389E+00   0.261495E+06   0.259855E+06   0.526637E-02   0.433978E-02   0.553798E+05   0.251959E+06   0.261230E+06   0.251959E+06  -0.705726E-02   0.160072E+06   0.160046E+06   0.180323E-01
   0.449749E+00   0.256830E+06   0.255227E+06   0.503130E-02   0.414287E-02   0.536925E+05   0.247434E+06   0.256571E+06   0.247434E+06  -0.693052E-02   0.157207E+06   0.157181E+06   0.174489E-01
   0.455109E+00   0.252262E+06   0.250691E+06   0.480859E-02   0.395645E-02   0.520639E+05   0.243003E+06   0.252008E+06   0.243003E+06  -0.680641E-02   0.154401E+06   0.154376E+06   0.169087E-01
   0.460470E+00   0.247776E+06   0.246234E+06   0.459724E-02   0.377968E-02   0.504892E+05   0.238652E+06   0.247526E+06   0.238652E+06  -0.668454E-02   0.151645E+06   0.151621E+06   0.164120E-01
   0.465830E+00   0.243368E+06   0.241852E+06   0.439657E-02   0.361198E-02   0.489663E+05   0.234378E+06   0.243123E+06   0.234378E+06  -0.656483E-02   0.148938E+06   0.148914E+06   0.159537E-01
   0.471190E+00   0.239044E+06   0.237551E+06   0.420607E-02   0.345290E-02   0.474944E+05   0.230186E+06   0.238802E+06   0.230186E+06  -0.644742E-02   0.146282E+06   0.146258E+06   0.155250E-01
   0.476551E+00   0.234815E+06   0.233344E+06   0.402538E-02   0.330213E-02   0.460743E+05   0.226087E+06   0.234577E+06   0.226087E+06  -0.633261E-02   0.143685E+06   0.143662E+06   0.151159E-01
   0.481911E+00   0.230700E+06   0.229250E+06   0.385426E-02   0.315945E-02   0.447080E+05   0.222099E+06   0.230466E+06   0.222099E+06  -0.622090E-02   0.141158E+06   0.141135E+06   0.147181E-01
   0.487271E+00   0.226714E+06   0.225286E+06   0.369245E-02   0.302462E-02   0.433968E+05   0.218237E+06   0.226483E+06   0.218237E+06  -0.611273E-02   0.138711E+06   0.138688E+06   0.143260E-01
   0.492631E+00   0.222864E+06   0.221459E+06   0.353953E-02   0.289729E-02   0.421403E+05   0.214507E+06   0.222637E+06   0.214507E+06  -0.600826E-02   0.136347E+06   0.136325E+06   0.139373E-01
   0.497992E+00   0.219145E+06   0.217764E+06   0.339493E-02   0.277696E-02   0.409358E+05   0.210905E+06   0.218921E+06   0.210905E+06  -0.590736E-02   0.134065E+06   0.134043E+06   0.135528E-01
   0.503352E+00   0.215545E+06   0.214188E+06   0.325801E-02   0.266310E-02   0.397795E+05   0.207419E+06   0.215325E+06   0.207419E+06  -0.580972E-02   0.131855E+06   0.131834E+06   0.131755E-01
   0.508712E+00   0.212051E+06   0.210719E+06   0.312816E-02   0.255519E-02   0.386675E+05   0.204036E+06   0.211835E+06   0.204036E+06  -0.571496E-02   0.129711E+06   0.129690E+06   0.128092E-01
   0.514073E+00   0.208651E+06   0.207343E+06   0.300482E-02   0.245276E-02   0.375963E+05   0.200745E+06   0.208439E+06   0.200745E+06  -0.562278E-02   0.127625E+06   0.127604E+06   0.124576E-01
   0.519433E+00   0.205333E+06   0.204048E+06   0.288748E-02   0.235539E-02   0.365625E+05   0.197533E+06   0.205125E+06   0.197533E+06  -0.553283E-02   0.125589E+06   0.125569E+06   0.121233E-01
   0.524793E+00   0.202086E+06   0.200821E+06   0.277567E-02   0.226266E-02   0.355629E+05   0.194390E+06   0.201881E+06   0.194390E+06  -0.544479E-02   0.123597E+06   0.123577E+06   0.118066E-01
   0.530154E+00   0.198900E+06   0.197656E+06   0.266900E-02   0.217426E-02   0.345951E+05   0.191308E+06   0.198699E+06   0.191308E+06  -0.535846E-02   0.121643E+06   0.121623E+06   0.115067E-01
   0.535514E+00   0.195778E+06   0.194552E+06   0.256722E-02   0.208997E-02   0.336584E+05   0.188287E+06   0.195580E+06   0.188287E+06  -0.527385E-02   0.119727E+06   0.119708E+06   0.112214E-01
   0.540874E+00   0.192725E+06   0.191517E+06   0.247017E-02   0.200965E-02   0.327527E+05   0.185333E+06   0.192530E+06   0.185333E+06  -0.519111E-02   0.117854E+06   0.117835E+06   0.109480E-01
   0.546235E+00   0.189744E+06   0.188553E+06   0.237767E-02   0.193315E-02   0.318780E+05   0.182450E+06   0.189552E+06   0.182450E+06  -0.511036E-02   0.116026E+06   0.116007E+06   0.106838E-01
   0.551595E+00   0.186838E+06   0.185664E+06   0.228950E-02   0.186028E-02   0.310334E+05   0.179639E+06   0.186648E+06   0.179639E+06  -0.503162E-02   0.114243E+06   0.114225E+06   0.104265E-01
   0.556955E+00   0.184005E+06   0.182849E+06   0.220546E-02   0.179086E-02   0.302183E+05   0.176900E+06   0.183818E+06   0.176900E+06  -0.495491E-02   0.112506E+06   0.112488E+06   0.101749E-01
   0.562315E+00   0.181249E+06   0.180109E+06   0.212537E-02   0.172474E-02   0.294320E+05   0.174235E+06   0.181064E+06   0.174235E+06  -0.488025E-02   0.110816E+06   0.110798E+06   0.992856E-02
   0.567676E+00   0.178566E+06   0.177444E+06   0.204901E-02   0.166175E-02   0.286735E+05   0.171642E+06   0.178385E+06   0.171642E+06  -0.480763E-02   0.109171E+06   0.109154E+06   0.968798E-02
   0.573036E+00   0.175954E+06   0.174849E+06   0.197616E-02   0.160169E-02   0.279412E+05   0.169117E+06   0.175775E+06   0.169117E+06  -0.473690E-02   0.107569E+06   0.107552E+06   0.945392E-02
   0.578396E+00   0.173403E+06   0.172315E+06   0.190656E-02   0.154434E-02   0.272331E+05   0.166652E+06   0.173227E+06   0.166652E+06  -0.466785E-02   0.106006E+06   0.105989E+06   0.922720E-02
   0.629654E+00   0.151596E+06   0.150643E+06   0.137381E-02   0.110670E-02   0.214871E+05   0.145589E+06   0.151442E+06   0.145589E+06  -0.407788E-02   0.926401E+05   0.926251E+05   0.742611E-02
   0.769061E+00   0.110092E+06   0.109400E+06   0.635387E-03   0.505455E-03   0.121159E+05   0.105572E+06   0.109980E+06   0.105572E+06  -0.295704E-02   0.672270E+05   0.672160E+05   0.443653E-02
   0.939334E+00   0.795774E+05   0.790770E+05   0.294379E-03   0.231461E-03   0.669704E+04   0.762177E+05   0.794965E+05   0.762177E+05  -0.213483E-02   0.485643E+05   0.485563E+05   0.264549E-02
   0.114731E+01   0.572830E+05   0.569226E+05   0.136749E-03   0.106404E-03   0.363450E+04   0.548111E+05   0.572248E+05   0.548111E+05  -0.153524E-02   0.349421E+05   0.349363E+05   0.157658E-02
   0.140132E+01   0.410780E+05   0.408193E+05   0.637054E-04   0.491243E-04   0.193907E+04   0.392753E+05   0.410362E+05   0.392753E+05  -0.110008E-02   0.250481E+05   0.250439E+05   0.940851E-03
   0.171158E+01   0.293531E+05   0.291682E+05   0.297544E-04   0.227721E-04   0.101812E+04   0.280484E+05   0.293232E+05   0.280484E+05  -0.785623E-03   0.178937E+05   0.178906E+05   0.563693E-03
   0.209053E+01   0.209075E+05   0.207757E+05   0.139273E-04   0.105943E-04   0.526646E+03   0.199692E+05   0.208862E+05   0.199692E+05  -0.559330E-03   0.127427E+05   0.127404E+05   0.340255E-03
   0.255338E+01   0.148470E+05   0.147532E+05   0.652893E-05   0.494264E-05   0.268609E+03   0.141759E+05   0.148318E+05   0.141759E+05  -0.397061E-03   0.904751E+04   0.904580E+04   0.207826E-03
   0.311870E+01   0.105138E+05   0.104472E+05   0.306344E-05   0.231055E-05   0.135209E+03   0.100361E+05   0.105030E+05   0.100361E+05  -0.281106E-03   0.640622E+04   0.640492E+04   0.129146E-03
   0.380919E+01   0.742677E+04   0.737960E+04   0.143802E-05   0.108156E-05   0.672428E+02   0.708802E+04   0.741914E+04   0.708802E+04  -0.198532E-03   0.452488E+04   0.452387E+04   0.821573E-04
   0.465255E+01   0.523404E+04   0.520064E+04   0.674977E-06   0.506596E-06   0.330749E+02   0.499463E+04   0.522864E+04   0.499463E+04  -0.139898E-03   0.318874E+04   0.318793E+04   0.538340E-04
   0.568264E+01   0.368051E+04   0.365685E+04   0.316637E-06   0.237276E-06   0.161073E+02   0.351181E+04   0.367668E+04   0.351181E+04  -0.983645E-04   0.224218E+04   0.224151E+04   0.365155E-04
   0.694079E+01   0.258293E+04   0.256615E+04   0.148412E-06   0.111083E-06   0.777593E+01   0.246436E+04   0.258022E+04   0.246436E+04  -0.690257E-04   0.157348E+04   0.157290E+04   0.257143E-04
   0.847750E+01   0.180925E+04   0.179731E+04   0.694827E-07   0.519575E-07   0.372546E+01   0.172609E+04   0.180732E+04   0.172609E+04  -0.483470E-04   0.110213E+04   0.110162E+04   0.187964E-04
   0.103544E+02   0.126510E+04   0.125656E+04   0.324849E-07   0.242720E-07   0.177331E+01   0.120689E+04   0.126372E+04   0.120689E+04  -0.338044E-04   0.770637E+03   0.770164E+03   0.142187E-04
   0.126469E+02   0.883165E+03   0.877001E+03   0.151626E-07   0.113204E-07   0.839462E+00   0.842475E+03   0.882169E+03   0.842475E+03  -0.235974E-04   0.537964E+03   0.537513E+03   0.110744E-04
   0.154470E+02   0.615590E+03   0.611084E+03   0.706375E-08   0.526920E-08   0.395569E+00   0.587187E+03   0.614862E+03   0.587187E+03  -0.164469E-04   0.374962E+03   0.374523E+03   0.882835E-05
   0.188670E+02   0.428465E+03   0.425112E+03   0.328323E-08   0.244643E-08   0.185688E+00   0.408658E+03   0.427923E+03   0.408658E+03  -0.114464E-04   0.260969E+03   0.260534E+03   0.716200E-05
   0.230442E+02   0.297814E+03   0.295257E+03   0.152173E-08   0.113217E-08   0.868886E-01   0.284010E+03   0.297401E+03   0.284010E+03  -0.795499E-05   0.181379E+03   0.180942E+03   0.588320E-05
   0.281463E+02   0.206731E+03   0.204723E+03   0.702739E-09   0.521689E-09   0.405489E-01   0.197111E+03   0.206406E+03   0.197111E+03  -0.552101E-05   0.125893E+03   0.125451E+03   0.487384E-05
   0.343780E+02   0.143321E+03   0.141687E+03   0.322942E-09   0.238957E-09   0.188795E-01   0.136614E+03   0.143057E+03   0.136614E+03  -0.382651E-05   0.872643E+02   0.868153E+02   0.405934E-05
   0.419893E+02   0.992351E+02   0.978561E+02   0.147399E-09   0.108524E-09   0.877210E-02   0.945532E+02   0.990122E+02   0.945532E+02  -0.264840E-05   0.604079E+02   0.599497E+02   0.339108E-05
   0.512859E+02   0.686224E+02   0.674135E+02   0.666177E-10   0.486696E-10   0.406792E-02   0.653453E+02   0.684270E+02   0.653453E+02  -0.183029E-05   0.417585E+02   0.412905E+02   0.283598E-05
   0.626408E+02   0.473896E+02   0.462931E+02   0.296686E-10   0.214095E-10   0.188275E-02   0.450861E+02   0.472124E+02   0.450861E+02  -0.126284E-05   0.288232E+02   0.283453E+02   0.237058E-05
   0.765096E+02   0.326784E+02   0.316553E+02   0.129152E-10   0.913126E-11   0.869550E-03   0.310487E+02   0.325130E+02   0.310487E+02  -0.869661E-06   0.198606E+02   0.193738E+02   0.197749E-05
   0.934490E+02   0.224960E+02   0.215206E+02   0.541774E-11   0.369443E-11   0.400617E-03   0.213323E+02   0.223384E+02   0.213323E+02  -0.597509E-06   0.136570E+02   0.131628E+02   0.164331E-05
   0.114139E+03   0.154551E+02   0.145119E+02   0.213022E-11   0.135191E-11   0.184013E-03   0.146134E+02   0.153026E+02   0.146134E+02  -0.409316E-06   0.936715E+01   0.886861E+01   0.135740E-05
