#          k/h    CDM            baryon         photon         nu             mass_nu        total          no_nu          total_de       Weyl           v_CDM          v_b            v_b-v_c     
   0.105163E-04   0.395291E+07   0.395291E+07   0.527006E+07   0.527005E+07   0.395311E+07   0.395292E+07   0.395291E+07   0.396136E+07  -0.599454E+00   0.393262E+07   0.393262E+07   0.105047E+02
   0.116112E-04   0.395291E+07   0.395291E+07   0.526996E+07   0.526994E+07   0.395311E+07   0.395292E+07   0.395291E+07   0.396135E+07  -0.599453E+00   0.393262E+07   0.393262E+07   0.115982E+02
   0.128200E-04   0.395291E+07   0.395291E+07   0.526982E+07   0.526980E+07   0.395311E+07   0.395292E+07   0.395291E+07   0.396135E+07  -0.599453E+00   0.393262E+07   0.393262E+07   0.128056E+02
   0.141547E-04   0.395291E+07   0.395291E+07   0.526966E+07   0.526964E+07   0.395311E+07   0.395292E+07   0.395291E+07   0.396135E+07  -0.599453E+00   0.393262E+07   0.393261E+07   0.141386E+02
   0.156284E-04   0.395291E+07   0.395291E+07   0.526947E+07   0.526944E+07   0.395311E+07   0.395292E+07   0.395291E+07   0.396135E+07  -0.599453E+00   0.393261E+07   0.393261E+07   0.156102E+02
   0.172555E-04   0.395291E+07   0.395291E+07   0.526923E+07   0.526919E+07   0.395310E+07   0.395291E+07   0.395291E+07   0.396135E+07  -0.599452E+00   0.393261E+07   0.393261E+07   0.172350E+02
   0.190520E-04   0.395290E+07   0.395290E+07   0.526894E+07   0.526889E+07   0.395310E+07   0.395291E+07   0.395290E+07   0.396135E+07  -0.599452E+00   0.393261E+07   0.393261E+07   0.190289E+02
   0.210355E-04   0.395290E+07   0.395290E+07   0.526859E+07   0.526853E+07   0.395310E+07   0.395291E+07   0.395290E+07   0.396134E+07  -0.599452E+00   0.393261E+07   0.393261E+07   0.210093E+02
   0.232256E-04   0.395290E+07   0.395290E+07   0.526816E+07   0.526809E+07   0.395310E+07   0.395291E+07   0.395290E+07   0.396134E+07  -0.599451E+00   0.393261E+07   0.393260E+07   0.231956E+02
   0.256436E-04   0.395290E+07   0.395289E+07   0.526764E+07   0.526755E+07   0.395309E+07   0.395290E+07   0.395290E+07   0.396133E+07  -0.599450E+00   0.393260E+07   0.393260E+07   0.256092E+02
   0.283134E-04   0.395289E+07   0.395289E+07   0.526700E+07   0.526689E+07   0.395309E+07   0.395290E+07   0.395289E+07   0.396133E+07  -0.599449E+00   0.393260E+07   0.393260E+07   0.282736E+02
   0.312612E-04   0.395289E+07   0.395288E+07   0.526622E+07   0.526609E+07   0.395308E+07   0.395289E+07   0.395289E+07   0.396132E+07  -0.599448E+00   0.393259E+07   0.393259E+07   0.312148E+02
   0.345158E-04   0.395288E+07   0.395288E+07   0.526527E+07   0.526511E+07   0.395307E+07   0.395289E+07   0.395288E+07   0.396131E+07  -0.599447E+00   0.393259E+07   0.393258E+07   0.344613E+02
   0.381093E-04   0.395287E+07   0.395287E+07   0.526411E+07   0.526392E+07   0.395307E+07   0.395288E+07   0.395287E+07   0.396130E+07  -0.599446E+00   0.393258E+07   0.393258E+07   0.380447E+02
   0.420769E-04   0.395286E+07   0.395286E+07   0.526270E+07   0.526246E+07   0.395305E+07   0.395287E+07   0.395286E+07   0.396129E+07  -0.599444E+00   0.393257E+07   0.393257E+07   0.419997E+02
   0.464576E-04   0.395285E+07   0.395285E+07   0.526098E+07   0.526069E+07   0.395304E+07   0.395286E+07   0.395285E+07   0.396128E+07  -0.599441E+00   0.393256E+07   0.393255E+07   0.463645E+02
   0.512944E-04   0.395284E+07   0.395283E+07   0.525889E+07   0.525853E+07   0.395303E+07   0.395285E+07   0.395284E+07   0.396126E+07  -0.599439E+00   0.393254E+07   0.393254E+07   0.511809E+02
   0.566347E-04   0.395282E+07   0.395282E+07   0.525634E+07   0.525590E+07   0.395301E+07   0.395283E+07   0.395282E+07   0.396124E+07  -0.599435E+00   0.393253E+07   0.393252E+07   0.564950E+02
   0.625311E-04   0.395280E+07   0.395280E+07   0.525323E+07   0.525270E+07   0.395298E+07   0.395281E+07   0.395280E+07   0.396121E+07  -0.599431E+00   0.393251E+07   0.393250E+07   0.623575E+02
   0.690413E-04   0.395277E+07   0.395277E+07   0.524944E+07   0.524879E+07   0.395296E+07   0.395278E+07   0.395277E+07   0.396118E+07  -0.599426E+00   0.393248E+07   0.393247E+07   0.688236E+02
   0.762293E-04   0.395274E+07   0.395274E+07   0.524482E+07   0.524404E+07   0.395292E+07   0.395275E+07   0.395274E+07   0.396114E+07  -0.599420E+00   0.393245E+07   0.393244E+07   0.759539E+02
   0.841656E-04   0.395270E+07   0.395270E+07   0.523920E+07   0.523825E+07   0.395288E+07   0.395271E+07   0.395270E+07   0.396110E+07  -0.599412E+00   0.393241E+07   0.393240E+07   0.838145E+02
   0.929282E-04   0.395266E+07   0.395265E+07   0.523236E+07   0.523120E+07   0.395283E+07   0.395267E+07   0.395266E+07   0.396104E+07  -0.599403E+00   0.393237E+07   0.393235E+07   0.924772E+02
   0.102603E-03   0.395260E+07   0.395259E+07   0.522403E+07   0.522261E+07   0.395276E+07   0.395261E+07   0.395260E+07   0.396097E+07  -0.599392E+00   0.393231E+07   0.393229E+07   0.102020E+03
   0.113285E-03   0.395253E+07   0.395252E+07   0.521389E+07   0.521216E+07   0.395269E+07   0.395254E+07   0.395253E+07   0.396088E+07  -0.599378E+00   0.393225E+07   0.393222E+07   0.112527E+03
   0.125080E-03   0.395245E+07   0.395244E+07   0.520155E+07   0.519946E+07   0.395259E+07   0.395246E+07   0.395245E+07   0.396078E+07  -0.599362E+00   0.393216E+07   0.393213E+07   0.124088E+03
   0.138102E-03   0.395235E+07   0.395233E+07   0.518655E+07   0.518400E+07   0.395248E+07   0.395235E+07   0.395235E+07   0.396065E+07  -0.599342E+00   0.393206E+07   0.393202E+07   0.136800E+03
   0.152480E-03   0.395223E+07   0.395221E+07   0.516832E+07   0.516522E+07   0.395234E+07   0.395223E+07   0.395222E+07   0.396050E+07  -0.599317E+00   0.393194E+07   0.393189E+07   0.150765E+03
   0.168355E-03   0.395208E+07   0.395205E+07   0.514618E+07   0.514241E+07   0.395217E+07   0.395208E+07   0.395207E+07   0.396031E+07  -0.599287E+00   0.393179E+07   0.393174E+07   0.166088E+03
   0.185882E-03   0.395189E+07   0.395186E+07   0.511931E+07   0.511473E+07   0.395197E+07   0.395189E+07   0.395189E+07   0.396008E+07  -0.599251E+00   0.393161E+07   0.393154E+07   0.182878E+03
   0.205235E-03   0.395167E+07   0.395163E+07   0.508674E+07   0.508118E+07   0.395172E+07   0.395166E+07   0.395166E+07   0.395980E+07  -0.599206E+00   0.393139E+07   0.393131E+07   0.201246E+03
   0.226602E-03   0.395140E+07   0.395135E+07   0.504729E+07   0.504056E+07   0.395141E+07   0.395139E+07   0.395139E+07   0.395946E+07  -0.599152E+00   0.393112E+07   0.393102E+07   0.221296E+03
   0.250194E-03   0.395107E+07   0.395101E+07   0.499960E+07   0.499146E+07   0.395104E+07   0.395106E+07   0.395106E+07   0.395905E+07  -0.599087E+00   0.393080E+07   0.393067E+07   0.243128E+03
   0.276242E-03   0.395066E+07   0.395060E+07   0.494204E+07   0.493220E+07   0.395059E+07   0.395065E+07   0.395065E+07   0.395855E+07  -0.599007E+00   0.393040E+07   0.393024E+07   0.266824E+03
   0.305002E-03   0.395017E+07   0.395009E+07   0.487272E+07   0.486087E+07   0.395004E+07   0.395015E+07   0.395016E+07   0.395795E+07  -0.598910E+00   0.392992E+07   0.392973E+07   0.292444E+03
   0.336756E-03   0.394958E+07   0.394948E+07   0.478947E+07   0.477523E+07   0.394937E+07   0.394955E+07   0.394956E+07   0.395721E+07  -0.598792E+00   0.392933E+07   0.392910E+07   0.320008E+03
   0.371817E-03   0.394885E+07   0.394873E+07   0.468983E+07   0.467275E+07   0.394856E+07   0.394882E+07   0.394883E+07   0.395632E+07  -0.598650E+00   0.392861E+07   0.392834E+07   0.349487E+03
   0.410527E-03   0.394797E+07   0.394783E+07   0.457104E+07   0.455064E+07   0.394757E+07   0.394793E+07   0.394795E+07   0.395524E+07  -0.598478E+00   0.392774E+07   0.392741E+07   0.380773E+03
   0.453268E-03   0.394690E+07   0.394673E+07   0.443014E+07   0.440588E+07   0.394637E+07   0.394685E+07   0.394688E+07   0.395393E+07  -0.598269E+00   0.392668E+07   0.392629E+07   0.413660E+03
   0.500458E-03   0.394561E+07   0.394540E+07   0.426401E+07   0.423532E+07   0.394491E+07   0.394555E+07   0.394558E+07   0.395236E+07  -0.598017E+00   0.392540E+07   0.392493E+07   0.447807E+03
   0.552561E-03   0.394404E+07   0.394380E+07   0.406962E+07   0.403591E+07   0.394315E+07   0.394396E+07   0.394400E+07   0.395046E+07  -0.597714E+00   0.392385E+07   0.392329E+07   0.482702E+03
   0.610090E-03   0.394215E+07   0.394185E+07   0.384426E+07   0.380498E+07   0.394102E+07   0.394205E+07   0.394210E+07   0.394818E+07  -0.597350E+00   0.392197E+07   0.392130E+07   0.517620E+03
   0.673607E-03   0.393986E+07   0.393951E+07   0.358597E+07   0.354065E+07   0.393844E+07   0.393974E+07   0.393980E+07   0.394546E+07  -0.596914E+00   0.391970E+07   0.391891E+07   0.551577E+03
   0.743737E-03   0.393710E+07   0.393669E+07   0.329412E+07   0.324244E+07   0.393533E+07   0.393696E+07   0.393703E+07   0.394220E+07  -0.596393E+00   0.391695E+07   0.391604E+07   0.583299E+03
   0.821169E-03   0.393379E+07   0.393331E+07   0.297013E+07   0.291205E+07   0.393158E+07   0.393361E+07   0.393371E+07   0.393834E+07  -0.595774E+00   0.391365E+07   0.391259E+07   0.611193E+03
   0.906662E-03   0.392982E+07   0.392926E+07   0.261834E+07   0.255420E+07   0.392709E+07   0.392961E+07   0.392973E+07   0.393376E+07  -0.595041E+00   0.390968E+07   0.390847E+07   0.633370E+03
   0.100106E-02   0.392507E+07   0.392443E+07   0.224687E+07   0.217751E+07   0.392170E+07   0.392482E+07   0.392497E+07   0.392838E+07  -0.594178E+00   0.390493E+07   0.390357E+07   0.647712E+03
   0.110528E-02   0.391942E+07   0.391869E+07   0.186828E+07   0.179512E+07   0.391528E+07   0.391912E+07   0.391930E+07   0.392208E+07  -0.593168E+00   0.389926E+07   0.389775E+07   0.652034E+03
   0.122035E-02   0.391273E+07   0.391190E+07   0.149959E+07   0.142464E+07   0.390764E+07   0.391237E+07   0.391259E+07   0.391473E+07  -0.591993E+00   0.389253E+07   0.389087E+07   0.644366E+03
   0.134740E-02   0.390483E+07   0.390391E+07   0.116121E+07   0.108691E+07   0.389857E+07   0.390441E+07   0.390468E+07   0.390623E+07  -0.590635E+00   0.388456E+07   0.388279E+07   0.623361E+03
   0.148768E-02   0.389556E+07   0.389456E+07   0.874115E+06   0.802995E+06   0.388788E+07   0.389506E+07   0.389540E+07   0.389642E+07  -0.589076E+00   0.387519E+07   0.387334E+07   0.588822E+03
   0.164257E-02   0.388474E+07   0.388366E+07   0.655069E+06   0.589176E+06   0.387534E+07   0.388415E+07   0.388457E+07   0.388517E+07  -0.587296E+00   0.386423E+07   0.386235E+07   0.542237E+03
   0.181358E-02   0.387218E+07   0.387103E+07   0.510458E+06   0.450776E+06   0.386072E+07   0.387149E+07   0.387200E+07   0.387228E+07  -0.585273E+00   0.385149E+07   0.384963E+07   0.487135E+03
   0.200239E-02   0.385769E+07   0.385648E+07   0.430944E+06   0.377040E+06   0.384373E+07   0.385687E+07   0.385749E+07   0.385754E+07  -0.582980E+00   0.383679E+07   0.383498E+07   0.428951E+03
   0.221086E-02   0.384105E+07   0.383977E+07   0.390836E+06   0.341208E+06   0.382409E+07   0.384009E+07   0.384084E+07   0.384069E+07  -0.580383E+00   0.381992E+07   0.381818E+07   0.374085E+03
   0.244104E-02   0.382203E+07   0.382067E+07   0.356386E+06   0.309699E+06   0.380147E+07   0.382089E+07   0.382181E+07   0.382144E+07  -0.577441E+00   0.380067E+07   0.379898E+07   0.328086E+03
   0.269518E-02   0.380037E+07   0.379890E+07   0.303121E+06   0.259770E+06   0.377551E+07   0.379903E+07   0.380014E+07   0.379949E+07  -0.574106E+00   0.377879E+07   0.377713E+07   0.293456E+03
   0.297578E-02   0.377581E+07   0.377417E+07   0.232764E+06   0.195193E+06   0.374579E+07   0.377421E+07   0.377555E+07   0.377456E+07  -0.570326E+00   0.375402E+07   0.375234E+07   0.268360E+03
   0.328559E-02   0.374803E+07   0.374618E+07   0.171557E+06   0.142022E+06   0.371187E+07   0.374612E+07   0.374773E+07   0.374638E+07  -0.566053E+00   0.372604E+07   0.372433E+07   0.247717E+03
   0.362766E-02   0.371670E+07   0.371460E+07   0.140937E+06   0.118387E+06   0.367329E+07   0.371442E+07   0.371636E+07   0.371464E+07  -0.561241E+00   0.369450E+07   0.369277E+07   0.226810E+03
   0.400534E-02   0.368149E+07   0.367909E+07   0.127586E+06   0.101588E+06   0.362952E+07   0.367878E+07   0.368110E+07   0.367897E+07  -0.555839E+00   0.365904E+07   0.365732E+07   0.204741E+03
   0.442234E-02   0.364203E+07   0.363928E+07   0.102298E+06   0.824323E+05   0.358006E+07   0.363882E+07   0.364159E+07   0.363897E+07  -0.549788E+00   0.361932E+07   0.361761E+07   0.183947E+03
   0.488276E-02   0.359795E+07   0.359478E+07   0.716890E+05   0.667921E+05   0.352437E+07   0.359415E+07   0.359744E+07   0.359426E+07  -0.543026E+00   0.357495E+07   0.357324E+07   0.166245E+03
   0.539111E-02   0.354885E+07   0.354517E+07   0.609021E+05   0.540308E+05   0.346193E+07   0.354436E+07   0.354825E+07   0.354446E+07  -0.535495E+00   0.352552E+07   0.352381E+07   0.151090E+03
   0.595239E-02   0.349433E+07   0.349003E+07   0.519306E+05   0.436288E+05   0.339227E+07   0.348907E+07   0.349363E+07   0.348915E+07  -0.527134E+00   0.347064E+07   0.346892E+07   0.137519E+03
   0.657210E-02   0.343400E+07   0.342897E+07   0.371946E+05   0.351593E+05   0.331495E+07   0.342786E+07   0.343318E+07   0.342792E+07  -0.517880E+00   0.340990E+07   0.340818E+07   0.124791E+03
   0.725633E-02   0.336747E+07   0.336157E+07   0.359638E+05   0.282708E+05   0.322964E+07   0.336035E+07   0.336651E+07   0.336040E+07  -0.507676E+00   0.334292E+07   0.334120E+07   0.113085E+03
   0.801180E-02   0.329437E+07   0.328743E+07   0.259272E+05   0.226764E+05   0.313612E+07   0.328617E+07   0.329325E+07   0.328621E+07  -0.496465E+00   0.326934E+07   0.326760E+07   0.103290E+03
   0.884592E-02   0.321438E+07   0.320620E+07   0.227713E+05   0.181396E+05   0.303428E+07   0.320500E+07   0.321306E+07   0.320504E+07  -0.484199E+00   0.318883E+07   0.318708E+07   0.943091E+02
   0.976688E-02   0.312721E+07   0.311757E+07   0.168072E+05   0.144671E+05   0.292417E+07   0.311657E+07   0.312565E+07   0.311660E+07  -0.470837E+00   0.310112E+07   0.309935E+07   0.863268E+02
   0.107837E-01   0.303263E+07   0.302128E+07   0.133548E+05   0.115000E+05   0.280592E+07   0.302067E+07   0.303080E+07   0.302069E+07  -0.456346E+00   0.300600E+07   0.300420E+07   0.793508E+02
   0.119064E-01   0.293050E+07   0.291716E+07   0.116311E+05   0.910808E+04   0.267975E+07   0.291715E+07   0.292835E+07   0.291717E+07  -0.440705E+00   0.290332E+07   0.290149E+07   0.731135E+02
   0.131460E-01   0.282075E+07   0.280511E+07   0.733869E+04   0.718471E+04   0.254599E+07   0.280596E+07   0.281822E+07   0.280598E+07  -0.423906E+00   0.279304E+07   0.279117E+07   0.676939E+02
   0.145147E-01   0.270341E+07   0.268514E+07   0.641831E+04   0.564236E+04   0.240512E+07   0.268716E+07   0.270046E+07   0.268717E+07  -0.405957E+00   0.267520E+07   0.267328E+07   0.628499E+02
   0.160258E-01   0.257863E+07   0.255741E+07   0.445063E+04   0.440944E+04   0.225785E+07   0.256091E+07   0.257520E+07   0.256092E+07  -0.386883E+00   0.254996E+07   0.254799E+07   0.585683E+02
   0.176943E-01   0.244674E+07   0.242225E+07   0.332539E+04   0.342739E+04   0.210524E+07   0.242758E+07   0.244278E+07   0.242759E+07  -0.366740E+00   0.241768E+07   0.241565E+07   0.547098E+02
   0.195365E-01   0.230829E+07   0.228027E+07   0.267824E+04   0.264839E+04   0.194862E+07   0.228776E+07   0.230376E+07   0.228777E+07  -0.345618E+00   0.227894E+07   0.227684E+07   0.511606E+02
   0.215705E-01   0.216410E+07   0.213238E+07   0.252487E+04   0.203335E+04   0.178934E+07   0.214233E+07   0.215897E+07   0.214233E+07  -0.323645E+00   0.213460E+07   0.213243E+07   0.477984E+02
   0.238162E-01   0.201533E+07   0.197991E+07   0.180549E+04   0.155039E+04   0.162864E+07   0.199245E+07   0.200961E+07   0.199245E+07  -0.301003E+00   0.198581E+07   0.198358E+07   0.445041E+02
   0.262957E-01   0.186354E+07   0.182464E+07   0.138402E+04   0.117357E+04   0.146809E+07   0.183973E+07   0.185725E+07   0.183973E+07  -0.277930E+00   0.183417E+07   0.183189E+07   0.411321E+02
   0.290334E-01   0.171173E+07   0.166989E+07   0.907692E+03   0.882177E+03   0.130803E+07   0.168709E+07   0.170497E+07   0.168709E+07  -0.254871E+00   0.168259E+07   0.168029E+07   0.375655E+02
   0.320561E-01   0.156097E+07   0.151711E+07   0.726873E+03   0.658331E+03   0.115592E+07   0.153596E+07   0.155388E+07   0.153596E+07  -0.232039E+00   0.153242E+07   0.153015E+07   0.337014E+02
   0.353936E-01   0.141567E+07   0.137115E+07   0.588453E+03   0.488555E+03   0.101331E+07   0.139067E+07   0.140847E+07   0.139067E+07  -0.210091E+00   0.138802E+07   0.138582E+07   0.294947E+02
   0.390784E-01   0.127938E+07   0.123595E+07   0.443984E+03   0.361297E+03   0.882655E+06   0.125481E+07   0.127236E+07   0.125481E+07  -0.189565E+00   0.125294E+07   0.125089E+07   0.249663E+02
   0.431470E-01   0.115616E+07   0.111584E+07   0.271060E+03   0.267216E+03   0.766370E+06   0.113238E+07   0.114964E+07   0.113238E+07  -0.171070E+00   0.113120E+07   0.112936E+07   0.202399E+02
   0.474616E-01   0.105176E+07   0.101629E+07   0.222077E+03   0.200506E+03   0.668871E+06   0.102904E+07   0.104603E+07   0.102904E+07  -0.155458E+00   0.102841E+07   0.102684E+07   0.157189E+02
   0.517763E-01   0.969970E+06   0.940161E+06   0.171857E+03   0.155143E+03   0.592615E+06   0.948373E+06   0.965153E+06   0.948374E+06  -0.143272E+00   0.948182E+06   0.946889E+06   0.118712E+02
   0.560910E-01   0.903821E+06   0.879654E+06   0.136295E+03   0.123023E+03   0.530953E+06   0.883297E+06   0.899915E+06   0.883297E+06  -0.133441E+00   0.883463E+06   0.882425E+06   0.879777E+01
   0.604057E-01   0.848003E+06   0.828772E+06   0.110149E+03   0.994101E+02   0.479305E+06   0.828429E+06   0.844895E+06   0.828429E+06  -0.125152E+00   0.828895E+06   0.828066E+06   0.652227E+01
   0.647204E-01   0.798707E+06   0.783233E+06   0.902768E+02   0.814654E+02   0.434647E+06   0.779922E+06   0.796206E+06   0.779922E+06  -0.117823E+00   0.780645E+06   0.779965E+06   0.499226E+01
   0.690351E-01   0.752486E+06   0.739372E+06   0.746605E+02   0.673657E+02   0.394496E+06   0.734338E+06   0.750366E+06   0.734338E+06  -0.110937E+00   0.735283E+06   0.734688E+06   0.409221E+01
   0.733498E-01   0.707181E+06   0.695071E+06   0.620626E+02   0.559928E+02   0.357286E+06   0.689553E+06   0.705224E+06   0.689553E+06  -0.104171E+00   0.690686E+06   0.690120E+06   0.366995E+01
   0.776645E-01   0.662078E+06   0.649859E+06   0.517406E+02   0.466757E+02   0.322491E+06   0.644897E+06   0.660104E+06   0.644898E+06  -0.974252E-01   0.646185E+06   0.645603E+06   0.356101E+01
   0.819792E-01   0.617709E+06   0.604650E+06   0.432454E+02   0.390086E+02   0.290228E+06   0.600944E+06   0.615599E+06   0.600944E+06  -0.907851E-01   0.602352E+06   0.601729E+06   0.361079E+01
   0.862939E-01   0.575246E+06   0.561054E+06   0.362758E+02   0.327189E+02   0.260838E+06   0.558895E+06   0.572953E+06   0.558895E+06  -0.844327E-01   0.560394E+06   0.559724E+06   0.369126E+01
   0.906086E-01   0.535842E+06   0.520626E+06   0.305909E+02   0.275892E+02   0.234614E+06   0.519927E+06   0.533383E+06   0.519927E+06  -0.785457E-01   0.521490E+06   0.520783E+06   0.371129E+01
   0.959689E-01   0.492470E+06   0.476592E+06   0.250082E+02   0.225520E+02   0.206659E+06   0.477147E+06   0.489904E+06   0.477147E+06  -0.720830E-01   0.478763E+06   0.478040E+06   0.357946E+01
   0.101329E+00   0.456321E+06   0.440730E+06   0.207500E+02   0.187102E+02   0.183745E+06   0.441638E+06   0.453801E+06   0.441638E+06  -0.667186E-01   0.443287E+06   0.442591E+06   0.326180E+01
   0.106690E+00   0.427644E+06   0.413268E+06   0.175201E+02   0.157962E+02   0.165438E+06   0.413615E+06   0.425321E+06   0.413615E+06  -0.624852E-01   0.415289E+06   0.414659E+06   0.280688E+01
   0.112050E+00   0.405390E+06   0.392874E+06   0.150463E+02   0.135645E+02   0.150856E+06   0.391994E+06   0.403367E+06   0.391994E+06  -0.592188E-01   0.393690E+06   0.393149E+06   0.229700E+01
   0.117410E+00   0.387461E+06   0.377022E+06   0.130917E+02   0.118012E+02   0.138824E+06   0.374651E+06   0.385774E+06   0.374651E+06  -0.565988E-01   0.376370E+06   0.375921E+06   0.181721E+01
   0.122770E+00   0.371574E+06   0.363003E+06   0.114777E+02   0.103454E+02   0.128283E+06   0.359293E+06   0.370189E+06   0.359293E+06  -0.542787E-01   0.361030E+06   0.360661E+06   0.143233E+01
   0.128131E+00   0.355976E+06   0.348747E+06   0.100895E+02   0.909335E+01   0.118488E+06   0.344164E+06   0.354807E+06   0.344164E+06  -0.519930E-01   0.345912E+06   0.345595E+06   0.117473E+01
   0.133491E+00   0.339689E+06   0.333142E+06   0.886289E+01   0.798726E+01   0.109053E+06   0.328291E+06   0.338631E+06   0.328291E+06  -0.495951E-01   0.330039E+06   0.329746E+06   0.104290E+01
   0.138851E+00   0.322491E+06   0.316011E+06   0.776852E+01   0.700051E+01   0.998969E+05   0.311466E+06   0.321444E+06   0.311466E+06  -0.470533E-01   0.313201E+06   0.312907E+06   0.100882E+01
   0.144212E+00   0.304762E+06   0.297925E+06   0.679680E+01   0.612447E+01   0.911266E+05   0.294085E+06   0.303657E+06   0.294085E+06  -0.444276E-01   0.295796E+06   0.295483E+06   0.103028E+01
   0.149572E+00   0.287243E+06   0.279887E+06   0.594665E+01   0.535810E+01   0.829463E+05   0.276906E+06   0.286054E+06   0.276906E+06  -0.418324E-01   0.278584E+06   0.278249E+06   0.106403E+01
   0.154932E+00   0.270815E+06   0.263031E+06   0.521812E+01   0.470141E+01   0.755716E+05   0.260820E+06   0.269557E+06   0.260820E+06  -0.394023E-01   0.262460E+06   0.262109E+06   0.107633E+01
   0.160293E+00   0.256287E+06   0.248348E+06   0.460802E+01   0.415149E+01   0.691606E+05   0.246634E+06   0.255004E+06   0.246634E+06  -0.372591E-01   0.248237E+06   0.247883E+06   0.104875E+01
   0.165653E+00   0.244118E+06   0.236372E+06   0.410617E+01   0.369915E+01   0.637578E+05   0.234799E+06   0.242866E+06   0.234799E+06  -0.354712E-01   0.236371E+06   0.236029E+06   0.978963E+00
   0.171013E+00   0.234225E+06   0.226991E+06   0.369462E+01   0.332820E+01   0.592545E+05   0.225228E+06   0.233056E+06   0.225228E+06  -0.340253E-01   0.226774E+06   0.226459E+06   0.877456E+00
   0.176373E+00   0.226088E+06   0.219571E+06   0.335176E+01   0.301917E+01   0.554410E+05   0.217396E+06   0.225034E+06   0.217396E+06  -0.328422E-01   0.218923E+06   0.218640E+06   0.761935E+00
   0.181734E+00   0.219041E+06   0.213295E+06   0.305801E+01   0.275441E+01   0.520968E+05   0.210635E+06   0.218112E+06   0.210635E+06  -0.318207E-01   0.212146E+06   0.211897E+06   0.651253E+00
   0.187094E+00   0.212464E+06   0.207398E+06   0.279812E+01   0.252018E+01   0.490344E+05   0.204321E+06   0.211645E+06   0.204321E+06  -0.308669E-01   0.205816E+06   0.205595E+06   0.560322E+00
   0.192454E+00   0.205827E+06   0.201247E+06   0.256102E+01   0.230652E+01   0.461107E+05   0.197927E+06   0.205087E+06   0.197927E+06  -0.299009E-01   0.199403E+06   0.199202E+06   0.497076E+00
   0.197815E+00   0.198776E+06   0.194448E+06   0.233993E+01   0.210731E+01   0.432387E+05   0.191103E+06   0.198077E+06   0.191103E+06  -0.288701E-01   0.192556E+06   0.192364E+06   0.461861E+00
   0.203175E+00   0.191257E+06   0.186970E+06   0.213277E+01   0.192066E+01   0.404061E+05   0.183801E+06   0.190564E+06   0.183801E+06  -0.277669E-01   0.185226E+06   0.185034E+06   0.448880E+00
   0.208535E+00   0.183503E+06   0.179114E+06   0.194091E+01   0.174782E+01   0.376640E+05   0.176257E+06   0.182794E+06   0.176257E+06  -0.266273E-01   0.177649E+06   0.177452E+06   0.448817E+00
   0.213896E+00   0.175865E+06   0.171324E+06   0.176658E+01   0.159077E+01   0.350813E+05   0.168823E+06   0.175131E+06   0.168823E+06  -0.255043E-01   0.170181E+06   0.169978E+06   0.451748E+00
   0.219256E+00   0.168663E+06   0.164006E+06   0.161111E+01   0.145073E+01   0.327124E+05   0.161821E+06   0.167910E+06   0.161821E+06  -0.244464E-01   0.163144E+06   0.162937E+06   0.449616E+00
   0.224616E+00   0.162136E+06   0.157459E+06   0.147472E+01   0.132787E+01   0.305904E+05   0.155489E+06   0.161380E+06   0.155489E+06  -0.234898E-01   0.156781E+06   0.156574E+06   0.437778E+00
   0.229977E+00   0.156422E+06   0.151849E+06   0.135651E+01   0.122138E+01   0.287239E+05   0.149965E+06   0.155683E+06   0.149965E+06  -0.226553E-01   0.151228E+06   0.151027E+06   0.415412E+00
   0.235337E+00   0.151518E+06   0.147161E+06   0.125438E+01   0.112939E+01   0.270940E+05   0.145242E+06   0.150814E+06   0.145242E+06  -0.219417E-01   0.146481E+06   0.146290E+06   0.384885E+00
   0.240697E+00   0.147274E+06   0.143204E+06   0.116530E+01   0.104915E+01   0.256571E+05   0.141168E+06   0.146616E+06   0.141168E+06  -0.213263E-01   0.142386E+06   0.142209E+06   0.350474E+00
   0.246057E+00   0.143455E+06   0.139693E+06   0.108601E+01   0.977729E+00   0.243580E+05   0.137510E+06   0.142847E+06   0.137510E+06  -0.207737E-01   0.138710E+06   0.138546E+06   0.316900E+00
   0.251418E+00   0.139822E+06   0.136338E+06   0.101371E+01   0.912605E+00   0.231470E+05   0.134030E+06   0.139259E+06   0.134030E+06  -0.202479E-01   0.135211E+06   0.135059E+06   0.288061E+00
   0.256778E+00   0.136183E+06   0.132909E+06   0.946335E+00   0.851922E+00   0.219862E+05   0.130534E+06   0.135654E+06   0.130534E+06  -0.197199E-01   0.131697E+06   0.131553E+06   0.266221E+00
   0.262138E+00   0.132422E+06   0.129278E+06   0.882686E+00   0.794600E+00   0.208544E+05   0.126912E+06   0.131914E+06   0.126912E+06  -0.191726E-01   0.128054E+06   0.127915E+06   0.251755E+00
   0.267499E+00   0.128526E+06   0.125435E+06   0.822398E+00   0.740308E+00   0.197487E+05   0.123149E+06   0.128026E+06   0.123149E+06  -0.186043E-01   0.124269E+06   0.124132E+06   0.243411E+00
   0.272859E+00   0.124565E+06   0.121476E+06   0.765690E+00   0.689244E+00   0.186791E+05   0.119319E+06   0.124066E+06   0.119319E+06  -0.180256E-01   0.120415E+06   0.120278E+06   0.238913E+00
   0.278219E+00   0.120654E+06   0.117544E+06   0.712996E+00   0.641796E+00   0.176616E+05   0.115535E+06   0.120152E+06   0.115535E+06  -0.174540E-01   0.116607E+06   0.116469E+06   0.235698E+00
   0.283580E+00   0.116909E+06   0.113787E+06   0.664678E+00   0.598289E+00   0.167110E+05   0.111914E+06   0.116404E+06   0.111914E+06  -0.169069E-01   0.112962E+06   0.112824E+06   0.231582E+00
   0.288940E+00   0.113423E+06   0.110319E+06   0.620898E+00   0.558869E+00   0.158366E+05   0.108549E+06   0.112921E+06   0.108549E+06  -0.163985E-01   0.109574E+06   0.109437E+06   0.225195E+00
   0.294300E+00   0.110251E+06   0.107206E+06   0.581557E+00   0.523446E+00   0.150420E+05   0.105493E+06   0.109759E+06   0.105493E+06  -0.159369E-01   0.106497E+06   0.106363E+06   0.216142E+00
   0.299661E+00   0.107394E+06   0.104447E+06   0.546269E+00   0.491673E+00   0.143223E+05   0.102747E+06   0.106918E+06   0.102747E+06  -0.155221E-01   0.103733E+06   0.103604E+06   0.204892E+00
   0.305021E+00   0.104803E+06   0.101981E+06   0.514430E+00   0.463005E+00   0.136665E+05   0.100263E+06   0.104347E+06   0.100263E+06  -0.151468E-01   0.101231E+06   0.101108E+06   0.192487E+00
   0.310381E+00   0.102401E+06   0.997127E+05   0.485360E+00   0.436831E+00   0.130607E+05   0.979621E+05   0.101966E+06   0.979621E+05  -0.147992E-01   0.989144E+05   0.987968E+05   0.180174E+00
   0.315741E+00   0.100105E+06   0.975422E+05   0.458442E+00   0.412596E+00   0.124913E+05   0.957632E+05   0.996906E+05   0.957632E+05  -0.144670E-01   0.967001E+05   0.965878E+05   0.169051E+00
   0.321102E+00   0.978460E+05   0.953874E+05   0.433194E+00   0.389864E+00   0.119476E+05   0.935976E+05   0.974486E+05   0.935976E+05  -0.141399E-01   0.945191E+05   0.944112E+05   0.159820E+00
   0.326462E+00   0.955788E+05   0.931964E+05   0.409293E+00   0.368347E+00   0.114228E+05   0.914208E+05   0.951938E+05   0.914208E+05  -0.138110E-01   0.923264E+05   0.922216E+05   0.152694E+00
   0.331822E+00   0.932894E+05   0.909557E+05   0.386592E+00   0.347910E+00   0.109144E+05   0.892190E+05   0.929122E+05   0.892190E+05  -0.134784E-01   0.901084E+05   0.900055E+05   0.147427E+00
   0.337183E+00   0.909948E+05   0.886894E+05   0.365088E+00   0.328552E+00   0.104238E+05   0.870100E+05   0.906222E+05   0.870100E+05  -0.131447E-01   0.878827E+05   0.877810E+05   0.143463E+00
   0.342543E+00   0.887321E+05   0.864445E+05   0.344853E+00   0.310337E+00   0.995467E+04   0.848309E+05   0.883624E+05   0.848309E+05  -0.128155E-01   0.856869E+05   0.855859E+05   0.140116E+00
   0.347903E+00   0.865429E+05   0.842729E+05   0.325967E+00   0.293336E+00   0.951061E+04   0.827230E+05   0.861760E+05   0.827230E+05  -0.124970E-01   0.835625E+05   0.834624E+05   0.136757E+00
   0.353264E+00   0.844604E+05   0.822163E+05   0.308461E+00   0.277579E+00   0.909428E+04   0.807196E+05   0.840977E+05   0.807196E+05  -0.121944E-01   0.815433E+05   0.814445E+05   0.132946E+00
   0.358624E+00   0.825045E+05   0.802990E+05   0.292313E+00   0.263043E+00   0.870631E+04   0.788403E+05   0.821481E+05   0.788403E+05  -0.119104E-01   0.796490E+05   0.795520E+05   0.128500E+00
   0.363984E+00   0.806788E+05   0.785247E+05   0.277436E+00   0.249652E+00   0.834569E+04   0.770884E+05   0.803306E+05   0.770884E+05  -0.116458E-01   0.778830E+05   0.777885E+05   0.123484E+00
   0.369344E+00   0.789705E+05   0.768776E+05   0.263698E+00   0.237286E+00   0.800974E+04   0.754514E+05   0.786323E+05   0.754514E+05  -0.113985E-01   0.762328E+05   0.761410E+05   0.118140E+00
   0.374705E+00   0.773553E+05   0.753277E+05   0.250935E+00   0.225798E+00   0.769459E+04   0.739049E+05   0.770277E+05   0.739049E+05  -0.111649E-01   0.746735E+05   0.745846E+05   0.112794E+00
   0.380065E+00   0.758044E+05   0.738404E+05   0.238989E+00   0.215045E+00   0.739642E+04   0.724202E+05   0.754870E+05   0.724202E+05  -0.109406E-01   0.731766E+05   0.730905E+05   0.107762E+00
   0.385425E+00   0.742927E+05   0.723856E+05   0.227724E+00   0.204906E+00   0.711186E+04   0.709725E+05   0.739845E+05   0.709725E+05  -0.107219E-01   0.717169E+05   0.716332E+05   0.103269E+00
   0.390786E+00   0.728027E+05   0.709432E+05   0.217046E+00   0.195296E+00   0.683862E+04   0.695446E+05   0.725021E+05   0.695446E+05  -0.105062E-01   0.702771E+05   0.701953E+05   0.994151E-01
   0.396146E+00   0.713258E+05   0.695040E+05   0.206895E+00   0.186159E+00   0.657547E+04   0.681283E+05   0.710314E+05   0.681283E+05  -0.102922E-01   0.688487E+05   0.687685E+05   0.961682E-01
   0.401506E+00   0.698626E+05   0.680704E+05   0.197241E+00   0.177470E+00   0.632198E+04   0.667241E+05   0.695730E+05   0.667241E+05  -0.100801E-01   0.674326E+05   0.673537E+05   0.933964E-01
   0.406867E+00   0.684226E+05   0.666549E+05   0.188085E+00   0.169230E+00   0.607868E+04   0.653418E+05   0.681370E+05   0.653418E+05  -0.987123E-02   0.660383E+05   0.659605E+05   0.909167E-01
   0.412227E+00   0.670202E+05   0.652753E+05   0.179437E+00   0.161447E+00   0.584647E+04   0.639957E+05   0.667382E+05   0.639957E+05  -0.966786E-02   0.646804E+05   0.646036E+05   0.885459E-01
   0.417587E+00   0.656680E+05   0.639473E+05   0.171302E+00   0.154126E+00   0.562593E+04   0.626981E+05   0.653899E+05   0.626981E+05  -0.947184E-02   0.633714E+05   0.632958E+05   0.861409E-01
   0.422948E+00   0.643722E+05   0.626792E+05   0.163667E+00   0.147255E+00   0.541719E+04   0.614556E+05   0.640986E+05   0.614556E+05  -0.928413E-02   0.621179E+05   0.620435E+05   0.836232E-01
   0.428308E+00   0.631343E+05   0.614728E+05   0.156505E+00   0.140810E+00   0.521975E+04   0.602694E+05   0.628658E+05   0.602694E+05  -0.910493E-02   0.609211E+05   0.608481E+05   0.809832E-01
   0.433668E+00   0.619520E+05   0.603253E+05   0.149783E+00   0.134760E+00   0.503298E+04   0.591373E+05   0.616891E+05   0.591373E+05  -0.893391E-02   0.597789E+05   0.597074E+05   0.782699E-01
   0.439028E+00   0.608197E+05   0.592295E+05   0.143462E+00   0.129071E+00   0.485598E+04   0.580537E+05   0.605627E+05   0.580537E+05  -0.877020E-02   0.586854E+05   0.586157E+05   0.755654E-01
   0.444389E+00   0.597278E+05   0.581739E+05   0.137494E+00   0.123701E+00   0.468746E+04   0.570090E+05   0.594767E+05   0.570090E+05  -0.861238E-02   0.576313E+05   0.575631E+05   0.729580E-01
   0.449749E+00   0.586657E+05   0.571461E+05   0.131835E+00   0.118609E+00   0.452627E+04   0.559927E+05   0.584201E+05   0.559927E+05  -0.845885E-02   0.566057E+05   0.565390E+05   0.705186E-01
   0.455109E+00   0.576256E+05   0.561372E+05   0.126452E+00   0.113764E+00   0.437150E+04   0.549973E+05   0.573851E+05   0.549973E+05  -0.830848E-02   0.556012E+05   0.555358E+05   0.682868E-01
   0.460470E+00   0.566043E+05   0.551435E+05   0.121322E+00   0.109148E+00   0.422262E+04   0.540196E+05   0.563682E+05   0.540196E+05  -0.816077E-02   0.546144E+05   0.545502E+05   0.662669E-01
   0.465830E+00   0.556012E+05   0.541647E+05   0.116432E+00   0.104747E+00   0.407941E+04   0.530590E+05   0.553690E+05   0.530590E+05  -0.801565E-02   0.536448E+05   0.535817E+05   0.644321E-01
   0.471190E+00   0.546172E+05   0.532026E+05   0.111770E+00   0.100553E+00   0.394167E+04   0.521164E+05   0.543886E+05   0.521164E+05  -0.787326E-02   0.526935E+05   0.526313E+05   0.627353E-01
   0.476551E+00   0.536549E+05   0.522609E+05   0.107332E+00   0.965587E-01   0.380942E+04   0.511947E+05   0.534296E+05   0.511947E+05  -0.773402E-02   0.517631E+05   0.517018E+05   0.611229E-01
   0.481911E+00   0.527183E+05   0.513446E+05   0.103113E+00   0.927625E-01   0.368274E+04   0.502977E+05   0.524963E+05   0.502977E+05  -0.759850E-02   0.508575E+05   0.507971E+05   0.595483E-01
   0.487271E+00   0.518108E+05   0.504580E+05   0.991095E-01   0.891603E-01   0.356164E+04   0.494289E+05   0.515922E+05   0.494289E+05  -0.746725E-02   0.499804E+05   0.499210E+05   0.579810E-01
   0.492631E+00   0.509340E+05   0.496031E+05   0.953136E-01   0.857447E-01   0.344602E+04   0.485898E+05   0.507189E+05   0.485898E+05  -0.734048E-02   0.491333E+05   0.490748E+05   0.564091E-01
   0.497992E+00   0.500868E+05   0.487786E+05   0.917126E-01   0.825045E-01   0.333559E+04   0.477792E+05   0.498754E+05   0.477792E+05  -0.721804E-02   0.483149E+05   0.482575E+05   0.548379E-01
   0.503352E+00   0.492666E+05   0.479815E+05   0.882916E-01   0.794264E-01   0.322997E+04   0.469947E+05   0.490589E+05   0.469947E+05  -0.709952E-02   0.475228E+05   0.474664E+05   0.532848E-01
   0.508712E+00   0.484703E+05   0.472083E+05   0.850365E-01   0.764975E-01   0.312880E+04   0.462333E+05   0.482663E+05   0.462333E+05  -0.698450E-02   0.467540E+05   0.466986E+05   0.517726E-01
   0.514073E+00   0.476954E+05   0.464559E+05   0.819344E-01   0.737063E-01   0.303170E+04   0.454924E+05   0.474951E+05   0.454924E+05  -0.687257E-02   0.460059E+05   0.459515E+05   0.503230E-01
   0.519433E+00   0.469392E+05   0.457212E+05   0.789732E-01   0.710420E-01   0.293837E+04   0.447694E+05   0.467424E+05   0.447694E+05  -0.676335E-02   0.452758E+05   0.452223E+05   0.489503E-01
   0.524793E+00   0.461991E+05   0.450012E+05   0.761418E-01   0.684945E-01   0.284851E+04   0.440617E+05   0.460055E+05   0.440617E+05  -0.665643E-02   0.445611E+05   0.445085E+05   0.476593E-01
   0.530154E+00   0.454732E+05   0.442940E+05   0.734314E-01   0.660558E-01   0.276186E+04   0.433675E+05   0.452827E+05   0.433675E+05  -0.655156E-02   0.438601E+05   0.438083E+05   0.464453E-01
   0.535514E+00   0.447617E+05   0.436002E+05   0.708365E-01   0.637211E-01   0.267834E+04   0.426870E+05   0.445740E+05   0.426870E+05  -0.644875E-02   0.431728E+05   0.431218E+05   0.452972E-01
   0.540874E+00   0.440659E+05   0.429211E+05   0.683540E-01   0.614875E-01   0.259790E+04   0.420215E+05   0.438809E+05   0.420215E+05  -0.634821E-02   0.425006E+05   0.424503E+05   0.442005E-01
   0.546235E+00   0.433866E+05   0.422581E+05   0.659803E-01   0.593518E-01   0.252050E+04   0.413718E+05   0.432042E+05   0.413718E+05  -0.625006E-02   0.418444E+05   0.417949E+05   0.431406E-01
   0.551595E+00   0.427240E+05   0.416117E+05   0.637108E-01   0.573100E-01   0.244605E+04   0.407382E+05   0.425443E+05   0.407382E+05  -0.615435E-02   0.412045E+05   0.411557E+05   0.421057E-01
   0.556955E+00   0.420783E+05   0.409822E+05   0.615411E-01   0.553579E-01   0.237442E+04   0.401209E+05   0.419012E+05   0.401209E+05  -0.606109E-02   0.405809E+05   0.405328E+05   0.410889E-01
   0.562315E+00   0.414497E+05   0.403699E+05   0.594670E-01   0.534919E-01   0.230556E+04   0.395200E+05   0.412752E+05   0.395200E+05  -0.597031E-02   0.399740E+05   0.399265E+05   0.400888E-01
   0.567676E+00   0.408381E+05   0.397745E+05   0.574842E-01   0.517079E-01   0.223937E+04   0.389354E+05   0.406662E+05   0.389354E+05  -0.588200E-02   0.393835E+05   0.393368E+05   0.391082E-01
   0.573036E+00   0.402422E+05   0.391949E+05   0.555868E-01   0.500010E-01   0.217566E+04   0.383661E+05   0.400730E+05   0.383661E+05  -0.579598E-02   0.388083E+05   0.387623E+05   0.381518E-01
   0.578396E+00   0.396604E+05   0.386289E+05   0.537689E-01   0.483654E-01   0.211428E+04   0.378101E+05   0.394937E+05   0.378101E+05  -0.571200E-02   0.382466E+05   0.382014E+05   0.372251E-01
   0.629654E+00   0.346850E+05   0.337825E+05   0.396553E-01   0.356683E-01   0.162441E+04   0.330567E+05   0.345392E+05   0.330567E+05  -0.499390E-02   0.334438E+05   0.334041E+05   0.299222E-01
   0.769061E+00   0.252069E+05   0.245514E+05   0.192952E-01   0.173535E-01   0.862487E+03   0.240092E+05   0.251009E+05   0.240092E+05  -0.362709E-02   0.242981E+05   0.242693E+05   0.177956E-01
   0.939334E+00   0.182302E+05   0.177563E+05   0.934582E-02   0.840470E-02   0.450398E+03   0.173563E+05   0.181536E+05   0.173563E+05  -0.262202E-02   0.175693E+05   0.175485E+05   0.105426E-01
   0.114731E+01   0.131283E+05   0.127870E+05   0.450846E-02   0.405423E-02   0.231622E+03   0.124948E+05   0.130732E+05   0.124948E+05  -0.188760E-02   0.126505E+05   0.126355E+05   0.622277E-02
   0.140132E+01   0.941736E+04   0.917255E+04   0.216679E-02   0.194840E-02   0.117421E+03   0.896071E+04   0.937779E+04   0.896071E+04  -0.135370E-02   0.907358E+04   0.906279E+04   0.366143E-02
   0.171158E+01   0.673093E+04   0.655596E+04   0.103775E-02   0.933123E-03   0.587398E+02   0.640341E+04   0.670265E+04   0.640341E+04  -0.967367E-03   0.648471E+04   0.647697E+04   0.214891E-02
   0.209053E+01   0.479510E+04   0.467045E+04   0.495433E-03   0.445475E-03   0.290325E+02   0.456120E+04   0.477495E+04   0.456120E+04  -0.689063E-03   0.461943E+04   0.461389E+04   0.125910E-02
   0.255338E+01   0.340554E+04   0.331701E+04   0.235817E-03   0.212035E-03   0.141957E+02   0.323913E+04   0.339123E+04   0.323913E+04  -0.489337E-03   0.328065E+04   0.327669E+04   0.737193E-03
   0.311870E+01   0.241182E+04   0.234911E+04   0.111934E-03   0.100644E-03   0.687650E+01   0.229382E+04   0.240169E+04   0.229382E+04  -0.346529E-03   0.232331E+04   0.232048E+04   0.431879E-03
   0.380919E+01   0.170378E+04   0.165947E+04   0.529994E-04   0.476536E-04   0.330515E+01   0.162035E+04   0.169662E+04   0.162035E+04  -0.244787E-03   0.164122E+04   0.163919E+04   0.253642E-03
   0.465255E+01   0.120080E+04   0.116955E+04   0.250369E-04   0.225115E-04   0.157835E+01   0.114196E+04   0.119575E+04   0.114196E+04  -0.172517E-03   0.115669E+04   0.115523E+04   0.149691E-03
   0.568264E+01   0.844414E+03   0.822428E+03   0.118012E-04   0.106109E-04   0.749689E+00   0.803022E+03   0.840860E+03   0.803022E+03  -0.121313E-03   0.813389E+03   0.812325E+03   0.890520E-04
   0.694079E+01   0.592614E+03   0.577167E+03   0.555144E-05   0.499150E-05   0.354564E+00   0.563554E+03   0.590117E+03   0.563554E+03  -0.851365E-04   0.570836E+03   0.570053E+03   0.536313E-04
   0.847750E+01   0.415114E+03   0.404275E+03   0.260655E-05   0.234366E-05   0.167096E+00   0.394752E+03   0.413363E+03   0.394752E+03  -0.596354E-04   0.399856E+03   0.399270E+03   0.328669E-04
   0.103544E+02   0.290272E+03   0.282673E+03   0.122170E-05   0.109850E-05   0.785192E-01   0.276029E+03   0.289044E+03   0.276029E+03  -0.416999E-04   0.279600E+03   0.279151E+03   0.206187E-04
   0.126469E+02   0.202644E+03   0.197318E+03   0.571676E-06   0.514032E-06   0.368063E-01   0.192697E+03   0.201783E+03   0.192697E+03  -0.291108E-04   0.195192E+03   0.194837E+03   0.133220E-04
   0.154470E+02   0.141253E+03   0.137520E+03   0.267092E-06   0.240167E-06   0.172171E-01   0.134316E+03   0.140650E+03   0.134316E+03  -0.202912E-04   0.136057E+03   0.135767E+03   0.891144E-05
   0.188670E+02   0.983208E+02   0.956992E+02   0.124605E-06   0.112049E-06   0.803919E-02   0.934882E+02   0.978971E+02   0.934882E+02  -0.141233E-04   0.947018E+02   0.944561E+02   0.619078E-05
   0.230442E+02   0.683450E+02   0.664992E+02   0.580502E-07   0.522037E-07   0.374759E-02   0.649820E+02   0.680467E+02   0.649820E+02  -0.981687E-05   0.658273E+02   0.656108E+02   0.446725E-05
   0.281463E+02   0.474476E+02   0.461419E+02   0.270072E-07   0.242895E-07   0.174451E-02   0.451091E+02   0.472366E+02   0.451091E+02  -0.681466E-05   0.456977E+02   0.455000E+02   0.333902E-05
   0.343780E+02   0.328994E+02   0.319689E+02   0.125478E-07   0.112867E-07   0.810939E-03   0.312740E+02   0.327490E+02   0.312740E+02  -0.472458E-05   0.316840E+02   0.314979E+02   0.257221E-05
   0.419893E+02   0.227850E+02   0.221147E+02   0.582185E-08   0.523778E-08   0.376442E-03   0.216553E+02   0.226766E+02   0.216553E+02  -0.327148E-05   0.219411E+02   0.217617E+02   0.202996E-05
   0.512859E+02   0.157617E+02   0.152713E+02   0.269727E-08   0.242742E-08   0.174534E-03   0.149761E+02   0.156825E+02   0.149761E+02  -0.226245E-05   0.151757E+02   0.149997E+02   0.163133E-05
   0.626408E+02   0.108906E+02   0.105243E+02   0.124767E-08   0.112335E-08   0.808119E-04   0.103435E+02   0.108314E+02   0.103435E+02  -0.156260E-05   0.104834E+02   0.103084E+02   0.132781E-05
   0.765096E+02   0.751568E+01   0.723481E+01   0.576071E-09   0.519024E-09   0.373611E-04   0.713383E+01   0.747029E+01   0.713383E+01  -0.107771E-05   0.723234E+01   0.705694E+01   0.108970E-05
   0.934490E+02   0.517985E+01   0.495760E+01   0.265390E-09   0.239350E-09   0.172469E-04   0.491225E+01   0.514393E+01   0.491225E+01  -0.742097E-06   0.498218E+01   0.480558E+01   0.898308E-06
   0.114139E+03   0.356471E+01   0.338264E+01   0.121917E-09   0.110119E-09   0.794533E-05   0.337606E+01   0.353529E+01   0.337606E+01  -0.510023E-06   0.342625E+01   0.324820E+01   0.741476E-06
