#           k/h    P           
    0.10000E-03    0.12580E+02
    0.10202E-03    0.12826E+02
    0.10408E-03    0.13076E+02
    0.10618E-03    0.13331E+02
    0.10833E-03    0.13591E+02
    0.11052E-03    0.13856E+02
    0.11275E-03    0.14126E+02
    0.11503E-03    0.14401E+02
    0.11735E-03    0.14682E+02
    0.11972E-03    0.14968E+02
    0.12214E-03    0.15260E+02
    0.12461E-03    0.15558E+02
    0.12712E-03    0.15861E+02
    0.12969E-03    0.16170E+02
    0.13231E-03    0.16486E+02
    0.13499E-03    0.16807E+02
    0.13771E-03    0.17135E+02
    0.14049E-03    0.17469E+02
    0.14333E-03    0.17809E+02
    0.14623E-03    0.18157E+02
    0.14918E-03    0.18511E+02
    0.15220E-03    0.18871E+02
    0.15527E-03    0.19239E+02
    0.15841E-03    0.19614E+02
    0.16161E-03    0.19997E+02
    0.16487E-03    0.20387E+02
    0.16820E-03    0.20784E+02
    0.17160E-03    0.21189E+02
    0.17507E-03    0.21602E+02
    0.17860E-03    0.22023E+02
    0.18221E-03    0.22452E+02
    0.18589E-03    0.22890E+02
    0.18965E-03    0.23336E+02
    0.19348E-03    0.23791E+02
    0.19739E-03    0.24254E+02
    0.20138E-03    0.24727E+02
    0.20544E-03    0.25208E+02
    0.20959E-03    0.25700E+02
    0.21383E-03    0.26200E+02
    0.21815E-03    0.26711E+02
    0.22255E-03    0.27231E+02
    0.22705E-03    0.27761E+02
    0.23164E-03    0.28302E+02
    0.23632E-03    0.28853E+02
    0.24109E-03    0.29415E+02
    0.24596E-03    0.29988E+02
    0.25093E-03    0.30572E+02
    0.25600E-03    0.31167E+02
    0.26117E-03    0.31774E+02
    0.26645E-03    0.32393E+02
    0.27183E-03    0.33023E+02
    0.27732E-03    0.33666E+02
    0.28292E-03    0.34321E+02
    0.28864E-03    0.34989E+02
    0.29447E-03    0.35670E+02
    0.30042E-03    0.36364E+02
    0.30649E-03    0.37071E+02
    0.31268E-03    0.37792E+02
    0.31899E-03    0.38527E+02
    0.32544E-03    0.39277E+02
    0.33201E-03    0.40040E+02
    0.33872E-03    0.40819E+02
    0.34556E-03    0.41612E+02
    0.35254E-03    0.42421E+02
    0.35966E-03    0.43246E+02
    0.36693E-03    0.44086E+02
    0.37434E-03    0.44943E+02
    0.38190E-03    0.45816E+02
    0.38962E-03    0.46705E+02
    0.39749E-03    0.47612E+02
    0.40552E-03    0.48537E+02
    0.41371E-03    0.49479E+02
    0.42207E-03    0.50439E+02
    0.43060E-03    0.51418E+02
    0.43929E-03    0.52415E+02
    0.44817E-03    0.53432E+02
    0.45722E-03    0.54468E+02
    0.46646E-03    0.55524E+02
    0.47588E-03    0.56600E+02
    0.48550E-03    0.57697E+02
    0.49530E-03    0.58814E+02
    0.50531E-03    0.59953E+02
    0.51552E-03    0.61114E+02
    0.52593E-03    0.62297E+02
    0.53656E-03    0.63502E+02
    0.54739E-03    0.64730E+02
    0.55845E-03    0.65982E+02
    0.56973E-03    0.67257E+02
    0.58124E-03    0.68557E+02
    0.59299E-03    0.69881E+02
    0.60496E-03    0.71230E+02
    0.61719E-03    0.72604E+02
    0.62965E-03    0.74005E+02
    0.64237E-03    0.75432E+02
    0.65535E-03    0.76886E+02
    0.66859E-03    0.78367E+02
    0.68210E-03    0.79875E+02
    0.69588E-03    0.81413E+02
    0.70993E-03    0.82978E+02
    0.72427E-03    0.84574E+02
    0.73891E-03    0.86198E+02
    0.75383E-03    0.87853E+02
    0.76906E-03    0.89539E+02
    0.78460E-03    0.91256E+02
    0.80045E-03    0.93005E+02
    0.81662E-03    0.94786E+02
    0.83311E-03    0.96600E+02
    0.84994E-03    0.98448E+02
    0.86711E-03    0.10033E+03
    0.88463E-03    0.10224E+03
    0.90250E-03    0.10420E+03
    0.92073E-03    0.10618E+03
    0.93933E-03    0.10820E+03
    0.95831E-03    0.11026E+03
    0.97767E-03    0.11236E+03
    0.99742E-03    0.11449E+03
    0.10176E-02    0.11667E+03
    0.10381E-02    0.11888E+03
    0.10591E-02    0.12113E+03
    0.10805E-02    0.12342E+03
    0.11023E-02    0.12575E+03
    0.11246E-02    0.12812E+03
    0.11473E-02    0.13054E+03
    0.11705E-02    0.13300E+03
    0.11941E-02    0.13550E+03
    0.12182E-02    0.13804E+03
    0.12429E-02    0.14063E+03
    0.12680E-02    0.14326E+03
    0.12936E-02    0.14594E+03
    0.13197E-02    0.14867E+03
    0.13464E-02    0.15144E+03
    0.13736E-02    0.15426E+03
    0.14013E-02    0.15712E+03
    0.14296E-02    0.16004E+03
    0.14585E-02    0.16300E+03
    0.14880E-02    0.16601E+03
    0.15180E-02    0.16908E+03
    0.15487E-02    0.17219E+03
    0.15800E-02    0.17536E+03
    0.16119E-02    0.17857E+03
    0.16445E-02    0.18184E+03
    0.16777E-02    0.18516E+03
    0.17116E-02    0.18854E+03
    0.17462E-02    0.19197E+03
    0.17814E-02    0.19545E+03
    0.18174E-02    0.19899E+03
    0.18541E-02    0.20259E+03
    0.18916E-02    0.20624E+03
    0.19298E-02    0.20994E+03
    0.19688E-02    0.21371E+03
    0.20086E-02    0.21753E+03
    0.20491E-02    0.22141E+03
    0.20905E-02    0.22535E+03
    0.21328E-02    0.22934E+03
    0.21758E-02    0.23340E+03
    0.22198E-02    0.23751E+03
    0.22646E-02    0.24169E+03
    0.23104E-02    0.24592E+03
    0.23571E-02    0.25022E+03
    0.24047E-02    0.25457E+03
    0.24533E-02    0.25899E+03
    0.25028E-02    0.26347E+03
    0.25534E-02    0.26800E+03
    0.26050E-02    0.27260E+03
    0.26576E-02    0.27727E+03
    0.27113E-02    0.28199E+03
    0.27660E-02    0.28677E+03
    0.28219E-02    0.29162E+03
    0.28789E-02    0.29653E+03
    0.29371E-02    0.30149E+03
    0.29964E-02    0.30652E+03
    0.30569E-02    0.31161E+03
    0.31187E-02    0.31676E+03
    0.31817E-02    0.32197E+03
    0.32460E-02    0.32724E+03
    0.33115E-02    0.33257E+03
    0.33784E-02    0.33796E+03
    0.34467E-02    0.34341E+03
    0.35163E-02    0.34891E+03
    0.35874E-02    0.35447E+03
    0.36598E-02    0.36009E+03
    0.37338E-02    0.36576E+03
    0.38092E-02    0.37149E+03
    0.38861E-02    0.37727E+03
    0.39646E-02    0.38310E+03
    0.40447E-02    0.38898E+03
    0.41264E-02    0.39491E+03
    0.42098E-02    0.40089E+03
    0.42948E-02    0.40692E+03
    0.43816E-02    0.41299E+03
    0.44701E-02    0.41910E+03
    0.45604E-02    0.42525E+03
    0.46525E-02    0.43145E+03
    0.47465E-02    0.43768E+03
    0.48424E-02    0.44394E+03
    0.49402E-02    0.45024E+03
    0.50400E-02    0.45657E+03
    0.51419E-02    0.46293E+03
    0.52457E-02    0.46931E+03
    0.53517E-02    0.47572E+03
    0.54598E-02    0.48214E+03
    0.55701E-02    0.48858E+03
    0.56826E-02    0.49503E+03
    0.57974E-02    0.50150E+03
    0.59145E-02    0.50797E+03
    0.60340E-02    0.51444E+03
    0.61559E-02    0.52091E+03
    0.62803E-02    0.52738E+03
    0.64072E-02    0.53384E+03
    0.65366E-02    0.54028E+03
    0.66686E-02    0.54671E+03
    0.68033E-02    0.55311E+03
    0.69408E-02    0.55949E+03
    0.70810E-02    0.56584E+03
    0.72240E-02    0.57215E+03
    0.73700E-02    0.57842E+03
    0.75189E-02    0.58464E+03
    0.76708E-02    0.59081E+03
    0.78257E-02    0.59692E+03
    0.79838E-02    0.60296E+03
    0.81451E-02    0.60894E+03
    0.83096E-02    0.61484E+03
    0.84775E-02    0.62066E+03
    0.86488E-02    0.62640E+03
    0.88235E-02    0.63204E+03
    0.90017E-02    0.63757E+03
    0.91836E-02    0.64300E+03
    0.93691E-02    0.64832E+03
    0.95583E-02    0.65351E+03
    0.97514E-02    0.65858E+03
    0.99484E-02    0.66351E+03
    0.10149E-01    0.66830E+03
    0.10354E-01    0.67294E+03
    0.10564E-01    0.67742E+03
    0.10777E-01    0.68174E+03
    0.10995E-01    0.68589E+03
    0.11217E-01    0.68985E+03
    0.11443E-01    0.69363E+03
    0.11675E-01    0.69722E+03
    0.11910E-01    0.70060E+03
    0.12151E-01    0.70378E+03
    0.12397E-01    0.70674E+03
    0.12647E-01    0.70947E+03
    0.12902E-01    0.71197E+03
    0.13163E-01    0.71423E+03
    0.13429E-01    0.71624E+03
    0.13700E-01    0.71800E+03
    0.13977E-01    0.71950E+03
    0.14259E-01    0.72073E+03
    0.14547E-01    0.72168E+03
    0.14841E-01    0.72235E+03
    0.15141E-01    0.72274E+03
    0.15447E-01    0.72282E+03
    0.15759E-01    0.72261E+03
    0.16077E-01    0.72209E+03
    0.16402E-01    0.72126E+03
    0.16734E-01    0.72011E+03
    0.17072E-01    0.71864E+03
    0.17416E-01    0.71685E+03
    0.17768E-01    0.71472E+03
    0.18127E-01    0.71227E+03
    0.18493E-01    0.70948E+03
    0.18867E-01    0.70635E+03
    0.19248E-01    0.70288E+03
    0.19637E-01    0.69908E+03
    0.20034E-01    0.69493E+03
    0.20438E-01    0.69045E+03
    0.20851E-01    0.68563E+03
    0.21272E-01    0.68048E+03
    0.21702E-01    0.67500E+03
    0.22141E-01    0.66920E+03
    0.22588E-01    0.66307E+03
    0.23044E-01    0.65662E+03
    0.23510E-01    0.64985E+03
    0.23985E-01    0.64276E+03
    0.24469E-01    0.63537E+03
    0.24964E-01    0.62769E+03
    0.25468E-01    0.61976E+03
    0.25982E-01    0.61161E+03
    0.26507E-01    0.60325E+03
    0.27043E-01    0.59469E+03
    0.27589E-01    0.58594E+03
    0.28146E-01    0.57699E+03
    0.28715E-01    0.56782E+03
    0.29295E-01    0.55845E+03
    0.29887E-01    0.54888E+03
    0.30490E-01    0.53917E+03
    0.31106E-01    0.52933E+03
    0.31735E-01    0.51942E+03
    0.32376E-01    0.50947E+03
    0.33030E-01    0.49950E+03
    0.33697E-01    0.48954E+03
    0.34378E-01    0.47959E+03
    0.35072E-01    0.46968E+03
    0.35781E-01    0.45983E+03
    0.36504E-01    0.45006E+03
    0.37241E-01    0.44040E+03
    0.37993E-01    0.43090E+03
    0.38761E-01    0.42158E+03
    0.39544E-01    0.41247E+03
    0.40343E-01    0.40358E+03
    0.41158E-01    0.39493E+03
    0.41989E-01    0.38651E+03
    0.42838E-01    0.37835E+03
    0.43703E-01    0.37043E+03
    0.44586E-01    0.36279E+03
    0.45486E-01    0.35544E+03
    0.46405E-01    0.34841E+03
    0.47343E-01    0.34172E+03
    0.48299E-01    0.33538E+03
    0.49275E-01    0.32937E+03
    0.50270E-01    0.32367E+03
    0.51286E-01    0.31824E+03
    0.52322E-01    0.31306E+03
    0.53379E-01    0.30811E+03
    0.54457E-01    0.30336E+03
    0.55557E-01    0.29877E+03
    0.56680E-01    0.29434E+03
    0.57825E-01    0.29003E+03
    0.58993E-01    0.28582E+03
    0.60184E-01    0.28169E+03
    0.61400E-01    0.27760E+03
    0.62641E-01    0.27352E+03
    0.63906E-01    0.26939E+03
    0.65197E-01    0.26517E+03
    0.66514E-01    0.26081E+03
    0.67858E-01    0.25627E+03
    0.69229E-01    0.25151E+03
    0.70627E-01    0.24649E+03
    0.72054E-01    0.24120E+03
    0.73510E-01    0.23561E+03
    0.74994E-01    0.22972E+03
    0.76509E-01    0.22355E+03
    0.78055E-01    0.21712E+03
    0.79632E-01    0.21045E+03
    0.81241E-01    0.20362E+03
    0.82882E-01    0.19666E+03
    0.84556E-01    0.18964E+03
    0.86264E-01    0.18263E+03
    0.88007E-01    0.17569E+03
    0.89785E-01    0.16888E+03
    0.91598E-01    0.16226E+03
    0.93449E-01    0.15589E+03
    0.95337E-01    0.14983E+03
    0.97263E-01    0.14413E+03
    0.99227E-01    0.13884E+03
    0.10123E+00    0.13399E+03
    0.10328E+00    0.12961E+03
    0.10536E+00    0.12572E+03
    0.10749E+00    0.12229E+03
    0.10966E+00    0.11930E+03
    0.11188E+00    0.11668E+03
    0.11414E+00    0.11438E+03
    0.11644E+00    0.11230E+03
    0.11880E+00    0.11036E+03
    0.12120E+00    0.10845E+03
    0.12365E+00    0.10649E+03
    0.12614E+00    0.10440E+03
    0.12869E+00    0.10212E+03
    0.13129E+00    0.99586E+02
    0.13394E+00    0.96782E+02
    0.13665E+00    0.93702E+02
    0.13941E+00    0.90372E+02
    0.14223E+00    0.86834E+02
    0.14510E+00    0.83157E+02
    0.14803E+00    0.79422E+02
    0.15102E+00    0.75723E+02
    0.15407E+00    0.72157E+02
    0.15718E+00    0.68821E+02
    0.16036E+00    0.65794E+02
    0.16360E+00    0.63133E+02
    0.16690E+00    0.60853E+02
    0.17028E+00    0.58935E+02
    0.17371E+00    0.57322E+02
    0.17722E+00    0.55940E+02
    0.18080E+00    0.54706E+02
    0.18446E+00    0.53531E+02
    0.18818E+00    0.52329E+02
    0.19198E+00    0.51014E+02
    0.19586E+00    0.49521E+02
    0.19982E+00    0.47820E+02
    0.20386E+00    0.45935E+02
    0.20797E+00    0.43926E+02
    0.21218E+00    0.41881E+02
    0.21646E+00    0.39884E+02
    0.22083E+00    0.38009E+02
    0.22530E+00    0.36317E+02
    0.22985E+00    0.34846E+02
    0.23449E+00    0.33603E+02
    0.23923E+00    0.32555E+02
    0.24406E+00    0.31638E+02
    0.24899E+00    0.30779E+02
    0.25402E+00    0.29903E+02
    0.25915E+00    0.28954E+02
    0.26439E+00    0.27904E+02
    0.26973E+00    0.26764E+02
    0.27518E+00    0.25578E+02
    0.28074E+00    0.24403E+02
    0.28641E+00    0.23293E+02
    0.29219E+00    0.22292E+02
    0.29810E+00    0.21417E+02
    0.30412E+00    0.20655E+02
    0.31026E+00    0.19969E+02
    0.31653E+00    0.19312E+02
    0.32292E+00    0.18643E+02
    0.32945E+00    0.17938E+02
    0.33610E+00    0.17198E+02
    0.34289E+00    0.16448E+02
    0.34982E+00    0.15722E+02
    0.35689E+00    0.15049E+02
    0.36409E+00    0.14440E+02
    0.37145E+00    0.13890E+02
    0.37895E+00    0.13377E+02
    0.38661E+00    0.12877E+02
    0.39442E+00    0.12372E+02
    0.40239E+00    0.11860E+02
    0.41052E+00    0.11352E+02
    0.41881E+00    0.10865E+02
    0.42727E+00    0.10410E+02
    0.43590E+00    0.99881E+01
    0.44471E+00    0.95927E+01
    0.45369E+00    0.92104E+01
    0.46286E+00    0.88333E+01
    0.47221E+00    0.84615E+01
    0.48174E+00    0.81001E+01
    0.49148E+00    0.77566E+01
    0.50141E+00    0.74331E+01
    0.51153E+00    0.71262E+01
    0.52187E+00    0.68311E+01
    0.53241E+00    0.65438E+01
    0.54317E+00    0.62647E+01
    0.55414E+00    0.59968E+01
    0.56533E+00    0.57414E+01
    0.57675E+00    0.54985E+01
    0.58840E+00    0.52650E+01
    0.60029E+00    0.50399E+01
    0.61242E+00    0.48234E+01
    0.62479E+00    0.46155E+01
    0.63741E+00    0.44161E+01
    0.65029E+00    0.42252E+01
    0.66342E+00    0.40422E+01
    0.67683E+00    0.38669E+01
    0.69050E+00    0.36989E+01
    0.70445E+00    0.35379E+01
    0.71868E+00    0.33837E+01
    0.73320E+00    0.32358E+01
    0.74801E+00    0.30941E+01
    0.76312E+00    0.29584E+01
    0.77854E+00    0.28282E+01
    0.79426E+00    0.27035E+01
    0.81031E+00    0.25840E+01
    0.82668E+00    0.24696E+01
    0.84338E+00    0.23599E+01
    0.86041E+00    0.22550E+01
    0.87780E+00    0.21544E+01
    0.89553E+00    0.20582E+01
    0.91362E+00    0.19661E+01
    0.93208E+00    0.18780E+01
    0.95091E+00    0.17937E+01
    0.97011E+00    0.17130E+01
    0.98971E+00    0.16358E+01
    0.10097E+01    0.15620E+01
    0.10301E+01    0.14913E+01
    0.10509E+01    0.14238E+01
    0.10721E+01    0.13592E+01
    0.10938E+01    0.12974E+01
    0.11159E+01    0.12384E+01
    0.11384E+01    0.11819E+01
    0.11614E+01    0.11279E+01
    0.11849E+01    0.10763E+01
    0.12088E+01    0.10270E+01
    0.12333E+01    0.97990E+00
    0.12582E+01    0.93486E+00
    0.12836E+01    0.89182E+00
    0.13095E+01    0.85070E+00
    0.13360E+01    0.81141E+00
    0.13630E+01    0.77388E+00
    0.13905E+01    0.73803E+00
    0.14186E+01    0.70379E+00
    0.14472E+01    0.67109E+00
    0.14765E+01    0.63987E+00
    0.15063E+01    0.61005E+00
    0.15367E+01    0.58158E+00
    0.15678E+01    0.55441E+00
    0.15994E+01    0.52846E+00
    0.16318E+01    0.50370E+00
    0.16647E+01    0.48006E+00
    0.16984E+01    0.45751E+00
    0.17327E+01    0.43598E+00
    0.17677E+01    0.41544E+00
    0.18034E+01    0.39585E+00
    0.18398E+01    0.37715E+00
    0.18770E+01    0.35931E+00
    0.19149E+01    0.34230E+00
    0.19536E+01    0.32607E+00
    0.19930E+01    0.31059E+00
    0.20333E+01    0.29583E+00
    0.20744E+01    0.28175E+00
    0.21163E+01    0.26832E+00
    0.21590E+01    0.25552E+00
    0.22026E+01    0.24332E+00
    0.22471E+01    0.23168E+00
    0.22925E+01    0.22059E+00
    0.23388E+01    0.21001E+00
    0.23861E+01    0.19993E+00
    0.24343E+01    0.19033E+00
    0.24835E+01    0.18117E+00
    0.25336E+01    0.17245E+00
    0.25848E+01    0.16413E+00
    0.26370E+01    0.15621E+00
    0.26903E+01    0.14866E+00
    0.27447E+01    0.14147E+00
    0.28001E+01    0.13462E+00
    0.28567E+01    0.12809E+00
    0.29144E+01    0.12188E+00
    0.29733E+01    0.11595E+00
    0.30333E+01    0.11032E+00
    0.30946E+01    0.10495E+00
    0.31571E+01    0.99833E-01
    0.32209E+01    0.94965E-01
    0.32860E+01    0.90329E-01
    0.33523E+01    0.85915E-01
    0.34201E+01    0.81713E-01
    0.34892E+01    0.77713E-01
    0.35596E+01    0.73905E-01
    0.36316E+01    0.70280E-01
    0.37049E+01    0.66830E-01
    0.37798E+01    0.63547E-01
    0.38561E+01    0.60422E-01
    0.39340E+01    0.57448E-01
    0.40135E+01    0.54617E-01
    0.40946E+01    0.51924E-01
    0.41773E+01    0.49362E-01
    0.42617E+01    0.46923E-01
    0.43478E+01    0.44604E-01
    0.44356E+01    0.42396E-01
    0.45252E+01    0.40297E-01
    0.46166E+01    0.38299E-01
    0.47099E+01    0.36399E-01
    0.48050E+01    0.34591E-01
    0.49021E+01    0.32872E-01
    0.50011E+01    0.31237E-01
    0.51021E+01    0.29682E-01
    0.52052E+01    0.28203E-01
    0.53104E+01    0.26797E-01
    0.54176E+01    0.25460E-01
    0.55271E+01    0.24188E-01
    0.56387E+01    0.22979E-01
    0.57526E+01    0.21830E-01
    0.58689E+01    0.20737E-01
    0.59874E+01    0.19699E-01
    0.61084E+01    0.18711E-01
    0.62318E+01    0.17772E-01
    0.63577E+01    0.16880E-01
    0.64861E+01    0.16032E-01
    0.66171E+01    0.15226E-01
    0.67508E+01    0.14460E-01
    0.68872E+01    0.13732E-01
    0.70263E+01    0.13040E-01
    0.71682E+01    0.12383E-01
    0.73130E+01    0.11758E-01
    0.74608E+01    0.11164E-01
    0.76115E+01    0.10600E-01
    0.77653E+01    0.10064E-01
    0.79221E+01    0.95551E-02
    0.80822E+01    0.90713E-02
    0.82454E+01    0.86117E-02
    0.84120E+01    0.81751E-02
    0.85819E+01    0.77604E-02
    0.87553E+01    0.73664E-02
    0.89322E+01    0.69923E-02
    0.91126E+01    0.66369E-02
    0.92967E+01    0.62993E-02
    0.94845E+01    0.59787E-02
    0.96761E+01    0.56742E-02
    0.98716E+01    0.53851E-02
    0.10071E+02    0.51105E-02
    0.10274E+02    0.48498E-02
    0.10482E+02    0.46022E-02
    0.10694E+02    0.43671E-02
    0.10910E+02    0.41439E-02
    0.11130E+02    0.39320E-02
    0.11355E+02    0.37308E-02
    0.11584E+02    0.35397E-02
    0.11818E+02    0.33584E-02
    0.12057E+02    0.31862E-02
    0.12301E+02    0.30228E-02
    0.12549E+02    0.28677E-02
    0.12803E+02    0.27204E-02
    0.13061E+02    0.25806E-02
    0.13325E+02    0.24480E-02
    0.13594E+02    0.23220E-02
    0.13869E+02    0.22025E-02
    0.14149E+02    0.20891E-02
    0.14435E+02    0.19815E-02
    0.14727E+02    0.18793E-02
    0.15024E+02    0.17824E-02
    0.15328E+02    0.16904E-02
    0.15637E+02    0.16032E-02
    0.15953E+02    0.15203E-02
    0.16275E+02    0.14418E-02
    0.16604E+02    0.13672E-02
    0.16940E+02    0.12965E-02
    0.17282E+02    0.12294E-02
    0.17631E+02    0.11657E-02
    0.17987E+02    0.11053E-02
    0.18351E+02    0.10480E-02
    0.18721E+02    0.99362E-03
    0.19099E+02    0.94205E-03
    0.19485E+02    0.89314E-03
    0.19879E+02    0.84674E-03
    0.20280E+02    0.80273E-03
    0.20690E+02    0.76099E-03
    0.21108E+02    0.72140E-03
    0.21535E+02    0.68386E-03
    0.21970E+02    0.64824E-03
    0.22413E+02    0.61447E-03
    0.22866E+02    0.58244E-03
    0.23328E+02    0.55207E-03
    0.23799E+02    0.52327E-03
    0.24280E+02    0.49596E-03
    0.24771E+02    0.47006E-03
    0.25271E+02    0.44550E-03
    0.25782E+02    0.42221E-03
    0.26302E+02    0.40013E-03
    0.26834E+02    0.37920E-03
    0.27376E+02    0.35935E-03
    0.27929E+02    0.34053E-03
    0.28493E+02    0.32269E-03
    0.29069E+02    0.30578E-03
    0.29656E+02    0.28975E-03
    0.30255E+02    0.27455E-03
    0.30866E+02    0.26014E-03
    0.31490E+02    0.24648E-03
    0.32126E+02    0.23353E-03
    0.32775E+02    0.22126E-03
    0.33437E+02    0.20962E-03
    0.34112E+02    0.19860E-03
    0.34801E+02    0.18815E-03
    0.35504E+02    0.17824E-03
    0.36222E+02    0.16885E-03
    0.36953E+02    0.15995E-03
    0.37700E+02    0.15152E-03
    0.38462E+02    0.14353E-03
    0.39239E+02    0.13596E-03
    0.40031E+02    0.12878E-03
    0.40840E+02    0.12198E-03
    0.41665E+02    0.11553E-03
    0.42507E+02    0.10943E-03
    0.43365E+02    0.10364E-03
    0.44241E+02    0.98158E-04
    0.45135E+02    0.92963E-04
    0.46047E+02    0.88041E-04
    0.46977E+02    0.83377E-04
    0.47926E+02    0.78958E-04
    0.48894E+02    0.74772E-04
    0.49882E+02    0.70805E-04
    0.50890E+02    0.67048E-04
    0.51918E+02    0.63488E-04
    0.52966E+02    0.60116E-04
    0.54036E+02    0.56921E-04
    0.55128E+02    0.53895E-04
    0.56242E+02    0.51028E-04
    0.57378E+02    0.48313E-04
    0.58537E+02    0.45741E-04
    0.59720E+02    0.43304E-04
    0.60926E+02    0.40996E-04
    0.62157E+02    0.38811E-04
    0.63412E+02    0.36740E-04
    0.64693E+02    0.34779E-04
    0.66000E+02    0.32922E-04
    0.67334E+02    0.31163E-04
    0.68694E+02    0.29498E-04
    0.70082E+02    0.27920E-04
    0.71497E+02    0.26426E-04
    0.72942E+02    0.25012E-04
    0.74415E+02    0.23672E-04
    0.75918E+02    0.22404E-04
    0.77452E+02    0.21203E-04
    0.79017E+02    0.20066E-04
    0.80613E+02    0.18989E-04
    0.82241E+02    0.17969E-04
    0.83903E+02    0.17004E-04
    0.85598E+02    0.16090E-04
    0.87327E+02    0.15224E-04
    0.89091E+02    0.14405E-04
    0.90891E+02    0.13628E-04
    0.92727E+02    0.12894E-04
    0.94600E+02    0.12198E-04
    0.96511E+02    0.11539E-04
    0.98461E+02    0.10915E-04
    0.10045E+03    0.10325E-04
    0.10248E+03    0.97666E-05
    0.10455E+03    0.92379E-05
    0.10666E+03    0.87377E-05
    0.10882E+03    0.82644E-05
    0.11101E+03    0.78167E-05
    0.11326E+03    0.73932E-05
