#          k/h    CDM            baryon         photon         nu             mass_nu        total          no_nu          total_de       Weyl           v_CDM          v_b            v_b-v_c     
   0.105163E-04   0.117939E+07   0.117939E+07   0.157247E+07   0.157247E+07   0.117971E+07   0.117940E+07   0.117939E+07   0.118779E+07  -0.601108E+00   0.117730E+07   0.117730E+07   0.991518E-01
   0.116112E-04   0.117939E+07   0.117939E+07   0.157246E+07   0.157246E+07   0.117971E+07   0.117940E+07   0.117939E+07   0.118779E+07  -0.601107E+00   0.117730E+07   0.117730E+07   0.109475E+00
   0.128200E-04   0.117939E+07   0.117939E+07   0.157245E+07   0.157245E+07   0.117971E+07   0.117940E+07   0.117939E+07   0.118779E+07  -0.601107E+00   0.117730E+07   0.117730E+07   0.120872E+00
   0.141547E-04   0.117939E+07   0.117939E+07   0.157244E+07   0.157244E+07   0.117970E+07   0.117940E+07   0.117939E+07   0.118779E+07  -0.601107E+00   0.117730E+07   0.117730E+07   0.133456E+00
   0.156284E-04   0.117939E+07   0.117939E+07   0.157242E+07   0.157242E+07   0.117970E+07   0.117940E+07   0.117939E+07   0.118779E+07  -0.601107E+00   0.117730E+07   0.117730E+07   0.147350E+00
   0.172555E-04   0.117939E+07   0.117939E+07   0.157240E+07   0.157240E+07   0.117970E+07   0.117940E+07   0.117939E+07   0.118778E+07  -0.601107E+00   0.117730E+07   0.117730E+07   0.162691E+00
   0.190520E-04   0.117939E+07   0.117939E+07   0.157238E+07   0.157237E+07   0.117970E+07   0.117940E+07   0.117939E+07   0.118778E+07  -0.601106E+00   0.117730E+07   0.117730E+07   0.179629E+00
   0.210355E-04   0.117938E+07   0.117938E+07   0.157235E+07   0.157234E+07   0.117970E+07   0.117940E+07   0.117938E+07   0.118778E+07  -0.601106E+00   0.117730E+07   0.117730E+07   0.198330E+00
   0.232256E-04   0.117938E+07   0.117938E+07   0.157231E+07   0.157230E+07   0.117970E+07   0.117940E+07   0.117938E+07   0.118778E+07  -0.601106E+00   0.117730E+07   0.117730E+07   0.218978E+00
   0.256436E-04   0.117938E+07   0.117938E+07   0.157226E+07   0.157226E+07   0.117970E+07   0.117940E+07   0.117938E+07   0.118778E+07  -0.601105E+00   0.117730E+07   0.117730E+07   0.241776E+00
   0.283134E-04   0.117938E+07   0.117938E+07   0.157221E+07   0.157220E+07   0.117970E+07   0.117940E+07   0.117938E+07   0.118778E+07  -0.601105E+00   0.117730E+07   0.117730E+07   0.266947E+00
   0.312612E-04   0.117938E+07   0.117938E+07   0.157214E+07   0.157213E+07   0.117970E+07   0.117940E+07   0.117938E+07   0.118778E+07  -0.601104E+00   0.117730E+07   0.117730E+07   0.294738E+00
   0.345158E-04   0.117938E+07   0.117938E+07   0.157206E+07   0.157205E+07   0.117970E+07   0.117939E+07   0.117938E+07   0.118778E+07  -0.601103E+00   0.117729E+07   0.117729E+07   0.325423E+00
   0.381093E-04   0.117938E+07   0.117938E+07   0.157196E+07   0.157195E+07   0.117969E+07   0.117939E+07   0.117938E+07   0.118778E+07  -0.601102E+00   0.117729E+07   0.117729E+07   0.359302E+00
   0.420769E-04   0.117938E+07   0.117938E+07   0.157184E+07   0.157182E+07   0.117969E+07   0.117939E+07   0.117938E+07   0.118777E+07  -0.601100E+00   0.117729E+07   0.117729E+07   0.396707E+00
   0.464576E-04   0.117937E+07   0.117937E+07   0.157169E+07   0.157167E+07   0.117969E+07   0.117939E+07   0.117937E+07   0.118777E+07  -0.601099E+00   0.117729E+07   0.117729E+07   0.438006E+00
   0.512944E-04   0.117937E+07   0.117937E+07   0.157151E+07   0.157148E+07   0.117969E+07   0.117939E+07   0.117937E+07   0.118777E+07  -0.601097E+00   0.117729E+07   0.117729E+07   0.483603E+00
   0.566347E-04   0.117937E+07   0.117937E+07   0.157129E+07   0.157126E+07   0.117968E+07   0.117938E+07   0.117937E+07   0.118776E+07  -0.601094E+00   0.117728E+07   0.117728E+07   0.533947E+00
   0.625311E-04   0.117936E+07   0.117936E+07   0.157102E+07   0.157098E+07   0.117968E+07   0.117938E+07   0.117936E+07   0.118776E+07  -0.601091E+00   0.117728E+07   0.117728E+07   0.589530E+00
   0.690413E-04   0.117936E+07   0.117936E+07   0.157069E+07   0.157065E+07   0.117967E+07   0.117937E+07   0.117936E+07   0.118775E+07  -0.601087E+00   0.117727E+07   0.117727E+07   0.650898E+00
   0.762293E-04   0.117935E+07   0.117935E+07   0.157029E+07   0.157024E+07   0.117966E+07   0.117937E+07   0.117935E+07   0.118774E+07  -0.601083E+00   0.117727E+07   0.117727E+07   0.718651E+00
   0.841656E-04   0.117935E+07   0.117934E+07   0.156981E+07   0.156974E+07   0.117965E+07   0.117936E+07   0.117935E+07   0.118773E+07  -0.601077E+00   0.117726E+07   0.117726E+07   0.793454E+00
   0.929282E-04   0.117934E+07   0.117934E+07   0.156921E+07   0.156913E+07   0.117964E+07   0.117935E+07   0.117934E+07   0.118772E+07  -0.601071E+00   0.117725E+07   0.117725E+07   0.876039E+00
   0.102603E-03   0.117933E+07   0.117932E+07   0.156849E+07   0.156839E+07   0.117962E+07   0.117934E+07   0.117933E+07   0.118770E+07  -0.601063E+00   0.117724E+07   0.117724E+07   0.967214E+00
   0.113285E-03   0.117931E+07   0.117931E+07   0.156761E+07   0.156749E+07   0.117960E+07   0.117932E+07   0.117931E+07   0.118768E+07  -0.601053E+00   0.117723E+07   0.117723E+07   0.106787E+01
   0.125080E-03   0.117930E+07   0.117929E+07   0.156653E+07   0.156639E+07   0.117958E+07   0.117931E+07   0.117930E+07   0.118766E+07  -0.601041E+00   0.117721E+07   0.117721E+07   0.117899E+01
   0.138102E-03   0.117928E+07   0.117927E+07   0.156523E+07   0.156505E+07   0.117955E+07   0.117929E+07   0.117927E+07   0.118763E+07  -0.601026E+00   0.117719E+07   0.117719E+07   0.130167E+01
   0.152480E-03   0.117925E+07   0.117925E+07   0.156363E+07   0.156342E+07   0.117952E+07   0.117926E+07   0.117925E+07   0.118760E+07  -0.601008E+00   0.117717E+07   0.117717E+07   0.143709E+01
   0.168355E-03   0.117922E+07   0.117922E+07   0.156170E+07   0.156143E+07   0.117948E+07   0.117923E+07   0.117922E+07   0.118756E+07  -0.600986E+00   0.117714E+07   0.117714E+07   0.158657E+01
   0.185882E-03   0.117918E+07   0.117918E+07   0.155933E+07   0.155901E+07   0.117943E+07   0.117919E+07   0.117918E+07   0.118751E+07  -0.600959E+00   0.117710E+07   0.117710E+07   0.175157E+01
   0.205235E-03   0.117914E+07   0.117914E+07   0.155646E+07   0.155607E+07   0.117937E+07   0.117915E+07   0.117914E+07   0.118745E+07  -0.600927E+00   0.117706E+07   0.117706E+07   0.193368E+01
   0.226602E-03   0.117909E+07   0.117908E+07   0.155296E+07   0.155249E+07   0.117929E+07   0.117909E+07   0.117908E+07   0.118737E+07  -0.600887E+00   0.117700E+07   0.117700E+07   0.213467E+01
   0.250194E-03   0.117902E+07   0.117901E+07   0.154871E+07   0.154813E+07   0.117920E+07   0.117903E+07   0.117902E+07   0.118728E+07  -0.600839E+00   0.117694E+07   0.117694E+07   0.235648E+01
   0.276242E-03   0.117894E+07   0.117893E+07   0.154354E+07   0.154284E+07   0.117909E+07   0.117894E+07   0.117894E+07   0.118717E+07  -0.600780E+00   0.117686E+07   0.117686E+07   0.260122E+01
   0.305002E-03   0.117884E+07   0.117883E+07   0.153725E+07   0.153641E+07   0.117896E+07   0.117884E+07   0.117884E+07   0.118704E+07  -0.600709E+00   0.117676E+07   0.117676E+07   0.287124E+01
   0.336756E-03   0.117872E+07   0.117871E+07   0.152963E+07   0.152860E+07   0.117879E+07   0.117872E+07   0.117872E+07   0.118688E+07  -0.600621E+00   0.117664E+07   0.117664E+07   0.316910E+01
   0.371817E-03   0.117858E+07   0.117856E+07   0.152037E+07   0.151914E+07   0.117859E+07   0.117858E+07   0.117857E+07   0.118668E+07  -0.600516E+00   0.117650E+07   0.117650E+07   0.349760E+01
   0.410527E-03   0.117840E+07   0.117838E+07   0.150917E+07   0.150767E+07   0.117835E+07   0.117840E+07   0.117840E+07   0.118644E+07  -0.600387E+00   0.117632E+07   0.117632E+07   0.385981E+01
   0.453268E-03   0.117818E+07   0.117816E+07   0.149560E+07   0.149380E+07   0.117805E+07   0.117818E+07   0.117818E+07   0.118615E+07  -0.600230E+00   0.117611E+07   0.117610E+07   0.425907E+01
   0.500458E-03   0.117792E+07   0.117790E+07   0.147922E+07   0.147705E+07   0.117769E+07   0.117791E+07   0.117792E+07   0.118579E+07  -0.600040E+00   0.117585E+07   0.117584E+07   0.469902E+01
   0.552561E-03   0.117760E+07   0.117757E+07   0.145947E+07   0.145687E+07   0.117725E+07   0.117758E+07   0.117760E+07   0.118536E+07  -0.599809E+00   0.117553E+07   0.117553E+07   0.518358E+01
   0.610090E-03   0.117722E+07   0.117718E+07   0.143573E+07   0.143262E+07   0.117672E+07   0.117719E+07   0.117721E+07   0.118484E+07  -0.599528E+00   0.117514E+07   0.117514E+07   0.571702E+01
   0.673607E-03   0.117675E+07   0.117670E+07   0.140726E+07   0.140356E+07   0.117607E+07   0.117671E+07   0.117674E+07   0.118421E+07  -0.599189E+00   0.117468E+07   0.117467E+07   0.630388E+01
   0.743737E-03   0.117618E+07   0.117612E+07   0.137325E+07   0.136888E+07   0.117528E+07   0.117613E+07   0.117617E+07   0.118344E+07  -0.598778E+00   0.117411E+07   0.117410E+07   0.694905E+01
   0.821169E-03   0.117548E+07   0.117541E+07   0.133282E+07   0.132769E+07   0.117432E+07   0.117542E+07   0.117547E+07   0.118252E+07  -0.598282E+00   0.117341E+07   0.117341E+07   0.765767E+01
   0.906662E-03   0.117464E+07   0.117456E+07   0.128502E+07   0.127904E+07   0.117316E+07   0.117456E+07   0.117463E+07   0.118141E+07  -0.597683E+00   0.117258E+07   0.117257E+07   0.843516E+01
   0.100106E-02   0.117363E+07   0.117353E+07   0.122888E+07   0.122200E+07   0.117175E+07   0.117353E+07   0.117361E+07   0.118007E+07  -0.596963E+00   0.117156E+07   0.117155E+07   0.928711E+01
   0.110528E-02   0.117240E+07   0.117228E+07   0.116353E+07   0.115570E+07   0.117004E+07   0.117227E+07   0.117238E+07   0.117847E+07  -0.596100E+00   0.117033E+07   0.117032E+07   0.102193E+02
   0.122035E-02   0.117092E+07   0.117077E+07   0.108822E+07   0.107948E+07   0.116798E+07   0.117076E+07   0.117089E+07   0.117655E+07  -0.595067E+00   0.116884E+07   0.116883E+07   0.112374E+02
   0.134740E-02   0.116914E+07   0.116895E+07   0.100258E+07   0.993017E+06   0.116547E+07   0.116894E+07   0.116911E+07   0.117428E+07  -0.593837E+00   0.116705E+07   0.116703E+07   0.123472E+02
   0.148768E-02   0.116700E+07   0.116678E+07   0.906744E+06   0.896578E+06   0.116245E+07   0.116676E+07   0.116697E+07   0.117158E+07  -0.592379E+00   0.116489E+07   0.116487E+07   0.135542E+02
   0.164257E-02   0.116444E+07   0.116417E+07   0.801650E+06   0.791238E+06   0.115882E+07   0.116415E+07   0.116440E+07   0.116841E+07  -0.590659E+00   0.116231E+07   0.116228E+07   0.148633E+02
   0.181358E-02   0.116140E+07   0.116106E+07   0.689314E+06   0.679176E+06   0.115450E+07   0.116103E+07   0.116134E+07   0.116469E+07  -0.588644E+00   0.115921E+07   0.115918E+07   0.162794E+02
   0.200239E-02   0.115778E+07   0.115738E+07   0.573078E+06   0.563898E+06   0.114934E+07   0.115734E+07   0.115771E+07   0.116038E+07  -0.586300E+00   0.115553E+07   0.115549E+07   0.178065E+02
   0.221086E-02   0.115351E+07   0.115301E+07   0.457742E+06   0.450311E+06   0.114322E+07   0.115297E+07   0.115343E+07   0.115540E+07  -0.583593E+00   0.115116E+07   0.115111E+07   0.194483E+02
   0.244104E-02   0.114849E+07   0.114789E+07   0.349408E+06   0.344507E+06   0.113598E+07   0.114783E+07   0.114839E+07   0.114969E+07  -0.580494E+00   0.114601E+07   0.114595E+07   0.212083E+02
   0.269518E-02   0.114263E+07   0.114190E+07   0.254867E+06   0.253050E+06   0.112746E+07   0.114184E+07   0.114251E+07   0.114319E+07  -0.576977E+00   0.113997E+07   0.113990E+07   0.230901E+02
   0.297578E-02   0.113584E+07   0.113496E+07   0.180359E+06   0.181669E+06   0.111749E+07   0.113488E+07   0.113570E+07   0.113584E+07  -0.573017E+00   0.113295E+07   0.113286E+07   0.250986E+02
   0.328559E-02   0.112803E+07   0.112695E+07   0.129725E+06   0.133424E+06   0.110589E+07   0.112686E+07   0.112785E+07   0.112756E+07  -0.568590E+00   0.112485E+07   0.112474E+07   0.272398E+02
   0.362766E-02   0.111909E+07   0.111779E+07   0.102379E+06   0.106878E+06   0.109247E+07   0.111769E+07   0.111888E+07   0.111825E+07  -0.563665E+00   0.111557E+07   0.111544E+07   0.295225E+02
   0.400534E-02   0.110895E+07   0.110738E+07   0.920999E+05   0.953380E+05   0.107704E+07   0.110727E+07   0.110870E+07   0.110777E+07  -0.558199E+00   0.110504E+07   0.110489E+07   0.319575E+02
   0.442234E-02   0.109752E+07   0.109561E+07   0.881390E+05   0.885378E+05   0.105942E+07   0.109551E+07   0.109721E+07   0.109598E+07  -0.552128E+00   0.109317E+07   0.109300E+07   0.345572E+02
   0.488276E-02   0.108469E+07   0.108238E+07   0.796713E+05   0.773379E+05   0.103942E+07   0.108229E+07   0.108431E+07   0.108271E+07  -0.545374E+00   0.107990E+07   0.107969E+07   0.373332E+02
   0.539111E-02   0.107036E+07   0.106757E+07   0.623567E+05   0.595096E+05   0.101685E+07   0.106752E+07   0.106991E+07   0.106784E+07  -0.537849E+00   0.106512E+07   0.106487E+07   0.402943E+02
   0.595239E-02   0.105442E+07   0.105104E+07   0.420714E+05   0.414875E+05   0.991566E+06   0.105106E+07   0.105387E+07   0.105129E+07  -0.529478E+00   0.104871E+07   0.104841E+07   0.434445E+02
   0.657210E-02   0.103674E+07   0.103268E+07   0.296328E+05   0.315983E+05   0.963440E+06   0.103281E+07   0.103609E+07   0.103297E+07  -0.520206E+00   0.103055E+07   0.103020E+07   0.467837E+02
   0.725633E-02   0.101722E+07   0.101233E+07   0.278925E+05   0.284266E+05   0.932423E+06   0.101265E+07   0.101643E+07   0.101280E+07  -0.509994E+00   0.101050E+07   0.101008E+07   0.503096E+02
   0.801180E-02   0.995756E+06   0.989877E+06   0.266886E+05   0.228072E+05   0.898544E+06   0.990469E+06   0.994806E+06   0.990605E+06  -0.498786E+00   0.988474E+06   0.987974E+06   0.540162E+02
   0.884592E-02   0.972237E+06   0.965191E+06   0.185628E+05   0.182493E+05   0.861917E+06   0.966179E+06   0.971098E+06   0.966278E+06  -0.486523E+00   0.964366E+06   0.963774E+06   0.578892E+02
   0.976688E-02   0.946578E+06   0.938155E+06   0.123781E+05   0.145578E+05   0.822740E+06   0.939700E+06   0.945217E+06   0.939769E+06  -0.473159E+00   0.938098E+06   0.937400E+06   0.619006E+02
   0.107837E-01   0.918708E+06   0.908668E+06   0.128698E+05   0.115732E+05   0.781275E+06   0.910967E+06   0.917086E+06   0.911034E+06  -0.458669E+00   0.909598E+06   0.908776E+06   0.660085E+02
   0.119064E-01   0.888575E+06   0.876653E+06   0.940698E+04   0.916704E+04   0.737818E+06   0.879944E+06   0.886649E+06   0.879994E+06  -0.443033E+00   0.878825E+06   0.877860E+06   0.701543E+02
   0.131460E-01   0.856154E+06   0.842058E+06   0.649526E+04   0.723184E+04   0.692673E+06   0.846614E+06   0.853876E+06   0.846650E+06  -0.426236E+00   0.845765E+06   0.844637E+06   0.742539E+02
   0.145147E-01   0.821445E+06   0.804868E+06   0.648553E+04   0.567951E+04   0.646144E+06   0.810990E+06   0.818766E+06   0.811023E+06  -0.408290E+00   0.810424E+06   0.809113E+06   0.781939E+02
   0.160258E-01   0.784488E+06   0.765116E+06   0.384146E+04   0.443868E+04   0.598583E+06   0.773124E+06   0.781358E+06   0.773145E+06  -0.389217E+00   0.772852E+06   0.771337E+06   0.818270E+02
   0.176943E-01   0.745369E+06   0.722904E+06   0.387572E+04   0.345011E+04   0.550451E+06   0.733121E+06   0.741739E+06   0.733141E+06  -0.369071E+00   0.733146E+06   0.731410E+06   0.849646E+02
   0.195365E-01   0.704236E+06   0.678427E+06   0.253746E+04   0.266600E+04   0.502320E+06   0.691157E+06   0.700065E+06   0.691171E+06  -0.347939E+00   0.691474E+06   0.689502E+06   0.873755E+02
   0.215705E-01   0.661321E+06   0.632007E+06   0.189976E+04   0.204692E+04   0.454724E+06   0.647490E+06   0.656583E+06   0.647500E+06  -0.325952E+00   0.648086E+06   0.645874E+06   0.887857E+02
   0.238162E-01   0.616957E+06   0.584123E+06   0.173827E+04   0.156079E+04   0.407967E+06   0.602475E+06   0.611651E+06   0.602484E+06  -0.303288E+00   0.603336E+06   0.600891E+06   0.888862E+02
   0.262957E-01   0.571600E+06   0.535447E+06   0.129122E+04   0.118148E+04   0.362172E+06   0.556586E+06   0.565757E+06   0.556593E+06  -0.280184E+00   0.557696E+06   0.555042E+06   0.873525E+02
   0.290334E-01   0.526192E+06   0.487212E+06   0.922054E+03   0.888078E+03   0.315910E+06   0.510703E+06   0.519892E+06   0.510708E+06  -0.257085E+00   0.512065E+06   0.509252E+06   0.838825E+02
   0.320561E-01   0.480895E+06   0.439947E+06   0.778086E+03   0.662797E+03   0.273682E+06   0.465241E+06   0.474278E+06   0.465245E+06  -0.234198E+00   0.466777E+06   0.463880E+06   0.782373E+02
   0.353936E-01   0.437044E+06   0.395388E+06   0.678572E+03   0.491981E+03   0.235194E+06   0.421522E+06   0.430312E+06   0.421525E+06  -0.212189E+00   0.423177E+06   0.420302E+06   0.703373E+02
   0.390784E-01   0.395688E+06   0.354964E+06   0.385718E+03   0.363966E+03   0.200759E+06   0.380622E+06   0.389107E+06   0.380624E+06  -0.191599E+00   0.382349E+06   0.379626E+06   0.603423E+02
   0.431470E-01   0.358056E+06   0.320151E+06   0.204057E+03   0.269337E+03   0.170592E+06   0.343761E+06   0.351930E+06   0.343763E+06  -0.173043E+00   0.345518E+06   0.343088E+06   0.487519E+02
   0.474616E-01   0.325929E+06   0.292489E+06   0.202272E+03   0.202245E+03   0.145602E+06   0.312645E+06   0.320525E+06   0.312646E+06  -0.157379E+00   0.314394E+06   0.312370E+06   0.369237E+02
   0.517763E-01   0.300562E+06   0.272366E+06   0.156646E+03   0.156625E+03   0.126353E+06   0.288363E+06   0.296005E+06   0.288364E+06  -0.145155E+00   0.290083E+06   0.288499E+06   0.264888E+02
   0.560910E-01   0.279927E+06   0.256987E+06   0.124332E+03   0.124315E+03   0.111095E+06   0.268781E+06   0.276220E+06   0.268782E+06  -0.135298E+00   0.270468E+06   0.269297E+06   0.180702E+02
   0.604057E-01   0.262486E+06   0.244166E+06   0.100558E+03   0.100544E+03   0.984473E+05   0.252269E+06   0.259526E+06   0.252270E+06  -0.126986E+00   0.253927E+06   0.253095E+06   0.119311E+02
   0.647204E-01   0.247128E+06   0.232344E+06   0.824744E+02   0.824634E+02   0.876965E+05   0.237664E+06   0.244739E+06   0.237665E+06  -0.119634E+00   0.239298E+06   0.238699E+06   0.801520E+01
   0.690351E-01   0.232821E+06   0.220282E+06   0.682499E+02   0.682408E+02   0.782792E+05   0.223924E+06   0.230795E+06   0.223925E+06  -0.112717E+00   0.225539E+06   0.225059E+06   0.602203E+01
   0.733498E-01   0.218906E+06   0.207348E+06   0.567624E+02   0.567548E+02   0.697975E+05   0.210405E+06   0.217038E+06   0.210405E+06  -0.105912E+00   0.212001E+06   0.211536E+06   0.549623E+01
   0.776645E-01   0.205140E+06   0.193523E+06   0.473400E+02   0.473337E+02   0.620447E+05   0.196901E+06   0.203263E+06   0.196901E+06  -0.991145E-01   0.198479E+06   0.197948E+06   0.591654E+01
   0.819792E-01   0.191653E+06   0.179289E+06   0.395794E+02   0.395741E+02   0.550323E+05   0.183590E+06   0.189655E+06   0.183591E+06  -0.924142E-01   0.185143E+06   0.184501E+06   0.677796E+01
   0.862939E-01   0.178765E+06   0.165369E+06   0.332090E+02   0.332046E+02   0.487915E+05   0.170842E+06   0.176600E+06   0.170843E+06  -0.859971E-01   0.172365E+06   0.171601E+06   0.765678E+01
   0.906086E-01   0.166793E+06   0.152457E+06   0.280115E+02   0.280078E+02   0.433128E+05   0.159018E+06   0.164476E+06   0.159018E+06  -0.800450E-01   0.160504E+06   0.159640E+06   0.825193E+01
   0.959689E-01   0.153562E+06   0.138613E+06   0.229078E+02   0.229047E+02   0.375540E+05   0.146029E+06   0.151146E+06   0.146029E+06  -0.735065E-01   0.147462E+06   0.146535E+06   0.836091E+01
   0.101329E+00   0.142446E+06   0.127759E+06   0.190168E+02   0.190143E+02   0.329027E+05   0.135245E+06   0.140073E+06   0.135245E+06  -0.680782E-01   0.136621E+06   0.135715E+06   0.774105E+01
   0.106690E+00   0.133530E+06   0.119966E+06   0.160672E+02   0.160650E+02   0.292073E+05   0.126737E+06   0.131338E+06   0.126737E+06  -0.637958E-01   0.128056E+06   0.127247E+06   0.656924E+01
   0.112050E+00   0.126522E+06   0.114683E+06   0.138093E+02   0.138074E+02   0.262745E+05   0.120179E+06   0.124609E+06   0.120179E+06  -0.604944E-01   0.121445E+06   0.120779E+06   0.514026E+01
   0.117410E+00   0.120819E+06   0.110913E+06   0.120254E+02   0.120238E+02   0.238718E+05   0.114923E+06   0.119218E+06   0.114923E+06  -0.578485E-01   0.116141E+06   0.115631E+06   0.376079E+01
   0.122770E+00   0.115760E+06   0.107599E+06   0.105512E+02   0.105498E+02   0.217878E+05   0.110267E+06   0.114441E+06   0.110267E+06  -0.555049E-01   0.111443E+06   0.111065E+06   0.266705E+01
   0.128131E+00   0.110836E+06   0.103938E+06   0.928142E+01   0.928017E+01   0.198897E+05   0.105674E+06   0.109721E+06   0.105674E+06  -0.531931E-01   0.106812E+06   0.106519E+06   0.198063E+01
   0.133491E+00   0.105759E+06   0.995126E+05   0.815754E+01   0.815644E+01   0.181042E+05   0.100847E+06   0.104750E+06   0.100847E+06  -0.507630E-01   0.101950E+06   0.101687E+06   0.170383E+01
   0.138851E+00   0.100458E+06   0.942906E+05   0.715310E+01   0.715213E+01   0.164055E+05   0.957198E+05   0.994614E+05   0.957199E+05  -0.481823E-01   0.967890E+05   0.965090E+05   0.174544E+01
   0.144212E+00   0.950304E+05   0.885457E+05   0.626014E+01   0.625929E+01   0.148122E+05   0.904159E+05   0.939824E+05   0.904159E+05  -0.455125E-01   0.914511E+05   0.911241E+05   0.196356E+01
   0.149572E+00   0.896804E+05   0.827231E+05   0.547833E+01   0.547759E+01   0.133509E+05   0.851682E+05   0.885561E+05   0.851682E+05  -0.428710E-01   0.861686E+05   0.857866E+05   0.221127E+01
   0.154932E+00   0.846562E+05   0.773062E+05   0.480824E+01   0.480759E+01   0.120481E+05   0.802510E+05   0.834684E+05   0.802510E+05  -0.403958E-01   0.812160E+05   0.807913E+05   0.237307E+01
   0.160293E+00   0.801901E+05   0.726973E+05   0.424726E+01   0.424669E+01   0.109273E+05   0.759135E+05   0.789792E+05   0.759135E+05  -0.382124E-01   0.768434E+05   0.764018E+05   0.238533E+01
   0.165653E+00   0.764170E+05   0.691042E+05   0.378612E+01   0.378561E+01   0.998538E+04   0.722957E+05   0.752352E+05   0.722958E+05  -0.363914E-01   0.731923E+05   0.727637E+05   0.223991E+01
   0.171013E+00   0.733150E+05   0.664775E+05   0.340824E+01   0.340778E+01   0.920128E+04   0.693715E+05   0.722100E+05   0.693716E+05  -0.349194E-01   0.702373E+05   0.698474E+05   0.197373E+01
   0.176373E+00   0.707345E+05   0.645639E+05   0.309363E+01   0.309321E+01   0.854004E+04   0.669804E+05   0.697373E+05   0.669804E+05  -0.337158E-01   0.678179E+05   0.674819E+05   0.164933E+01
   0.181734E+00   0.684847E+05   0.630326E+05   0.282405E+01   0.282367E+01   0.796200E+04   0.649168E+05   0.676036E+05   0.649168E+05  -0.326770E-01   0.657286E+05   0.654487E+05   0.133325E+01
   0.187094E+00   0.663881E+05   0.615717E+05   0.258538E+01   0.258503E+01   0.743762E+04   0.629891E+05   0.656097E+05   0.629892E+05  -0.317067E-01   0.637774E+05   0.635444E+05   0.107828E+01
   0.192454E+00   0.642909E+05   0.599321E+05   0.236735E+01   0.236703E+01   0.694361E+04   0.610348E+05   0.635865E+05   0.610348E+05  -0.307229E-01   0.618011E+05   0.615981E+05   0.913254E+00
   0.197815E+00   0.620874E+05   0.579697E+05   0.216373E+01   0.216344E+01   0.646516E+04   0.589462E+05   0.614220E+05   0.589462E+05  -0.296716E-01   0.596913E+05   0.594992E+05   0.840797E+00
   0.203175E+00   0.597588E+05   0.556855E+05   0.197269E+01   0.197242E+01   0.600080E+04   0.567084E+05   0.591005E+05   0.567084E+05  -0.285452E-01   0.574323E+05   0.572348E+05   0.841821E+00
   0.208535E+00   0.573707E+05   0.532087E+05   0.179559E+01   0.179534E+01   0.555707E+04   0.543942E+05   0.566981E+05   0.543942E+05  -0.273803E-01   0.550969E+05   0.548839E+05   0.884498E+00
   0.213896E+00   0.550231E+05   0.507235E+05   0.163457E+01   0.163435E+01   0.514281E+04   0.521125E+05   0.543282E+05   0.521125E+05  -0.262317E-01   0.527942E+05   0.525633E+05   0.934648E+00
   0.219256E+00   0.528063E+05   0.484010E+05   0.149097E+01   0.149077E+01   0.476627E+04   0.499623E+05   0.520943E+05   0.499623E+05  -0.251494E-01   0.506233E+05   0.503791E+05   0.964531E+00
   0.224616E+00   0.507885E+05   0.463669E+05   0.136503E+01   0.136484E+01   0.443071E+04   0.480178E+05   0.500740E+05   0.480178E+05  -0.241706E-01   0.486588E+05   0.484103E+05   0.958137E+00
   0.229977E+00   0.490104E+05   0.446859E+05   0.125593E+01   0.125576E+01   0.413622E+04   0.463215E+05   0.483115E+05   0.463215E+05  -0.233167E-01   0.469436E+05   0.467012E+05   0.912565E+00
   0.235337E+00   0.474718E+05   0.433478E+05   0.116173E+01   0.116157E+01   0.387995E+04   0.448716E+05   0.468053E+05   0.448716E+05  -0.225869E-01   0.454760E+05   0.452488E+05   0.836003E+00
   0.240697E+00   0.461300E+05   0.422742E+05   0.107959E+01   0.107945E+01   0.365399E+04   0.436215E+05   0.455069E+05   0.436215E+05  -0.219576E-01   0.442096E+05   0.440029E+05   0.743419E+00
   0.246057E+00   0.449178E+05   0.413495E+05   0.100648E+01   0.100635E+01   0.345058E+04   0.424991E+05   0.443412E+05   0.424991E+05  -0.213927E-01   0.430722E+05   0.428870E+05   0.651442E+00
   0.251418E+00   0.437660E+05   0.404578E+05   0.939783E+00   0.939655E+00   0.326242E+04   0.414308E+05   0.432314E+05   0.414309E+05  -0.208549E-01   0.419897E+05   0.418231E+05   0.573894E+00
   0.256778E+00   0.426182E+05   0.395088E+05   0.877569E+00   0.877450E+00   0.308330E+04   0.403573E+05   0.421157E+05   0.403573E+05  -0.203145E-01   0.409027E+05   0.407487E+05   0.518953E+00
   0.262138E+00   0.414405E+05   0.384543E+05   0.818738E+00   0.818627E+00   0.291049E+04   0.392440E+05   0.409579E+05   0.392440E+05  -0.197541E-01   0.397760E+05   0.396282E+05   0.488227E+00
   0.267499E+00   0.402281E+05   0.372949E+05   0.762962E+00   0.762858E+00   0.274327E+04   0.380867E+05   0.397540E+05   0.380867E+05  -0.191716E-01   0.386057E+05   0.384581E+05   0.477594E+00
   0.272859E+00   0.390006E+05   0.360711E+05   0.710460E+00   0.710364E+00   0.258274E+04   0.369079E+05   0.385272E+05   0.369079E+05  -0.185782E-01   0.374139E+05   0.372628E+05   0.479292E+00
   0.278219E+00   0.377906E+05   0.348439E+05   0.661656E+00   0.661566E+00   0.243122E+04   0.357429E+05   0.373144E+05   0.357429E+05  -0.179918E-01   0.362361E+05   0.360804E+05   0.484510E+00
   0.283580E+00   0.366309E+05   0.336744E+05   0.616899E+00   0.616816E+00   0.229039E+04   0.346276E+05   0.361531E+05   0.346276E+05  -0.174304E-01   0.351083E+05   0.349492E+05   0.485709E+00
   0.288940E+00   0.355486E+05   0.326102E+05   0.576352E+00   0.576274E+00   0.216127E+04   0.335910E+05   0.350737E+05   0.335910E+05  -0.169086E-01   0.340596E+05   0.339000E+05   0.478144E+00
   0.294300E+00   0.345594E+05   0.316769E+05   0.539928E+00   0.539854E+00   0.204445E+04   0.326498E+05   0.340936E+05   0.326498E+05  -0.164348E-01   0.331068E+05   0.329503E+05   0.460428E+00
   0.299661E+00   0.336641E+05   0.308734E+05   0.507266E+00   0.507197E+00   0.193885E+04   0.318043E+05   0.332131E+05   0.318043E+05  -0.160092E-01   0.322503E+05   0.321000E+05   0.434189E+00
   0.305021E+00   0.328487E+05   0.301746E+05   0.477801E+00   0.477737E+00   0.184275E+04   0.310392E+05   0.324165E+05   0.310392E+05  -0.156241E-01   0.314750E+05   0.313330E+05   0.403087E+00
   0.310381E+00   0.320906E+05   0.295418E+05   0.450899E+00   0.450838E+00   0.175438E+04   0.303306E+05   0.316787E+05   0.303306E+05  -0.152674E-01   0.307567E+05   0.306235E+05   0.371509E+00
   0.315741E+00   0.313662E+05   0.289354E+05   0.425982E+00   0.425924E+00   0.167154E+04   0.296533E+05   0.309733E+05   0.296533E+05  -0.149265E-01   0.300702E+05   0.299450E+05   0.343343E+00
   0.321102E+00   0.306554E+05   0.283226E+05   0.402597E+00   0.402543E+00   0.159296E+04   0.289861E+05   0.302784E+05   0.289861E+05  -0.145906E-01   0.293940E+05   0.292749E+05   0.321117E+00
   0.326462E+00   0.299446E+05   0.276840E+05   0.380448E+00   0.380396E+00   0.151764E+04   0.283151E+05   0.295793E+05   0.283151E+05  -0.142529E-01   0.287144E+05   0.285991E+05   0.305652E+00
   0.331822E+00   0.292295E+05   0.270157E+05   0.359397E+00   0.359349E+00   0.144498E+04   0.276362E+05   0.288717E+05   0.276362E+05  -0.139111E-01   0.280269E+05   0.279134E+05   0.296177E+00
   0.337183E+00   0.285148E+05   0.263286E+05   0.339447E+00   0.339401E+00   0.137534E+04   0.269548E+05   0.281615E+05   0.269548E+05  -0.135681E-01   0.273371E+05   0.272238E+05   0.290804E+00
   0.342543E+00   0.278109E+05   0.256424E+05   0.320670E+00   0.320626E+00   0.130908E+04   0.262824E+05   0.274605E+05   0.262824E+05  -0.132297E-01   0.266564E+05   0.265428E+05   0.287183E+00
   0.347903E+00   0.271298E+05   0.249787E+05   0.303140E+00   0.303099E+00   0.124658E+04   0.256318E+05   0.267822E+05   0.256318E+05  -0.129022E-01   0.259978E+05   0.258840E+05   0.283140E+00
   0.353264E+00   0.264810E+05   0.243548E+05   0.286893E+00   0.286854E+00   0.118822E+04   0.250135E+05   0.261374E+05   0.250135E+05  -0.125910E-01   0.253716E+05   0.252585E+05   0.277159E+00
   0.358624E+00   0.258702E+05   0.237806E+05   0.271907E+00   0.271870E+00   0.113398E+04   0.244334E+05   0.255325E+05   0.244334E+05  -0.122990E-01   0.247840E+05   0.246727E+05   0.268612E+00
   0.363984E+00   0.252985E+05   0.232573E+05   0.258103E+00   0.258068E+00   0.108364E+04   0.238926E+05   0.249686E+05   0.238926E+05  -0.120268E-01   0.242360E+05   0.241277E+05   0.257723E+00
   0.369344E+00   0.247623E+05   0.227786E+05   0.245356E+00   0.245323E+00   0.103696E+04   0.233873E+05   0.244417E+05   0.233873E+05  -0.117724E-01   0.237238E+05   0.236192E+05   0.245347E+00
   0.374705E+00   0.242544E+05   0.223322E+05   0.233515E+00   0.233483E+00   0.993220E+03   0.229099E+05   0.239438E+05   0.229099E+05  -0.115321E-01   0.232398E+05   0.231391E+05   0.232637E+00
   0.380065E+00   0.237667E+05   0.219043E+05   0.222428E+00   0.222398E+00   0.951939E+03   0.224515E+05   0.234657E+05   0.224515E+05  -0.113013E-01   0.227750E+05   0.226782E+05   0.220708E+00
   0.385425E+00   0.232917E+05   0.214831E+05   0.211972E+00   0.211943E+00   0.912765E+03   0.220045E+05   0.229994E+05   0.220045E+05  -0.110763E-01   0.223218E+05   0.222282E+05   0.210374E+00
   0.390786E+00   0.228244E+05   0.210608E+05   0.202057E+00   0.202029E+00   0.875240E+03   0.215635E+05   0.225394E+05   0.215635E+05  -0.108543E-01   0.218748E+05   0.217837E+05   0.202006E+00
   0.396146E+00   0.223621E+05   0.206344E+05   0.192627E+00   0.192601E+00   0.839290E+03   0.211259E+05   0.220829E+05   0.211259E+05  -0.106341E-01   0.214314E+05   0.213420E+05   0.195521E+00
   0.401506E+00   0.219048E+05   0.202054E+05   0.183657E+00   0.183632E+00   0.804792E+03   0.206920E+05   0.216302E+05   0.206920E+05  -0.104157E-01   0.209918E+05   0.209035E+05   0.190482E+00
   0.406867E+00   0.214552E+05   0.197792E+05   0.175147E+00   0.175123E+00   0.771755E+03   0.202648E+05   0.211844E+05   0.202648E+05  -0.102006E-01   0.205590E+05   0.204714E+05   0.186269E+00
   0.412227E+00   0.210174E+05   0.193633E+05   0.167108E+00   0.167086E+00   0.740380E+03   0.198487E+05   0.207501E+05   0.198487E+05  -0.999118E-02   0.201374E+05   0.200506E+05   0.182249E+00
   0.417587E+00   0.205950E+05   0.189641E+05   0.159546E+00   0.159525E+00   0.710665E+03   0.194476E+05   0.203315E+05   0.194476E+05  -0.978926E-02   0.197309E+05   0.196451E+05   0.177933E+00
   0.422948E+00   0.201899E+05   0.185852E+05   0.152449E+00   0.152428E+00   0.682578E+03   0.190635E+05   0.199305E+05   0.190635E+05  -0.959591E-02   0.193416E+05   0.192570E+05   0.173051E+00
   0.428308E+00   0.198022E+05   0.182274E+05   0.145792E+00   0.145772E+00   0.656103E+03   0.186967E+05   0.195477E+05   0.186967E+05  -0.941129E-02   0.189698E+05   0.188869E+05   0.167580E+00
   0.433668E+00   0.194316E+05   0.178896E+05   0.139544E+00   0.139525E+00   0.631114E+03   0.183467E+05   0.191824E+05   0.183467E+05  -0.923509E-02   0.186149E+05   0.185339E+05   0.161690E+00
   0.439028E+00   0.190762E+05   0.175687E+05   0.133667E+00   0.133649E+00   0.607468E+03   0.180116E+05   0.188326E+05   0.180116E+05  -0.906643E-02   0.182751E+05   0.181962E+05   0.155673E+00
   0.444389E+00   0.187335E+05   0.172601E+05   0.128119E+00   0.128102E+00   0.585050E+03   0.176885E+05   0.184954E+05   0.176885E+05  -0.890381E-02   0.179475E+05   0.178706E+05   0.149845E+00
   0.449749E+00   0.184001E+05   0.169592E+05   0.122858E+00   0.122841E+00   0.563622E+03   0.173742E+05   0.181672E+05   0.173742E+05  -0.874560E-02   0.176288E+05   0.175538E+05   0.144462E+00
   0.455109E+00   0.180739E+05   0.166625E+05   0.117851E+00   0.117835E+00   0.543117E+03   0.170663E+05   0.178458E+05   0.170663E+05  -0.859061E-02   0.173166E+05   0.172432E+05   0.139673E+00
   0.460470E+00   0.177538E+05   0.163686E+05   0.113080E+00   0.113064E+00   0.523491E+03   0.167638E+05   0.175300E+05   0.167638E+05  -0.843836E-02   0.170100E+05   0.169379E+05   0.135502E+00
   0.465830E+00   0.174397E+05   0.160777E+05   0.108530E+00   0.108515E+00   0.504620E+03   0.164666E+05   0.172196E+05   0.164666E+05  -0.828875E-02   0.167086E+05   0.166377E+05   0.131863E+00
   0.471190E+00   0.171318E+05   0.157906E+05   0.104192E+00   0.104178E+00   0.486542E+03   0.161750E+05   0.169151E+05   0.161750E+05  -0.814194E-02   0.164130E+05   0.163430E+05   0.128599E+00
   0.476551E+00   0.168308E+05   0.155092E+05   0.100062E+00   0.100048E+00   0.469225E+03   0.158897E+05   0.166172E+05   0.158897E+05  -0.799836E-02   0.161238E+05   0.160547E+05   0.125532E+00
   0.481911E+00   0.165377E+05   0.152354E+05   0.961350E-01   0.961219E-01   0.452668E+03   0.156121E+05   0.163272E+05   0.156121E+05  -0.785861E-02   0.158423E+05   0.157741E+05   0.122502E+00
   0.487271E+00   0.162536E+05   0.149712E+05   0.924090E-01   0.923964E-01   0.436903E+03   0.153432E+05   0.160464E+05   0.153432E+05  -0.772324E-02   0.155697E+05   0.155025E+05   0.119406E+00
   0.492631E+00   0.159790E+05   0.147172E+05   0.888759E-01   0.888638E-01   0.421869E+03   0.150834E+05   0.157751E+05   0.150834E+05  -0.759249E-02   0.153063E+05   0.152402E+05   0.116205E+00
   0.497992E+00   0.157134E+05   0.144731E+05   0.855241E-01   0.855125E-01   0.407526E+03   0.148325E+05   0.155130E+05   0.148325E+05  -0.746619E-02   0.150518E+05   0.149869E+05   0.112920E+00
   0.503352E+00   0.154562E+05   0.142378E+05   0.823398E-01   0.823286E-01   0.393858E+03   0.145896E+05   0.152593E+05   0.145896E+05  -0.734394E-02   0.148055E+05   0.147418E+05   0.109617E+00
   0.508712E+00   0.152064E+05   0.140100E+05   0.793096E-01   0.792988E-01   0.380788E+03   0.143539E+05   0.150131E+05   0.143539E+05  -0.722528E-02   0.145664E+05   0.145039E+05   0.106377E+00
   0.514073E+00   0.149634E+05   0.137882E+05   0.764216E-01   0.764112E-01   0.368257E+03   0.141245E+05   0.147734E+05   0.141245E+05  -0.710980E-02   0.143338E+05   0.142724E+05   0.103280E+00
   0.519433E+00   0.147262E+05   0.135713E+05   0.736645E-01   0.736545E-01   0.356260E+03   0.139006E+05   0.145396E+05   0.139006E+05  -0.699711E-02   0.141067E+05   0.140465E+05   0.100378E+00
   0.524793E+00   0.144941E+05   0.133583E+05   0.710279E-01   0.710183E-01   0.344715E+03   0.136814E+05   0.143106E+05   0.136814E+05  -0.688678E-02   0.138844E+05   0.138252E+05   0.976936E-01
   0.530154E+00   0.142667E+05   0.131486E+05   0.685037E-01   0.684943E-01   0.333624E+03   0.134664E+05   0.140860E+05   0.134664E+05  -0.677855E-02   0.136664E+05   0.136080E+05   0.952148E-01
   0.535514E+00   0.140437E+05   0.129424E+05   0.660868E-01   0.660778E-01   0.322965E+03   0.132557E+05   0.138657E+05   0.132557E+05  -0.667246E-02   0.134526E+05   0.133951E+05   0.929057E-01
   0.540874E+00   0.138257E+05   0.127404E+05   0.637743E-01   0.637656E-01   0.312691E+03   0.130495E+05   0.136503E+05   0.130495E+05  -0.656868E-02   0.132435E+05   0.131868E+05   0.907179E-01
   0.546235E+00   0.136130E+05   0.125431E+05   0.615630E-01   0.615546E-01   0.302846E+03   0.128482E+05   0.134401E+05   0.128482E+05  -0.646737E-02   0.130394E+05   0.129835E+05   0.886028E-01
   0.551595E+00   0.134054E+05   0.123508E+05   0.594487E-01   0.594406E-01   0.293395E+03   0.126520E+05   0.132350E+05   0.126520E+05  -0.636857E-02   0.128403E+05   0.127852E+05   0.865225E-01
   0.556955E+00   0.132030E+05   0.121638E+05   0.574272E-01   0.574193E-01   0.284314E+03   0.124607E+05   0.130351E+05   0.124607E+05  -0.627229E-02   0.126463E+05   0.125920E+05   0.844552E-01
   0.562315E+00   0.130060E+05   0.119822E+05   0.554947E-01   0.554871E-01   0.275607E+03   0.122745E+05   0.128405E+05   0.122745E+05  -0.617857E-02   0.124575E+05   0.124040E+05   0.823970E-01
   0.567676E+00   0.128142E+05   0.118058E+05   0.536472E-01   0.536399E-01   0.267245E+03   0.120934E+05   0.126512E+05   0.120934E+05  -0.608739E-02   0.122738E+05   0.122211E+05   0.803586E-01
   0.573036E+00   0.126273E+05   0.116343E+05   0.518792E-01   0.518721E-01   0.259209E+03   0.119169E+05   0.124669E+05   0.119169E+05  -0.599858E-02   0.120948E+05   0.120429E+05   0.783590E-01
   0.578396E+00   0.124449E+05   0.114669E+05   0.501851E-01   0.501783E-01   0.251495E+03   0.117446E+05   0.122868E+05   0.117446E+05  -0.591186E-02   0.119200E+05   0.118690E+05   0.764193E-01
   0.629654E+00   0.108849E+05   0.100292E+05   0.370282E-01   0.370232E-01   0.190416E+03   0.102711E+05   0.107466E+05   0.102711E+05  -0.517012E-02   0.104252E+05   0.103805E+05   0.614328E-01
   0.769061E+00   0.791209E+04   0.729065E+04   0.180325E-01   0.180301E-01   0.978195E+02   0.746416E+04   0.781166E+04   0.746416E+04  -0.375721E-02   0.757716E+04   0.754474E+04   0.364923E-01
   0.939334E+00   0.572310E+04   0.527370E+04   0.874004E-02   0.873884E-02   0.495244E+02   0.539816E+04   0.565047E+04   0.539816E+04  -0.271725E-02   0.548041E+04   0.545698E+04   0.215954E-01
   0.114731E+01   0.412190E+04   0.379830E+04   0.421836E-02   0.421778E-02   0.247471E+02   0.388739E+04   0.406960E+04   0.388739E+04  -0.195678E-02   0.394690E+04   0.393003E+04   0.127280E-01
   0.140132E+01   0.295700E+04   0.272489E+04   0.202813E-02   0.202785E-02   0.122230E+02   0.278852E+04   0.291949E+04   0.278852E+04  -0.140365E-02   0.283135E+04   0.281925E+04   0.747352E-02
   0.171158E+01   0.211360E+04   0.194771E+04   0.971606E-03   0.971473E-03   0.597566E+01   0.199305E+04   0.208679E+04   0.199305E+04  -0.100323E-02   0.202373E+04   0.201508E+04   0.437311E-02
   0.209053E+01   0.150578E+04   0.138761E+04   0.463950E-03   0.463887E-03   0.289660E+01   0.141984E+04   0.148668E+04   0.141984E+04  -0.714699E-03   0.144173E+04   0.143557E+04   0.255114E-02
   0.255338E+01   0.106945E+04   0.985530E+03   0.220864E-03   0.220834E-03   0.139393E+01   0.100839E+04   0.105589E+04   0.100839E+04  -0.507588E-03   0.102395E+04   0.101957E+04   0.148416E-02
   0.311870E+01   0.757406E+03   0.697972E+03   0.104847E-03   0.104833E-03   0.666751E+00   0.714144E+03   0.747801E+03   0.714144E+03  -0.359476E-03   0.725175E+03   0.722072E+03   0.861369E-03
   0.380919E+01   0.535060E+03   0.493073E+03   0.496475E-04   0.496408E-04   0.317419E+00   0.504491E+03   0.528274E+03   0.504491E+03  -0.253944E-03   0.512288E+03   0.510092E+03   0.498986E-03
   0.465255E+01   0.377106E+03   0.347511E+03   0.234548E-04   0.234516E-04   0.150509E+00   0.355557E+03   0.372323E+03   0.355557E+03  -0.178976E-03   0.361055E+03   0.359503E+03   0.288659E-03
   0.568264E+01   0.265187E+03   0.244371E+03   0.110559E-04   0.110544E-04   0.711294E-01   0.250031E+03   0.261823E+03   0.250031E+03  -0.125857E-03   0.253898E+03   0.252803E+03   0.166842E-03
   0.694079E+01   0.186111E+03   0.171498E+03   0.520101E-05   0.520030E-05   0.335214E-01   0.175473E+03   0.183749E+03   0.175473E+03  -0.883272E-04   0.178188E+03   0.177415E+03   0.964356E-04
   0.847750E+01   0.130368E+03   0.120126E+03   0.244208E-05   0.244175E-05   0.157566E-01   0.122915E+03   0.128713E+03   0.122915E+03  -0.618713E-04   0.124817E+03   0.124271E+03   0.558003E-04
   0.103544E+02   0.911616E+02   0.839941E+02   0.114465E-05   0.114450E-05   0.739152E-02   0.859491E+02   0.900033E+02   0.859491E+02  -0.432639E-04   0.872796E+02   0.868925E+02   0.323713E-04
   0.126469E+02   0.636422E+02   0.586321E+02   0.535643E-06   0.535570E-06   0.346085E-02   0.600022E+02   0.628326E+02   0.600022E+02  -0.302031E-04   0.609315E+02   0.606559E+02   0.188668E-04
   0.154470E+02   0.443627E+02   0.408637E+02   0.250271E-06   0.250236E-06   0.161721E-02   0.418243E+02   0.437973E+02   0.418243E+02  -0.210530E-04   0.424726E+02   0.422749E+02   0.110784E-04
   0.188670E+02   0.308799E+02   0.284373E+02   0.116766E-06   0.116750E-06   0.754801E-03   0.291118E+02   0.304851E+02   0.291118E+02  -0.146539E-04   0.295635E+02   0.294201E+02   0.657833E-05
   0.230442E+02   0.214661E+02   0.197608E+02   0.544041E-07   0.543967E-07   0.351811E-03   0.202359E+02   0.211905E+02   0.202359E+02  -0.101861E-04   0.205503E+02   0.204446E+02   0.396890E-05
   0.281463E+02   0.149033E+02   0.137119E+02   0.253150E-07   0.253116E-07   0.163697E-03   0.140481E+02   0.147108E+02   0.140481E+02  -0.707133E-05   0.142668E+02   0.141873E+02   0.244673E-05
   0.343780E+02   0.103346E+02   0.950052E+01   0.117644E-07   0.117628E-07   0.761078E-04   0.974028E+01   0.101998E+02   0.974028E+01  -0.490293E-05   0.989244E+01   0.983087E+01   0.155050E-05
   0.419893E+02   0.715822E+01   0.657243E+01   0.546029E-08   0.545954E-08   0.353147E-04   0.674535E+01   0.706355E+01   0.674535E+01  -0.339538E-05   0.685123E+01   0.680197E+01   0.101560E-05
   0.512859E+02   0.495265E+01   0.453900E+01   0.253109E-08   0.253075E-08   0.163811E-04   0.466570E+01   0.488580E+01   0.466570E+01  -0.234856E-05   0.473946E+01   0.469858E+01   0.690194E-06
   0.626408E+02   0.342295E+01   0.312848E+01   0.117172E-08   0.117156E-08   0.758384E-05   0.322331E+01   0.337536E+01   0.322331E+01  -0.162250E-05   0.327480E+01   0.323955E+01   0.487140E-06
   0.765096E+02   0.236315E+01   0.215105E+01   0.541631E-09   0.541557E-09   0.350619E-05   0.222396E+01   0.232887E+01   0.222396E+01  -0.111947E-05   0.226004E+01   0.222855E+01   0.356295E-06
   0.934490E+02   0.162965E+01   0.147440E+01   0.249955E-09   0.249921E-09   0.162007E-05   0.153228E+01   0.160456E+01   0.153228E+01  -0.771297E-06   0.155770E+01   0.152869E+01   0.268711E-06
   0.114139E+03   0.112248E+01   0.100641E+01   0.115120E-09   0.115105E-09   0.746345E-06   0.105400E+01   0.110372E+01   0.105400E+01  -0.530548E-06   0.107205E+01   0.104469E+01   0.207570E-06
