#          k/h    CDM            baryon         photon         nu             mass_nu        total          no_nu          total_de       Weyl           v_CDM          v_b            v_b-v_c     
   0.105163E-04   0.101232E+08   0.101232E+08   0.134944E+08   0.134943E+08   0.101234E+08   0.101233E+08   0.101232E+08   0.101315E+08  -0.584650E+00   0.936747E+07   0.936747E+07   0.101803E+02
   0.116112E-04   0.101232E+08   0.101232E+08   0.134937E+08   0.134935E+08   0.101234E+08   0.101233E+08   0.101232E+08   0.101315E+08  -0.584650E+00   0.936747E+07   0.936747E+07   0.112400E+02
   0.128200E-04   0.101232E+08   0.101232E+08   0.134928E+08   0.134926E+08   0.101234E+08   0.101233E+08   0.101232E+08   0.101315E+08  -0.584649E+00   0.936746E+07   0.936746E+07   0.124099E+02
   0.141547E-04   0.101232E+08   0.101232E+08   0.134918E+08   0.134915E+08   0.101234E+08   0.101232E+08   0.101232E+08   0.101315E+08  -0.584649E+00   0.936746E+07   0.936746E+07   0.137015E+02
   0.156284E-04   0.101232E+08   0.101232E+08   0.134905E+08   0.134902E+08   0.101234E+08   0.101232E+08   0.101232E+08   0.101315E+08  -0.584649E+00   0.936746E+07   0.936746E+07   0.151275E+02
   0.172555E-04   0.101232E+08   0.101232E+08   0.134889E+08   0.134885E+08   0.101234E+08   0.101232E+08   0.101232E+08   0.101315E+08  -0.584648E+00   0.936745E+07   0.936745E+07   0.167017E+02
   0.190520E-04   0.101232E+08   0.101232E+08   0.134870E+08   0.134865E+08   0.101234E+08   0.101232E+08   0.101232E+08   0.101315E+08  -0.584648E+00   0.936745E+07   0.936745E+07   0.184396E+02
   0.210355E-04   0.101232E+08   0.101232E+08   0.134846E+08   0.134841E+08   0.101234E+08   0.101232E+08   0.101232E+08   0.101315E+08  -0.584647E+00   0.936744E+07   0.936744E+07   0.203581E+02
   0.232256E-04   0.101232E+08   0.101232E+08   0.134817E+08   0.134811E+08   0.101234E+08   0.101232E+08   0.101232E+08   0.101315E+08  -0.584647E+00   0.936743E+07   0.936743E+07   0.224759E+02
   0.256436E-04   0.101232E+08   0.101232E+08   0.134783E+08   0.134775E+08   0.101234E+08   0.101232E+08   0.101232E+08   0.101314E+08  -0.584646E+00   0.936742E+07   0.936742E+07   0.248135E+02
   0.283134E-04   0.101232E+08   0.101232E+08   0.134740E+08   0.134731E+08   0.101233E+08   0.101232E+08   0.101232E+08   0.101314E+08  -0.584645E+00   0.936741E+07   0.936741E+07   0.273938E+02
   0.312612E-04   0.101232E+08   0.101232E+08   0.134688E+08   0.134677E+08   0.101233E+08   0.101232E+08   0.101232E+08   0.101314E+08  -0.584644E+00   0.936739E+07   0.936739E+07   0.302415E+02
   0.345158E-04   0.101231E+08   0.101231E+08   0.134625E+08   0.134612E+08   0.101233E+08   0.101232E+08   0.101231E+08   0.101314E+08  -0.584642E+00   0.936737E+07   0.936737E+07   0.333844E+02
   0.381093E-04   0.101231E+08   0.101231E+08   0.134548E+08   0.134532E+08   0.101233E+08   0.101231E+08   0.101231E+08   0.101313E+08  -0.584640E+00   0.936735E+07   0.936735E+07   0.368524E+02
   0.420769E-04   0.101231E+08   0.101231E+08   0.134455E+08   0.134434E+08   0.101232E+08   0.101231E+08   0.101231E+08   0.101313E+08  -0.584638E+00   0.936732E+07   0.936732E+07   0.406789E+02
   0.464576E-04   0.101231E+08   0.101230E+08   0.134340E+08   0.134316E+08   0.101232E+08   0.101231E+08   0.101230E+08   0.101313E+08  -0.584635E+00   0.936729E+07   0.936728E+07   0.449002E+02
   0.512944E-04   0.101230E+08   0.101230E+08   0.134201E+08   0.134171E+08   0.101232E+08   0.101230E+08   0.101230E+08   0.101312E+08  -0.584632E+00   0.936725E+07   0.936724E+07   0.495563E+02
   0.566347E-04   0.101229E+08   0.101229E+08   0.134032E+08   0.133996E+08   0.101231E+08   0.101230E+08   0.101229E+08   0.101311E+08  -0.584628E+00   0.936720E+07   0.936718E+07   0.546906E+02
   0.625311E-04   0.101229E+08   0.101229E+08   0.133826E+08   0.133781E+08   0.101230E+08   0.101229E+08   0.101229E+08   0.101311E+08  -0.584623E+00   0.936713E+07   0.936712E+07   0.603509E+02
   0.690413E-04   0.101228E+08   0.101228E+08   0.133575E+08   0.133521E+08   0.101229E+08   0.101228E+08   0.101228E+08   0.101310E+08  -0.584617E+00   0.936706E+07   0.936704E+07   0.665888E+02
   0.762293E-04   0.101227E+08   0.101227E+08   0.133270E+08   0.133204E+08   0.101228E+08   0.101227E+08   0.101227E+08   0.101308E+08  -0.584610E+00   0.936696E+07   0.936694E+07   0.734606E+02
   0.841656E-04   0.101226E+08   0.101226E+08   0.132899E+08   0.132819E+08   0.101227E+08   0.101226E+08   0.101226E+08   0.101307E+08  -0.584601E+00   0.936685E+07   0.936683E+07   0.810269E+02
   0.929282E-04   0.101224E+08   0.101224E+08   0.132448E+08   0.132350E+08   0.101225E+08   0.101224E+08   0.101224E+08   0.101305E+08  -0.584590E+00   0.936671E+07   0.936668E+07   0.893527E+02
   0.102603E-03   0.101222E+08   0.101222E+08   0.131900E+08   0.131781E+08   0.101224E+08   0.101222E+08   0.101222E+08   0.101303E+08  -0.584577E+00   0.936654E+07   0.936651E+07   0.985075E+02
   0.113285E-03   0.101220E+08   0.101220E+08   0.131235E+08   0.131091E+08   0.101221E+08   0.101220E+08   0.101220E+08   0.101300E+08  -0.584561E+00   0.936634E+07   0.936630E+07   0.108565E+03
   0.125080E-03   0.101217E+08   0.101217E+08   0.130428E+08   0.130254E+08   0.101218E+08   0.101217E+08   0.101217E+08   0.101297E+08  -0.584541E+00   0.936609E+07   0.936604E+07   0.119601E+03
   0.138102E-03   0.101214E+08   0.101214E+08   0.129452E+08   0.129240E+08   0.101215E+08   0.101214E+08   0.101214E+08   0.101293E+08  -0.584517E+00   0.936578E+07   0.936573E+07   0.131695E+03
   0.152480E-03   0.101210E+08   0.101209E+08   0.128271E+08   0.128015E+08   0.101211E+08   0.101210E+08   0.101210E+08   0.101288E+08  -0.584488E+00   0.936542E+07   0.936534E+07   0.144927E+03
   0.168355E-03   0.101205E+08   0.101204E+08   0.126845E+08   0.126535E+08   0.101206E+08   0.101205E+08   0.101205E+08   0.101283E+08  -0.584453E+00   0.936496E+07   0.936488E+07   0.159372E+03
   0.185882E-03   0.101199E+08   0.101198E+08   0.125127E+08   0.124754E+08   0.101199E+08   0.101199E+08   0.101199E+08   0.101276E+08  -0.584410E+00   0.936442E+07   0.936431E+07   0.175105E+03
   0.205235E-03   0.101192E+08   0.101191E+08   0.123064E+08   0.122614E+08   0.101192E+08   0.101192E+08   0.101192E+08   0.101267E+08  -0.584358E+00   0.936375E+07   0.936362E+07   0.192185E+03
   0.226602E-03   0.101183E+08   0.101182E+08   0.120592E+08   0.120053E+08   0.101182E+08   0.101183E+08   0.101183E+08   0.101257E+08  -0.584295E+00   0.936294E+07   0.936278E+07   0.210659E+03
   0.250194E-03   0.101173E+08   0.101170E+08   0.117644E+08   0.116999E+08   0.101171E+08   0.101172E+08   0.101172E+08   0.101244E+08  -0.584218E+00   0.936195E+07   0.936176E+07   0.230546E+03
   0.276242E-03   0.101160E+08   0.101157E+08   0.114145E+08   0.113377E+08   0.101158E+08   0.101159E+08   0.101159E+08   0.101229E+08  -0.584125E+00   0.936075E+07   0.936053E+07   0.251829E+03
   0.305002E-03   0.101144E+08   0.101141E+08   0.110015E+08   0.109105E+08   0.101141E+08   0.101143E+08   0.101143E+08   0.101210E+08  -0.584013E+00   0.935929E+07   0.935902E+07   0.274442E+03
   0.336756E-03   0.101125E+08   0.101121E+08   0.105177E+08   0.104105E+08   0.101121E+08   0.101124E+08   0.101124E+08   0.101188E+08  -0.583878E+00   0.935752E+07   0.935720E+07   0.298249E+03
   0.371817E-03   0.101102E+08   0.101097E+08   0.995597E+07   0.983069E+07   0.101097E+08   0.101101E+08   0.101101E+08   0.101161E+08  -0.583715E+00   0.935538E+07   0.935500E+07   0.323027E+03
   0.410527E-03   0.101074E+08   0.101068E+08   0.931097E+07   0.916594E+07   0.101067E+08   0.101072E+08   0.101073E+08   0.101129E+08  -0.583520E+00   0.935279E+07   0.935234E+07   0.348440E+03
   0.453268E-03   0.101040E+08   0.101033E+08   0.858042E+07   0.841448E+07   0.101032E+08   0.101038E+08   0.101039E+08   0.101091E+08  -0.583286E+00   0.934966E+07   0.934912E+07   0.374013E+03
   0.500458E-03   0.100999E+08   0.100991E+08   0.776695E+07   0.757978E+07   0.100989E+08   0.100997E+08   0.100998E+08   0.101045E+08  -0.583006E+00   0.934588E+07   0.934525E+07   0.399110E+03
   0.552561E-03   0.100950E+08   0.100941E+08   0.688018E+07   0.667275E+07   0.100937E+08   0.100948E+08   0.100949E+08   0.100990E+08  -0.582674E+00   0.934134E+07   0.934059E+07   0.422915E+03
   0.610090E-03   0.100892E+08   0.100881E+08   0.593891E+07   0.571398E+07   0.100876E+08   0.100889E+08   0.100890E+08   0.100925E+08  -0.582280E+00   0.933588E+07   0.933501E+07   0.444427E+03
   0.673607E-03   0.100822E+08   0.100809E+08   0.497283E+07   0.473542E+07   0.100802E+08   0.100819E+08   0.100819E+08   0.100849E+08  -0.581816E+00   0.932934E+07   0.932835E+07   0.462481E+03
   0.743737E-03   0.100738E+08   0.100723E+08   0.402286E+07   0.378056E+07   0.100713E+08   0.100735E+08   0.100736E+08   0.100759E+08  -0.581273E+00   0.932155E+07   0.932042E+07   0.475803E+03
   0.821169E-03   0.100639E+08   0.100622E+08   0.313881E+07   0.290169E+07   0.100609E+08   0.100635E+08   0.100636E+08   0.100654E+08  -0.580638E+00   0.931229E+07   0.931102E+07   0.483118E+03
   0.906662E-03   0.100522E+08   0.100503E+08   0.237302E+07   0.215289E+07   0.100485E+08   0.100518E+08   0.100519E+08   0.100532E+08  -0.579903E+00   0.930134E+07   0.929994E+07   0.483312E+03
   0.100106E-02   0.100385E+08   0.100363E+08   0.176914E+07   0.157794E+07   0.100339E+08   0.100379E+08   0.100381E+08   0.100390E+08  -0.579054E+00   0.928844E+07   0.928692E+07   0.475638E+03
   0.110528E-02   0.100224E+08   0.100200E+08   0.134747E+07   0.119483E+07   0.100168E+08   0.100218E+08   0.100220E+08   0.100226E+08  -0.578077E+00   0.927335E+07   0.927173E+07   0.459946E+03
   0.122035E-02   0.100036E+08   0.100011E+08   0.109160E+07   0.982069E+06   0.999678E+07   0.100029E+08   0.100032E+08   0.100036E+08  -0.576956E+00   0.925577E+07   0.925407E+07   0.436840E+03
   0.134740E-02   0.998190E+07   0.997914E+07   0.945553E+06   0.876738E+06   0.997349E+07   0.998110E+07   0.998146E+07   0.998166E+07  -0.575671E+00   0.923539E+07   0.923364E+07   0.407707E+03
   0.148768E-02   0.995678E+07   0.995390E+07   0.831662E+06   0.794652E+06   0.994648E+07   0.995588E+07   0.995632E+07   0.995638E+07  -0.574198E+00   0.921189E+07   0.921011E+07   0.374517E+03
   0.164257E-02   0.992787E+07   0.992490E+07   0.690108E+06   0.672906E+06   0.991529E+07   0.992684E+07   0.992739E+07   0.992726E+07  -0.572509E+00   0.918488E+07   0.918310E+07   0.339434E+03
   0.181358E-02   0.989468E+07   0.989166E+07   0.519402E+06   0.511695E+06   0.987935E+07   0.989352E+07   0.989419E+07   0.989384E+07  -0.570575E+00   0.915393E+07   0.915217E+07   0.304406E+03
   0.200239E-02   0.985668E+07   0.985365E+07   0.375703E+06   0.371255E+06   0.983805E+07   0.985538E+07   0.985619E+07   0.985561E+07  -0.568363E+00   0.911855E+07   0.911682E+07   0.270999E+03
   0.221086E-02   0.981331E+07   0.981026E+07   0.307707E+06   0.302474E+06   0.979070E+07   0.981182E+07   0.981282E+07   0.981201E+07  -0.565842E+00   0.907819E+07   0.907649E+07   0.240532E+03
   0.244104E-02   0.976393E+07   0.976083E+07   0.285578E+06   0.242435E+06   0.973652E+07   0.976222E+07   0.976343E+07   0.976238E+07  -0.562974E+00   0.903224E+07   0.903057E+07   0.214155E+03
   0.269518E-02   0.970785E+07   0.970464E+07   0.238285E+06   0.197730E+06   0.967470E+07   0.970586E+07   0.970733E+07   0.970600E+07  -0.559719E+00   0.898007E+07   0.897842E+07   0.192384E+03
   0.297578E-02   0.964434E+07   0.964096E+07   0.172367E+06   0.161137E+06   0.960432E+07   0.964201E+07   0.964379E+07   0.964212E+07  -0.556032E+00   0.892098E+07   0.891933E+07   0.174485E+03
   0.328559E-02   0.957259E+07   0.956899E+07   0.144268E+06   0.131195E+06   0.952440E+07   0.956987E+07   0.957201E+07   0.956995E+07  -0.551868E+00   0.885425E+07   0.885258E+07   0.158860E+03
   0.362766E-02   0.949177E+07   0.948790E+07   0.122344E+06   0.106706E+06   0.943389E+07   0.948857E+07   0.949115E+07   0.948864E+07  -0.547177E+00   0.877906E+07   0.877739E+07   0.144240E+03
   0.400534E-02   0.940098E+07   0.939682E+07   0.897764E+05   0.866887E+05   0.933166E+07   0.939722E+07   0.940031E+07   0.939727E+07  -0.541906E+00   0.869459E+07   0.869293E+07   0.130094E+03
   0.442234E-02   0.929927E+07   0.929478E+07   0.844081E+05   0.703356E+05   0.921656E+07   0.929485E+07   0.929854E+07   0.929490E+07  -0.536001E+00   0.859996E+07   0.859831E+07   0.116693E+03
   0.488276E-02   0.918566E+07   0.918076E+07   0.612355E+05   0.569856E+05   0.908737E+07   0.918048E+07   0.918487E+07   0.918051E+07  -0.529404E+00   0.849423E+07   0.849260E+07   0.104864E+03
   0.539111E-02   0.905912E+07   0.905372E+07   0.507286E+05   0.460953E+05   0.894288E+07   0.905305E+07   0.905825E+07   0.905308E+07  -0.522054E+00   0.837645E+07   0.837483E+07   0.946633E+02
   0.595239E-02   0.891863E+07   0.891261E+07   0.378407E+05   0.372196E+05   0.878190E+07   0.891154E+07   0.891766E+07   0.891157E+07  -0.513893E+00   0.824567E+07   0.824405E+07   0.855095E+02
   0.657210E-02   0.876317E+07   0.875642E+07   0.317967E+05   0.299933E+05   0.860333E+07   0.875493E+07   0.876208E+07   0.875495E+07  -0.504861E+00   0.810094E+07   0.809933E+07   0.769483E+02
   0.725633E-02   0.859174E+07   0.858412E+07   0.258372E+05   0.241167E+05   0.840615E+07   0.858220E+07   0.859051E+07   0.858222E+07  -0.494900E+00   0.794133E+07   0.793973E+07   0.692481E+02
   0.801180E-02   0.840340E+07   0.839474E+07   0.206318E+05   0.193441E+05   0.818952E+07   0.839243E+07   0.840200E+07   0.839245E+07  -0.483956E+00   0.776598E+07   0.776439E+07   0.625032E+02
   0.884592E-02   0.819732E+07   0.818742E+07   0.152330E+05   0.154740E+05   0.795279E+07   0.818478E+07   0.819572E+07   0.818479E+07  -0.471981E+00   0.757412E+07   0.757253E+07   0.563915E+02
   0.976688E-02   0.797279E+07   0.796143E+07   0.122460E+05   0.123412E+05   0.769552E+07   0.795855E+07   0.797096E+07   0.795856E+07  -0.458935E+00   0.736509E+07   0.736351E+07   0.509013E+02
   0.107837E-01   0.772925E+07   0.771618E+07   0.108137E+05   0.981019E+04   0.741750E+07   0.771319E+07   0.772714E+07   0.771320E+07  -0.444786E+00   0.713840E+07   0.713682E+07   0.460451E+02
   0.119064E-01   0.746634E+07   0.745126E+07   0.761615E+04   0.776987E+04   0.711870E+07   0.744835E+07   0.746390E+07   0.744836E+07  -0.429514E+00   0.689372E+07   0.689214E+07   0.416938E+02
   0.131460E-01   0.718390E+07   0.716650E+07   0.721841E+04   0.612917E+04   0.679943E+07   0.716390E+07   0.718109E+07   0.716390E+07  -0.413110E+00   0.663091E+07   0.662933E+07   0.378383E+02
   0.145147E-01   0.688203E+07   0.686198E+07   0.481043E+04   0.481348E+04   0.646032E+07   0.685994E+07   0.687879E+07   0.685994E+07  -0.395582E+00   0.635009E+07   0.634850E+07   0.344020E+02
   0.160258E-01   0.656116E+07   0.653813E+07   0.453527E+04   0.376173E+04   0.610261E+07   0.653695E+07   0.655744E+07   0.653696E+07  -0.376957E+00   0.605168E+07   0.605008E+07   0.313399E+02
   0.176943E-01   0.622217E+07   0.619585E+07   0.321545E+04   0.292396E+04   0.572816E+07   0.619586E+07   0.621792E+07   0.619586E+07  -0.357287E+00   0.573653E+07   0.573492E+07   0.285968E+02
   0.195365E-01   0.586653E+07   0.583664E+07   0.234592E+04   0.225938E+04   0.533959E+07   0.583818E+07   0.586170E+07   0.583818E+07  -0.336662E+00   0.540604E+07   0.540442E+07   0.261133E+02
   0.215705E-01   0.549640E+07   0.546278E+07   0.193544E+04   0.173467E+04   0.493984E+07   0.546614E+07   0.549097E+07   0.546615E+07  -0.315208E+00   0.506226E+07   0.506062E+07   0.238316E+02
   0.238162E-01   0.511478E+07   0.507743E+07   0.152151E+04   0.132263E+04   0.453234E+07   0.508278E+07   0.510874E+07   0.508278E+07  -0.293101E+00   0.470797E+07   0.470633E+07   0.216932E+02
   0.262957E-01   0.472570E+07   0.468486E+07   0.970781E+03   0.100113E+04   0.412165E+07   0.469219E+07   0.471910E+07   0.469219E+07  -0.270577E+00   0.434697E+07   0.434533E+07   0.196361E+02
   0.290334E-01   0.433672E+07   0.429295E+07   0.761703E+03   0.752539E+03   0.371304E+07   0.430188E+07   0.432965E+07   0.430188E+07  -0.248070E+00   0.398619E+07   0.398456E+07   0.176078E+02
   0.320561E-01   0.395108E+07   0.390532E+07   0.596806E+03   0.561544E+03   0.331672E+07   0.391545E+07   0.394369E+07   0.391545E+07  -0.225786E+00   0.362894E+07   0.362735E+07   0.155598E+02
   0.353936E-01   0.357996E+07   0.353361E+07   0.435041E+03   0.416681E+03   0.294072E+07   0.354401E+07   0.357247E+07   0.354401E+07  -0.204367E+00   0.328550E+07   0.328398E+07   0.134693E+02
   0.390784E-01   0.323246E+07   0.318734E+07   0.347784E+03   0.308097E+03   0.259274E+07   0.319668E+07   0.322517E+07   0.319668E+07  -0.184338E+00   0.296432E+07   0.296291E+07   0.113370E+02
   0.431470E-01   0.291891E+07   0.287707E+07   0.251666E+03   0.227820E+03   0.228074E+07   0.288371E+07   0.291215E+07   0.288371E+07  -0.166291E+00   0.267490E+07   0.267363E+07   0.920304E+01
   0.474616E-01   0.265383E+07   0.261706E+07   0.176175E+03   0.170899E+03   0.201744E+07   0.261950E+07   0.264789E+07   0.261950E+07  -0.151054E+00   0.243057E+07   0.242947E+07   0.722083E+01
   0.517763E-01   0.244661E+07   0.241571E+07   0.136278E+03   0.132193E+03   0.181034E+07   0.241318E+07   0.244162E+07   0.241318E+07  -0.139157E+00   0.223981E+07   0.223889E+07   0.556296E+01
   0.560910E-01   0.227927E+07   0.225421E+07   0.108031E+03   0.104789E+03   0.164200E+07   0.224670E+07   0.227522E+07   0.224670E+07  -0.129557E+00   0.208591E+07   0.208515E+07   0.424538E+01
   0.604057E-01   0.213813E+07   0.211817E+07   0.872678E+02   0.846460E+02   0.150004E+07   0.210631E+07   0.213490E+07   0.210631E+07  -0.121461E+00   0.195614E+07   0.195551E+07   0.326248E+01
   0.647204E-01   0.201340E+07   0.199731E+07   0.714916E+02   0.693416E+02   0.137594E+07   0.198220E+07   0.201080E+07   0.198220E+07  -0.114305E+00   0.184141E+07   0.184088E+07   0.258488E+01
   0.690351E-01   0.189628E+07   0.188263E+07   0.590988E+02   0.573198E+02   0.126259E+07   0.186563E+07   0.189407E+07   0.186563E+07  -0.107582E+00   0.173361E+07   0.173314E+07   0.216178E+01
   0.733498E-01   0.178131E+07   0.176869E+07   0.491059E+02   0.476263E+02   0.115571E+07   0.175119E+07   0.177927E+07   0.175119E+07  -0.100983E+00   0.162773E+07   0.162728E+07   0.193099E+01
   0.776645E-01   0.166673E+07   0.165400E+07   0.409220E+02   0.396879E+02   0.105392E+07   0.163717E+07   0.166467E+07   0.163717E+07  -0.944079E-01   0.152217E+07   0.152172E+07   0.182760E+01
   0.819792E-01   0.155397E+07   0.154037E+07   0.341895E+02   0.331574E+02   0.957884E+06   0.152502E+07   0.155177E+07   0.152502E+07  -0.879412E-01   0.141829E+07   0.141783E+07   0.179176E+01
   0.862939E-01   0.144607E+07   0.143130E+07   0.286680E+02   0.278019E+02   0.869122E+06   0.141780E+07   0.144368E+07   0.141780E+07  -0.817583E-01   0.131893E+07   0.131845E+07   0.177435E+01
   0.906086E-01   0.134601E+07   0.133020E+07   0.241659E+02   0.234351E+02   0.789005E+06   0.131848E+07   0.134346E+07   0.131848E+07  -0.760309E-01   0.122686E+07   0.122636E+07   0.174037E+01
   0.959689E-01   0.123604E+07   0.121956E+07   0.197457E+02   0.191480E+02   0.702709E+06   0.120948E+07   0.123338E+07   0.120948E+07  -0.697452E-01   0.112579E+07   0.112529E+07   0.164685E+01
   0.101329E+00   0.114461E+07   0.112844E+07   0.163750E+02   0.158788E+02   0.631467E+06   0.111900E+07   0.114200E+07   0.111900E+07  -0.645278E-01   0.104189E+07   0.104141E+07   0.149103E+01
   0.106690E+00   0.107230E+07   0.105740E+07   0.138184E+02   0.133993E+02   0.574413E+06   0.104758E+07   0.106989E+07   0.104758E+07  -0.604090E-01   0.975666E+06   0.975227E+06   0.129025E+01
   0.112050E+00   0.101638E+07   0.100341E+07   0.118605E+02   0.115004E+02   0.528971E+06   0.992424E+06   0.101428E+07   0.992424E+06  -0.572286E-01   0.924554E+06   0.924171E+06   0.107431E+01
   0.117410E+00   0.971444E+06   0.960621E+06   0.103138E+02   0.100004E+02   0.491448E+06   0.948154E+06   0.969694E+06   0.948154E+06  -0.546757E-01   0.883546E+06   0.883219E+06   0.873862E+00
   0.122770E+00   0.931639E+06   0.922745E+06   0.903719E+01   0.876231E+01   0.458325E+06   0.908949E+06   0.930202E+06   0.908949E+06  -0.524149E-01   0.847230E+06   0.846951E+06   0.712062E+00
   0.128131E+00   0.892479E+06   0.884970E+06   0.793983E+01   0.769811E+01   0.427102E+06   0.870360E+06   0.891266E+06   0.870360E+06  -0.501897E-01   0.811464E+06   0.811219E+06   0.600180E+00
   0.133491E+00   0.851471E+06   0.844663E+06   0.697104E+01   0.675863E+01   0.396489E+06   0.829929E+06   0.850371E+06   0.829929E+06  -0.478582E-01   0.773958E+06   0.773730E+06   0.537073E+00
   0.138851E+00   0.808068E+06   0.801327E+06   0.610735E+01   0.592110E+01   0.366229E+06   0.787127E+06   0.806978E+06   0.787127E+06  -0.453900E-01   0.734220E+06   0.733993E+06   0.511869E+00
   0.144212E+00   0.763264E+06   0.756155E+06   0.534100E+01   0.517801E+01   0.336775E+06   0.742958E+06   0.762115E+06   0.742958E+06  -0.428430E-01   0.693183E+06   0.692949E+06   0.508548E+00
   0.149572E+00   0.718982E+06   0.711340E+06   0.467092E+01   0.452826E+01   0.308945E+06   0.699335E+06   0.717747E+06   0.699335E+06  -0.403274E-01   0.652632E+06   0.652388E+06   0.510819E+00
   0.154932E+00   0.677493E+06   0.669412E+06   0.409694E+01   0.397172E+01   0.283609E+06   0.658505E+06   0.676187E+06   0.658505E+06  -0.379730E-01   0.614665E+06   0.614415E+06   0.506033E+00
   0.160293E+00   0.640860E+06   0.632624E+06   0.361636E+01   0.350575E+01   0.261461E+06   0.622501E+06   0.639529E+06   0.622501E+06  -0.358968E-01   0.581181E+06   0.580932E+06   0.487329E+00
   0.165653E+00   0.610248E+06   0.602217E+06   0.322109E+01   0.312251E+01   0.242757E+06   0.592457E+06   0.608950E+06   0.592457E+06  -0.341643E-01   0.553244E+06   0.553004E+06   0.453848E+00
   0.171013E+00   0.585440E+06   0.577941E+06   0.289694E+01   0.280822E+01   0.227173E+06   0.568146E+06   0.584228E+06   0.568146E+06  -0.327624E-01   0.530645E+06   0.530422E+06   0.409438E+00
   0.176373E+00   0.565096E+06   0.558340E+06   0.262692E+01   0.254641E+01   0.213984E+06   0.548239E+06   0.564004E+06   0.548239E+06  -0.316145E-01   0.512148E+06   0.511945E+06   0.360582E+00
   0.181734E+00   0.547511E+06   0.541552E+06   0.239560E+01   0.232214E+01   0.202391E+06   0.531047E+06   0.546548E+06   0.531047E+06  -0.306231E-01   0.496176E+06   0.495994E+06   0.314186E+00
   0.187094E+00   0.531093E+06   0.525836E+06   0.219105E+01   0.212381E+01   0.191705E+06   0.514996E+06   0.530244E+06   0.514996E+06  -0.296974E-01   0.481263E+06   0.481098E+06   0.275702E+00
   0.192454E+00   0.514490E+06   0.509734E+06   0.200456E+01   0.194301E+01   0.181389E+06   0.498754E+06   0.513722E+06   0.498754E+06  -0.287608E-01   0.466164E+06   0.466012E+06   0.247969E+00
   0.197815E+00   0.496804E+06   0.492307E+06   0.183078E+01   0.177453E+01   0.171113E+06   0.481441E+06   0.496077E+06   0.481441E+06  -0.277625E-01   0.450058E+06   0.449912E+06   0.231006E+00
   0.203175E+00   0.477903E+06   0.473449E+06   0.166808E+01   0.161680E+01   0.160840E+06   0.462936E+06   0.477183E+06   0.462936E+06  -0.266954E-01   0.432830E+06   0.432685E+06   0.222581E+00
   0.208535E+00   0.458390E+06   0.453832E+06   0.151749E+01   0.147081E+01   0.150780E+06   0.443832E+06   0.457654E+06   0.443832E+06  -0.255938E-01   0.415035E+06   0.414889E+06   0.219197E+00
   0.213896E+00   0.439166E+06   0.434451E+06   0.138071E+01   0.133822E+01   0.141219E+06   0.425019E+06   0.438404E+06   0.425019E+06  -0.245089E-01   0.397505E+06   0.397357E+06   0.217153E+00
   0.219256E+00   0.421048E+06   0.416214E+06   0.125878E+01   0.122003E+01   0.132396E+06   0.407301E+06   0.420266E+06   0.407301E+06  -0.234872E-01   0.380992E+06   0.380842E+06   0.213442E+00
   0.224616E+00   0.404649E+06   0.399798E+06   0.115183E+01   0.111635E+01   0.124460E+06   0.391281E+06   0.403865E+06   0.391281E+06  -0.225634E-01   0.366060E+06   0.365912E+06   0.206334E+00
   0.229977E+00   0.390323E+06   0.385581E+06   0.105914E+01   0.102650E+01   0.117467E+06   0.377302E+06   0.389557E+06   0.377302E+06  -0.217573E-01   0.353032E+06   0.352888E+06   0.195528E+00
   0.235337E+00   0.378055E+06   0.373536E+06   0.979068E+00   0.948881E+00   0.111357E+06   0.365346E+06   0.377325E+06   0.365346E+06  -0.210678E-01   0.341891E+06   0.341754E+06   0.181903E+00
   0.240697E+00   0.367459E+06   0.363238E+06   0.909229E+00   0.881182E+00   0.105967E+06   0.355030E+06   0.366776E+06   0.355030E+06  -0.204729E-01   0.332280E+06   0.332152E+06   0.167036E+00
   0.246057E+00   0.357936E+06   0.354033E+06   0.847081E+00   0.820939E+00   0.101082E+06   0.345765E+06   0.357305E+06   0.345765E+06  -0.199387E-01   0.323650E+06   0.323530E+06   0.152660E+00
   0.251418E+00   0.348876E+06   0.345260E+06   0.790427E+00   0.766023E+00   0.965042E+05   0.336952E+06   0.348292E+06   0.336952E+06  -0.194304E-01   0.315439E+06   0.315326E+06   0.140198E+00
   0.256778E+00   0.339786E+06   0.336388E+06   0.737659E+00   0.714875E+00   0.920813E+05   0.328105E+06   0.339237E+06   0.328105E+06  -0.189203E-01   0.307194E+06   0.307087E+06   0.130464E+00
   0.262138E+00   0.330377E+06   0.327113E+06   0.687839E+00   0.666585E+00   0.877297E+05   0.318945E+06   0.329850E+06   0.318945E+06  -0.183921E-01   0.298652E+06   0.298549E+06   0.123574E+00
   0.267499E+00   0.320615E+06   0.317406E+06   0.640676E+00   0.620871E+00   0.834386E+05   0.309437E+06   0.320096E+06   0.309437E+06  -0.178438E-01   0.289783E+06   0.289682E+06   0.119045E+00
   0.272859E+00   0.310682E+06   0.307475E+06   0.596335E+00   0.577895E+00   0.792549E+05   0.299764E+06   0.310164E+06   0.299764E+06  -0.172860E-01   0.280756E+06   0.280655E+06   0.116022E+00
   0.278219E+00   0.300871E+06   0.297643E+06   0.555149E+00   0.537975E+00   0.752491E+05   0.290211E+06   0.300350E+06   0.290211E+06  -0.167351E-01   0.271839E+06   0.271739E+06   0.113548E+00
   0.283580E+00   0.291479E+06   0.288239E+06   0.517393E+00   0.501382E+00   0.714871E+05   0.281071E+06   0.290955E+06   0.281071E+06  -0.162081E-01   0.263306E+06   0.263206E+06   0.110810E+00
   0.288940E+00   0.282745E+06   0.279525E+06   0.483190E+00   0.468231E+00   0.680158E+05   0.272577E+06   0.282225E+06   0.272577E+06  -0.157182E-01   0.255375E+06   0.255276E+06   0.107299E+00
   0.294300E+00   0.274807E+06   0.271649E+06   0.452457E+00   0.438446E+00   0.648537E+05   0.264864E+06   0.274297E+06   0.264864E+06  -0.152735E-01   0.248174E+06   0.248078E+06   0.102869E+00
   0.299661E+00   0.267669E+06   0.264612E+06   0.424894E+00   0.411731E+00   0.619856E+05   0.257933E+06   0.267175E+06   0.257933E+06  -0.148738E-01   0.241704E+06   0.241610E+06   0.976939E-01
   0.305021E+00   0.261203E+06   0.258276E+06   0.400026E+00   0.387630E+00   0.593677E+05   0.251661E+06   0.260730E+06   0.251661E+06  -0.145121E-01   0.235848E+06   0.235759E+06   0.921578E-01
   0.310381E+00   0.255212E+06   0.252424E+06   0.377326E+00   0.365630E+00   0.569424E+05   0.245852E+06   0.254762E+06   0.245852E+06  -0.141772E-01   0.230426E+06   0.230340E+06   0.867179E-01
   0.315741E+00   0.249487E+06   0.246828E+06   0.356313E+00   0.345264E+00   0.546540E+05   0.240301E+06   0.249057E+06   0.240301E+06  -0.138571E-01   0.225243E+06   0.225161E+06   0.817753E-01
   0.321102E+00   0.243851E+06   0.241299E+06   0.336609E+00   0.326168E+00   0.524579E+05   0.234837E+06   0.243438E+06   0.234837E+06  -0.135420E-01   0.220140E+06   0.220061E+06   0.775844E-01
   0.326462E+00   0.238188E+06   0.235716E+06   0.317964E+00   0.308098E+00   0.503253E+05   0.229346E+06   0.237789E+06   0.229346E+06  -0.132253E-01   0.215011E+06   0.214934E+06   0.742162E-01
   0.331822E+00   0.232465E+06   0.230043E+06   0.300262E+00   0.290943E+00   0.482468E+05   0.223794E+06   0.232074E+06   0.223794E+06  -0.129052E-01   0.209824E+06   0.209749E+06   0.715743E-01
   0.337183E+00   0.226726E+06   0.224333E+06   0.283499E+00   0.274698E+00   0.462298E+05   0.218227E+06   0.226339E+06   0.218227E+06  -0.125841E-01   0.204621E+06   0.204547E+06   0.694483E-01
   0.342543E+00   0.221064E+06   0.218690E+06   0.267731E+00   0.259417E+00   0.442913E+05   0.212736E+06   0.220681E+06   0.212736E+06  -0.122675E-01   0.199489E+06   0.199415E+06   0.675820E-01
   0.347903E+00   0.215588E+06   0.213232E+06   0.253017E+00   0.245158E+00   0.424494E+05   0.207426E+06   0.215207E+06   0.207426E+06  -0.119613E-01   0.194525E+06   0.194452E+06   0.657405E-01
   0.353264E+00   0.210380E+06   0.208052E+06   0.239381E+00   0.231944E+00   0.407168E+05   0.202380E+06   0.210004E+06   0.202380E+06  -0.116703E-01   0.189807E+06   0.189735E+06   0.637603E-01
   0.358624E+00   0.205493E+06   0.203205E+06   0.226804E+00   0.219756E+00   0.390984E+05   0.197646E+06   0.205124E+06   0.197646E+06  -0.113973E-01   0.185381E+06   0.185311E+06   0.615732E-01
   0.363984E+00   0.200935E+06   0.198700E+06   0.215219E+00   0.208529E+00   0.375908E+05   0.193233E+06   0.200574E+06   0.193233E+06  -0.111429E-01   0.181255E+06   0.181187E+06   0.592027E-01
   0.369344E+00   0.196674E+06   0.194502E+06   0.204522E+00   0.198163E+00   0.361831E+05   0.189110E+06   0.196323E+06   0.189110E+06  -0.109051E-01   0.177400E+06   0.177333E+06   0.567381E-01
   0.374705E+00   0.192646E+06   0.190542E+06   0.194586E+00   0.188535E+00   0.348595E+05   0.185215E+06   0.192306E+06   0.185215E+06  -0.106805E-01   0.173758E+06   0.173693E+06   0.542988E-01
   0.380065E+00   0.188779E+06   0.186741E+06   0.185288E+00   0.179524E+00   0.336031E+05   0.181476E+06   0.188450E+06   0.181476E+06  -0.104649E-01   0.170262E+06   0.170199E+06   0.519993E-01
   0.385425E+00   0.185009E+06   0.183031E+06   0.176522E+00   0.171029E+00   0.323998E+05   0.177831E+06   0.184690E+06   0.177831E+06  -0.102547E-01   0.166853E+06   0.166791E+06   0.499218E-01
   0.390786E+00   0.181292E+06   0.179363E+06   0.168215E+00   0.162980E+00   0.312399E+05   0.174236E+06   0.180980E+06   0.174236E+06  -0.100474E-01   0.163491E+06   0.163431E+06   0.481007E-01
   0.396146E+00   0.177606E+06   0.175715E+06   0.160320E+00   0.155329E+00   0.301179E+05   0.170671E+06   0.177300E+06   0.170671E+06  -0.984184E-02   0.160156E+06   0.160097E+06   0.465225E-01
   0.401506E+00   0.173953E+06   0.172093E+06   0.152814E+00   0.148056E+00   0.290329E+05   0.167139E+06   0.173652E+06   0.167139E+06  -0.963811E-02   0.156850E+06   0.156793E+06   0.451363E-01
   0.406867E+00   0.170357E+06   0.168522E+06   0.145696E+00   0.141158E+00   0.279877E+05   0.163661E+06   0.170060E+06   0.163661E+06  -0.943760E-02   0.153596E+06   0.153539E+06   0.438732E-01
   0.412227E+00   0.166855E+06   0.165044E+06   0.138975E+00   0.134646E+00   0.269867E+05   0.160275E+06   0.166562E+06   0.160275E+06  -0.924235E-02   0.150428E+06   0.150372E+06   0.426648E-01
   0.417587E+00   0.163478E+06   0.161693E+06   0.132653E+00   0.128521E+00   0.260335E+05   0.157012E+06   0.163190E+06   0.157012E+06  -0.905418E-02   0.147373E+06   0.147318E+06   0.414578E-01
   0.422948E+00   0.160244E+06   0.158488E+06   0.126721E+00   0.122773E+00   0.251289E+05   0.153888E+06   0.159961E+06   0.153888E+06  -0.887400E-02   0.144449E+06   0.144395E+06   0.402224E-01
   0.428308E+00   0.157156E+06   0.155432E+06   0.121158E+00   0.117381E+00   0.242715E+05   0.150905E+06   0.156877E+06   0.150905E+06  -0.870200E-02   0.141657E+06   0.141604E+06   0.389548E-01
   0.433668E+00   0.154208E+06   0.152520E+06   0.115936E+00   0.112322E+00   0.234586E+05   0.148058E+06   0.153935E+06   0.148058E+06  -0.853785E-02   0.138992E+06   0.138940E+06   0.376726E-01
   0.439028E+00   0.151385E+06   0.149735E+06   0.111027E+00   0.107565E+00   0.226862E+05   0.145334E+06   0.151119E+06   0.145334E+06  -0.838075E-02   0.136442E+06   0.136391E+06   0.364061E-01
   0.444389E+00   0.148664E+06   0.147051E+06   0.106392E+00   0.103075E+00   0.219492E+05   0.142708E+06   0.148403E+06   0.142708E+06  -0.822930E-02   0.133983E+06   0.133933E+06   0.351872E-01
   0.449749E+00   0.146016E+06   0.144439E+06   0.101999E+00   0.988181E-01   0.212422E+05   0.140153E+06   0.145761E+06   0.140153E+06  -0.808199E-02   0.131591E+06   0.131543E+06   0.340414E-01
   0.455109E+00   0.143423E+06   0.141879E+06   0.978209E-01   0.947693E-01   0.205614E+05   0.137651E+06   0.143174E+06   0.137651E+06  -0.793773E-02   0.129249E+06   0.129201E+06   0.329824E-01
   0.460470E+00   0.140877E+06   0.139361E+06   0.938398E-01   0.909120E-01   0.199046E+05   0.135194E+06   0.140632E+06   0.135194E+06  -0.779604E-02   0.126948E+06   0.126901E+06   0.320113E-01
   0.465830E+00   0.138375E+06   0.136885E+06   0.900450E-01   0.872351E-01   0.192708E+05   0.132781E+06   0.138134E+06   0.132781E+06  -0.765686E-02   0.124688E+06   0.124641E+06   0.311175E-01
   0.471190E+00   0.135921E+06   0.134453E+06   0.864286E-01   0.837311E-01   0.186597E+05   0.130413E+06   0.135684E+06   0.130413E+06  -0.752033E-02   0.122470E+06   0.122424E+06   0.302829E-01
   0.476551E+00   0.133521E+06   0.132074E+06   0.829858E-01   0.803954E-01   0.180712E+05   0.128098E+06   0.133287E+06   0.128098E+06  -0.738682E-02   0.120301E+06   0.120256E+06   0.294872E-01
   0.481911E+00   0.131185E+06   0.129760E+06   0.797139E-01   0.772252E-01   0.175061E+05   0.125845E+06   0.130955E+06   0.125845E+06  -0.725690E-02   0.118191E+06   0.118147E+06   0.287128E-01
   0.487271E+00   0.128922E+06   0.127519E+06   0.766096E-01   0.742174E-01   0.169648E+05   0.123663E+06   0.128695E+06   0.123663E+06  -0.713109E-02   0.116147E+06   0.116103E+06   0.279483E-01
   0.492631E+00   0.126737E+06   0.125355E+06   0.736665E-01   0.713659E-01   0.164468E+05   0.121556E+06   0.126513E+06   0.121556E+06  -0.700958E-02   0.114172E+06   0.114130E+06   0.271890E-01
   0.497992E+00   0.124625E+06   0.123267E+06   0.708748E-01   0.686611E-01   0.159510E+05   0.119521E+06   0.124406E+06   0.119521E+06  -0.689222E-02   0.112266E+06   0.112224E+06   0.264368E-01
   0.503352E+00   0.122581E+06   0.121247E+06   0.682231E-01   0.660919E-01   0.154759E+05   0.117551E+06   0.122365E+06   0.117551E+06  -0.677863E-02   0.110420E+06   0.110379E+06   0.256976E-01
   0.508712E+00   0.120597E+06   0.119287E+06   0.657002E-01   0.636475E-01   0.150196E+05   0.115640E+06   0.120385E+06   0.115640E+06  -0.666840E-02   0.108629E+06   0.108588E+06   0.249797E-01
   0.514073E+00   0.118666E+06   0.117380E+06   0.632963E-01   0.613184E-01   0.145809E+05   0.113780E+06   0.118458E+06   0.113780E+06  -0.656115E-02   0.106886E+06   0.106846E+06   0.242908E-01
   0.519433E+00   0.116782E+06   0.115518E+06   0.610019E-01   0.590955E-01   0.141583E+05   0.111965E+06   0.116578E+06   0.111965E+06  -0.645650E-02   0.105185E+06   0.105146E+06   0.236360E-01
   0.524793E+00   0.114938E+06   0.113695E+06   0.588084E-01   0.569703E-01   0.137503E+05   0.110189E+06   0.114737E+06   0.110189E+06  -0.635407E-02   0.103520E+06   0.103482E+06   0.230168E-01
   0.530154E+00   0.113129E+06   0.111905E+06   0.567089E-01   0.549362E-01   0.133561E+05   0.108447E+06   0.112931E+06   0.108447E+06  -0.625361E-02   0.101887E+06   0.101850E+06   0.224309E-01
   0.535514E+00   0.111356E+06   0.110151E+06   0.546992E-01   0.529891E-01   0.129752E+05   0.106739E+06   0.111161E+06   0.106739E+06  -0.615515E-02   0.100287E+06   0.100249E+06   0.218740E-01
   0.540874E+00   0.109622E+06   0.108434E+06   0.527768E-01   0.511266E-01   0.126076E+05   0.105069E+06   0.109430E+06   0.105069E+06  -0.605885E-02   0.987214E+05   0.986846E+05   0.213407E-01
   0.546235E+00   0.107929E+06   0.106758E+06   0.509389E-01   0.493459E-01   0.122531E+05   0.103439E+06   0.107740E+06   0.103439E+06  -0.596486E-02   0.971934E+05   0.971572E+05   0.208253E-01
   0.551595E+00   0.106278E+06   0.105124E+06   0.491819E-01   0.476437E-01   0.119114E+05   0.101850E+06   0.106092E+06   0.101850E+06  -0.587322E-02   0.957034E+05   0.956677E+05   0.203233E-01
   0.556955E+00   0.104669E+06   0.103532E+06   0.475023E-01   0.460165E-01   0.115822E+05   0.100301E+06   0.104486E+06   0.100301E+06  -0.578392E-02   0.942515E+05   0.942163E+05   0.198319E-01
   0.562315E+00   0.103103E+06   0.101983E+06   0.458969E-01   0.444612E-01   0.112650E+05   0.987942E+05   0.102922E+06   0.987942E+05  -0.569701E-02   0.928383E+05   0.928036E+05   0.193505E-01
   0.567676E+00   0.101580E+06   0.100476E+06   0.443624E-01   0.429744E-01   0.109595E+05   0.973281E+05   0.101402E+06   0.973281E+05  -0.561246E-02   0.914636E+05   0.914295E+05   0.188800E-01
   0.573036E+00   0.100096E+06   0.990090E+05   0.428941E-01   0.415520E-01   0.106649E+05   0.959002E+05   0.999202E+05   0.959002E+05  -0.553012E-02   0.901246E+05   0.900910E+05   0.184221E-01
   0.578396E+00   0.986467E+05   0.975764E+05   0.414875E-01   0.401892E-01   0.103806E+05   0.945061E+05   0.984738E+05   0.945061E+05  -0.544973E-02   0.888173E+05   0.887842E+05   0.179785E-01
   0.629654E+00   0.862558E+05   0.853193E+05   0.305730E-01   0.296153E-01   0.809043E+04   0.825908E+05   0.861045E+05   0.825908E+05  -0.476263E-02   0.776406E+05   0.776116E+05   0.144595E-01
   0.769061E+00   0.626630E+05   0.619829E+05   0.148513E-01   0.143852E-01   0.443521E+04   0.599355E+05   0.625531E+05   0.599355E+05  -0.345620E-02   0.563748E+05   0.563536E+05   0.861925E-02
   0.939334E+00   0.453071E+05   0.448153E+05   0.718366E-02   0.695785E-02   0.238626E+04   0.432981E+05   0.452277E+05   0.432981E+05  -0.249680E-02   0.407441E+05   0.407287E+05   0.512283E-02
   0.114731E+01   0.326209E+05   0.322667E+05   0.346171E-02   0.335276E-02   0.126207E+04   0.311539E+05   0.325637E+05   0.311539E+05  -0.179650E-02   0.293265E+05   0.293154E+05   0.303825E-02
   0.140132E+01   0.233965E+05   0.231424E+05   0.166233E-02   0.160996E-02   0.656960E+03   0.223331E+05   0.233554E+05   0.223331E+05  -0.128785E-02   0.210288E+05   0.210207E+05   0.180037E-02
   0.171158E+01   0.167205E+05   0.165388E+05   0.795635E-03   0.770554E-03   0.336917E+03   0.159546E+05   0.166912E+05   0.159546E+05  -0.920027E-03   0.150258E+05   0.150200E+05   0.106769E-02
   0.209053E+01   0.119107E+05   0.117812E+05   0.379664E-03   0.367689E-03   0.170399E+03   0.113620E+05   0.118898E+05   0.113620E+05  -0.655192E-03   0.107022E+05   0.106979E+05   0.635153E-03
   0.255338E+01   0.845867E+04   0.836665E+04   0.180649E-03   0.174949E-03   0.850670E+02   0.806733E+04   0.844380E+04   0.806733E+04  -0.465206E-03   0.759971E+04   0.759662E+04   0.380136E-03
   0.311870E+01   0.599024E+04   0.592500E+04   0.857251E-04   0.830195E-04   0.419637E+02   0.571226E+04   0.597969E+04   0.571226E+04  -0.329400E-03   0.538159E+04   0.537930E+04   0.229789E-03
   0.380919E+01   0.423155E+04   0.418539E+04   0.405822E-04   0.393012E-04   0.204821E+02   0.403476E+04   0.422409E+04   0.403476E+04  -0.232666E-03   0.380142E+04   0.379971E+04   0.141005E-03
   0.465255E+01   0.298227E+04   0.294966E+04   0.191684E-04   0.185632E-04   0.990444E+01   0.284337E+04   0.297700E+04   0.284337E+04  -0.163964E-03   0.267904E+04   0.267773E+04   0.883436E-04
   0.568264E+01   0.209714E+04   0.207411E+04   0.903415E-05   0.874892E-05   0.475110E+01   0.199934E+04   0.209342E+04   0.199934E+04  -0.115293E-03   0.188386E+04   0.188283E+04   0.568602E-04
   0.694079E+01   0.147176E+04   0.145552E+04   0.424945E-05   0.411529E-05   0.226397E+01   0.140307E+04   0.146914E+04   0.140307E+04  -0.809086E-04   0.132206E+04   0.132122E+04   0.378131E-04
   0.847750E+01   0.103093E+04   0.101945E+04   0.199510E-05   0.193211E-05   0.107291E+01   0.982775E+03   0.102908E+04   0.982775E+03  -0.566721E-04   0.926050E+03   0.925345E+03   0.260855E-04
   0.103544E+02   0.720878E+03   0.712753E+03   0.935057E-06   0.905540E-06   0.506193E+00   0.687179E+03   0.719565E+03   0.687179E+03  -0.396265E-04   0.647529E+03   0.646912E+03   0.186913E-04
   0.126469E+02   0.503251E+03   0.497474E+03   0.437516E-06   0.423708E-06   0.237956E+00   0.479704E+03   0.502317E+03   0.479704E+03  -0.276623E-04   0.452035E+03   0.451476E+03   0.138864E-04
   0.154470E+02   0.350786E+03   0.346651E+03   0.204395E-06   0.197946E-06   0.111530E+00   0.334353E+03   0.350117E+03   0.334353E+03  -0.192806E-04   0.315078E+03   0.314554E+03   0.106510E-04
   0.188670E+02   0.244161E+03   0.241170E+03   0.953453E-07   0.923384E-07   0.521456E-01   0.232705E+03   0.243678E+03   0.232705E+03  -0.134190E-04   0.219299E+03   0.218794E+03   0.838616E-05
   0.230442E+02   0.169716E+03   0.167519E+03   0.444119E-07   0.430123E-07   0.243298E-01   0.161734E+03   0.169361E+03   0.161734E+03  -0.932645E-05   0.152425E+03   0.151930E+03   0.673759E-05
   0.281463E+02   0.117816E+03   0.116170E+03   0.206575E-07   0.200072E-07   0.113310E-01   0.112256E+03   0.117550E+03   0.112256E+03  -0.647331E-05   0.105804E+03   0.105312E+03   0.549352E-05
   0.343780E+02   0.816851E+02   0.804189E+02   0.959450E-08   0.929295E-08   0.526840E-02   0.778109E+02   0.814805E+02   0.778109E+02  -0.448700E-05   0.733481E+02   0.728522E+02   0.452505E-05
   0.419893E+02   0.565654E+02   0.555596E+02   0.444941E-08   0.430990E-08   0.244574E-02   0.538626E+02   0.564028E+02   0.538626E+02  -0.310601E-05   0.507829E+02   0.502808E+02   0.375200E-05
   0.512859E+02   0.391225E+02   0.382941E+02   0.205992E-08   0.199556E-08   0.113363E-02   0.372327E+02   0.389886E+02   0.372327E+02  -0.214704E-05   0.351136E+02   0.346032E+02   0.312285E-05
   0.626408E+02   0.270244E+02   0.263160E+02   0.951822E-09   0.922242E-09   0.524600E-03   0.256979E+02   0.269099E+02   0.256979E+02  -0.148188E-05   0.242455E+02   0.237257E+02   0.260321E-05
   0.765096E+02   0.186423E+02   0.180144E+02   0.438770E-09   0.425243E-09   0.242331E-03   0.177058E+02   0.185408E+02   0.177058E+02  -0.102101E-05   0.167154E+02   0.161864E+02   0.216916E-05
   0.934490E+02   0.128408E+02   0.122666E+02   0.201659E-09   0.195516E-09   0.111703E-03   0.121738E+02   0.127480E+02   0.121738E+02  -0.702009E-06   0.115033E+02   0.109662E+02   0.180332E-05
   0.114139E+03   0.882913E+01   0.829115E+01   0.923177E-10   0.895554E-10   0.513560E-04   0.834845E+01   0.874219E+01   0.834845E+01  -0.481417E-06   0.789924E+01   0.735627E+01   0.149251E-05
