#          k/h    CDM            baryon         photon         nu             mass_nu        total          no_nu          total_de       Weyl           v_CDM          v_b            v_b-v_c     
   0.105163E-04   0.566564E+06   0.566564E+06   0.755410E+06   0.755409E+06   0.567054E+06   0.566586E+06   0.566564E+06   0.574880E+06  -0.602142E+00   0.564974E+06   0.564974E+06   0.187951E+00
   0.116112E-04   0.566564E+06   0.566564E+06   0.755408E+06   0.755407E+06   0.567054E+06   0.566586E+06   0.566564E+06   0.574880E+06  -0.602142E+00   0.564974E+06   0.564974E+06   0.207519E+00
   0.128200E-04   0.566564E+06   0.566564E+06   0.755405E+06   0.755405E+06   0.567054E+06   0.566586E+06   0.566564E+06   0.574879E+06  -0.602142E+00   0.564974E+06   0.564974E+06   0.229124E+00
   0.141547E-04   0.566564E+06   0.566564E+06   0.755402E+06   0.755402E+06   0.567054E+06   0.566586E+06   0.566564E+06   0.574879E+06  -0.602141E+00   0.564974E+06   0.564974E+06   0.252979E+00
   0.156284E-04   0.566564E+06   0.566564E+06   0.755399E+06   0.755398E+06   0.567054E+06   0.566586E+06   0.566564E+06   0.574879E+06  -0.602141E+00   0.564973E+06   0.564973E+06   0.279316E+00
   0.172555E-04   0.566564E+06   0.566564E+06   0.755394E+06   0.755393E+06   0.567054E+06   0.566586E+06   0.566564E+06   0.574879E+06  -0.602141E+00   0.564973E+06   0.564973E+06   0.308396E+00
   0.190520E-04   0.566563E+06   0.566563E+06   0.755389E+06   0.755387E+06   0.567054E+06   0.566586E+06   0.566563E+06   0.574879E+06  -0.602141E+00   0.564973E+06   0.564973E+06   0.340504E+00
   0.210355E-04   0.566563E+06   0.566563E+06   0.755382E+06   0.755380E+06   0.567053E+06   0.566585E+06   0.566563E+06   0.574879E+06  -0.602141E+00   0.564973E+06   0.564973E+06   0.375954E+00
   0.232256E-04   0.566563E+06   0.566563E+06   0.755374E+06   0.755372E+06   0.567053E+06   0.566585E+06   0.566563E+06   0.574878E+06  -0.602140E+00   0.564973E+06   0.564973E+06   0.415095E+00
   0.256436E-04   0.566563E+06   0.566563E+06   0.755364E+06   0.755362E+06   0.567052E+06   0.566585E+06   0.566563E+06   0.574878E+06  -0.602140E+00   0.564973E+06   0.564973E+06   0.458310E+00
   0.283134E-04   0.566563E+06   0.566562E+06   0.755352E+06   0.755349E+06   0.567052E+06   0.566585E+06   0.566562E+06   0.574877E+06  -0.602139E+00   0.564972E+06   0.564972E+06   0.506025E+00
   0.312612E-04   0.566562E+06   0.566562E+06   0.755338E+06   0.755334E+06   0.567051E+06   0.566584E+06   0.566562E+06   0.574877E+06  -0.602139E+00   0.564972E+06   0.564972E+06   0.558707E+00
   0.345158E-04   0.566562E+06   0.566562E+06   0.755320E+06   0.755315E+06   0.567051E+06   0.566584E+06   0.566562E+06   0.574876E+06  -0.602138E+00   0.564971E+06   0.564971E+06   0.616874E+00
   0.381093E-04   0.566561E+06   0.566561E+06   0.755298E+06   0.755293E+06   0.567050E+06   0.566583E+06   0.566561E+06   0.574876E+06  -0.602137E+00   0.564971E+06   0.564971E+06   0.681097E+00
   0.420769E-04   0.566561E+06   0.566560E+06   0.755272E+06   0.755265E+06   0.567048E+06   0.566583E+06   0.566561E+06   0.574874E+06  -0.602136E+00   0.564970E+06   0.564970E+06   0.752005E+00
   0.464576E-04   0.566560E+06   0.566560E+06   0.755240E+06   0.755231E+06   0.567047E+06   0.566582E+06   0.566560E+06   0.574873E+06  -0.602135E+00   0.564970E+06   0.564969E+06   0.830295E+00
   0.512944E-04   0.566559E+06   0.566559E+06   0.755201E+06   0.755190E+06   0.567046E+06   0.566581E+06   0.566559E+06   0.574872E+06  -0.602133E+00   0.564968E+06   0.564968E+06   0.916734E+00
   0.566347E-04   0.566558E+06   0.566557E+06   0.755153E+06   0.755140E+06   0.567043E+06   0.566579E+06   0.566558E+06   0.574870E+06  -0.602131E+00   0.564967E+06   0.564967E+06   0.101217E+01
   0.625311E-04   0.566556E+06   0.566556E+06   0.755095E+06   0.755079E+06   0.567041E+06   0.566578E+06   0.566556E+06   0.574868E+06  -0.602129E+00   0.564966E+06   0.564966E+06   0.111754E+01
   0.690413E-04   0.566554E+06   0.566554E+06   0.755024E+06   0.755004E+06   0.567038E+06   0.566576E+06   0.566554E+06   0.574865E+06  -0.602126E+00   0.564964E+06   0.564964E+06   0.123389E+01
   0.762293E-04   0.566552E+06   0.566552E+06   0.754937E+06   0.754914E+06   0.567034E+06   0.566574E+06   0.566552E+06   0.574862E+06  -0.602122E+00   0.564962E+06   0.564962E+06   0.136234E+01
   0.841656E-04   0.566550E+06   0.566549E+06   0.754832E+06   0.754803E+06   0.567030E+06   0.566571E+06   0.566550E+06   0.574858E+06  -0.602118E+00   0.564959E+06   0.564959E+06   0.150416E+01
   0.929282E-04   0.566546E+06   0.566546E+06   0.754703E+06   0.754668E+06   0.567024E+06   0.566568E+06   0.566546E+06   0.574854E+06  -0.602113E+00   0.564956E+06   0.564956E+06   0.166074E+01
   0.102603E-03   0.566543E+06   0.566542E+06   0.754546E+06   0.754504E+06   0.567018E+06   0.566564E+06   0.566542E+06   0.574848E+06  -0.602107E+00   0.564952E+06   0.564952E+06   0.183361E+01
   0.113285E-03   0.566538E+06   0.566537E+06   0.754355E+06   0.754303E+06   0.567009E+06   0.566559E+06   0.566538E+06   0.574841E+06  -0.602099E+00   0.564948E+06   0.564947E+06   0.202447E+01
   0.125080E-03   0.566532E+06   0.566531E+06   0.754123E+06   0.754059E+06   0.566999E+06   0.566553E+06   0.566532E+06   0.574832E+06  -0.602089E+00   0.564942E+06   0.564942E+06   0.223519E+01
   0.138102E-03   0.566525E+06   0.566523E+06   0.753839E+06   0.753761E+06   0.566987E+06   0.566546E+06   0.566525E+06   0.574822E+06  -0.602078E+00   0.564935E+06   0.564934E+06   0.246784E+01
   0.152480E-03   0.566517E+06   0.566514E+06   0.753493E+06   0.753399E+06   0.566972E+06   0.566537E+06   0.566516E+06   0.574809E+06  -0.602064E+00   0.564926E+06   0.564926E+06   0.272468E+01
   0.168355E-03   0.566506E+06   0.566504E+06   0.753072E+06   0.752957E+06   0.566954E+06   0.566526E+06   0.566506E+06   0.574793E+06  -0.602046E+00   0.564916E+06   0.564915E+06   0.300823E+01
   0.185882E-03   0.566494E+06   0.566490E+06   0.752558E+06   0.752418E+06   0.566932E+06   0.566513E+06   0.566493E+06   0.574775E+06  -0.602025E+00   0.564903E+06   0.564902E+06   0.332125E+01
   0.205235E-03   0.566478E+06   0.566474E+06   0.751933E+06   0.751763E+06   0.566906E+06   0.566497E+06   0.566477E+06   0.574752E+06  -0.602000E+00   0.564887E+06   0.564887E+06   0.366681E+01
   0.226602E-03   0.566459E+06   0.566454E+06   0.751172E+06   0.750964E+06   0.566873E+06   0.566477E+06   0.566458E+06   0.574723E+06  -0.601969E+00   0.564868E+06   0.564868E+06   0.404828E+01
   0.250194E-03   0.566436E+06   0.566430E+06   0.750244E+06   0.749991E+06   0.566833E+06   0.566453E+06   0.566435E+06   0.574689E+06  -0.601931E+00   0.564845E+06   0.564844E+06   0.446935E+01
   0.276242E-03   0.566408E+06   0.566401E+06   0.749115E+06   0.748807E+06   0.566785E+06   0.566424E+06   0.566407E+06   0.574647E+06  -0.601885E+00   0.564817E+06   0.564816E+06   0.493413E+01
   0.305002E-03   0.566374E+06   0.566365E+06   0.747740E+06   0.747366E+06   0.566726E+06   0.566389E+06   0.566373E+06   0.574597E+06  -0.601828E+00   0.564783E+06   0.564781E+06   0.544711E+01
   0.336756E-03   0.566332E+06   0.566322E+06   0.746067E+06   0.745612E+06   0.566654E+06   0.566345E+06   0.566331E+06   0.574535E+06  -0.601760E+00   0.564741E+06   0.564739E+06   0.601325E+01
   0.371817E-03   0.566282E+06   0.566269E+06   0.744032E+06   0.743479E+06   0.566566E+06   0.566293E+06   0.566280E+06   0.574459E+06  -0.601676E+00   0.564690E+06   0.564688E+06   0.663799E+01
   0.410527E-03   0.566220E+06   0.566204E+06   0.741558E+06   0.740887E+06   0.566459E+06   0.566228E+06   0.566218E+06   0.574368E+06  -0.601575E+00   0.564628E+06   0.564625E+06   0.732733E+01
   0.453268E-03   0.566145E+06   0.566126E+06   0.738553E+06   0.737738E+06   0.566329E+06   0.566150E+06   0.566142E+06   0.574256E+06  -0.601451E+00   0.564552E+06   0.564549E+06   0.808784E+01
   0.500458E-03   0.566053E+06   0.566030E+06   0.734903E+06   0.733916E+06   0.566170E+06   0.566055E+06   0.566049E+06   0.574120E+06  -0.601300E+00   0.564460E+06   0.564456E+06   0.892672E+01
   0.552561E-03   0.565942E+06   0.565913E+06   0.730476E+06   0.729281E+06   0.565977E+06   0.565939E+06   0.565937E+06   0.573954E+06  -0.601117E+00   0.564348E+06   0.564343E+06   0.985184E+01
   0.610090E-03   0.565806E+06   0.565771E+06   0.725112E+06   0.723667E+06   0.565742E+06   0.565798E+06   0.565800E+06   0.573753E+06  -0.600895E+00   0.564211E+06   0.564206E+06   0.108718E+02
   0.673607E-03   0.565641E+06   0.565599E+06   0.718620E+06   0.716878E+06   0.565455E+06   0.565626E+06   0.565634E+06   0.573509E+06  -0.600624E+00   0.564044E+06   0.564038E+06   0.119961E+02
   0.743737E-03   0.565440E+06   0.565388E+06   0.710776E+06   0.708679E+06   0.565106E+06   0.565417E+06   0.565431E+06   0.573213E+06  -0.600295E+00   0.563842E+06   0.563834E+06   0.132347E+02
   0.821169E-03   0.565195E+06   0.565133E+06   0.701318E+06   0.698802E+06   0.564682E+06   0.565162E+06   0.565185E+06   0.572853E+06  -0.599896E+00   0.563595E+06   0.563586E+06   0.145988E+02
   0.906662E-03   0.564898E+06   0.564822E+06   0.689941E+06   0.686932E+06   0.564166E+06   0.564853E+06   0.564886E+06   0.572417E+06  -0.599412E+00   0.563296E+06   0.563284E+06   0.161003E+02
   0.100106E-02   0.564537E+06   0.564444E+06   0.676295E+06   0.672713E+06   0.563539E+06   0.564478E+06   0.564522E+06   0.571890E+06  -0.598826E+00   0.562931E+06   0.562917E+06   0.177518E+02
   0.110528E-02   0.564099E+06   0.563986E+06   0.659989E+06   0.655746E+06   0.562777E+06   0.564022E+06   0.564081E+06   0.571253E+06  -0.598118E+00   0.562489E+06   0.562471E+06   0.195670E+02
   0.122035E-02   0.563568E+06   0.563430E+06   0.640588E+06   0.635597E+06   0.561853E+06   0.563469E+06   0.563546E+06   0.570485E+06  -0.597263E+00   0.561952E+06   0.561930E+06   0.215602E+02
   0.134740E-02   0.562925E+06   0.562758E+06   0.617633E+06   0.611809E+06   0.560710E+06   0.562800E+06   0.562898E+06   0.569560E+06  -0.596233E+00   0.561300E+06   0.561274E+06   0.237463E+02
   0.148768E-02   0.562148E+06   0.561944E+06   0.590653E+06   0.583926E+06   0.559324E+06   0.561989E+06   0.562115E+06   0.568451E+06  -0.594996E+00   0.560510E+06   0.560479E+06   0.261408E+02
   0.164257E-02   0.561210E+06   0.560961E+06   0.559203E+06   0.551532E+06   0.557658E+06   0.561011E+06   0.561170E+06   0.567124E+06  -0.593514E+00   0.559556E+06   0.559518E+06   0.287593E+02
   0.181358E-02   0.560079E+06   0.559776E+06   0.522917E+06   0.514308E+06   0.555657E+06   0.559833E+06   0.560030E+06   0.565544E+06  -0.591745E+00   0.558403E+06   0.558357E+06   0.316174E+02
   0.200239E-02   0.558719E+06   0.558350E+06   0.481580E+06   0.472114E+06   0.553252E+06   0.558416E+06   0.558660E+06   0.563670E+06  -0.589643E+00   0.557015E+06   0.556959E+06   0.347303E+02
   0.221086E-02   0.557090E+06   0.556641E+06   0.435227E+06   0.425090E+06   0.550366E+06   0.556718E+06   0.557018E+06   0.561461E+06  -0.587159E+00   0.555346E+06   0.555278E+06   0.381121E+02
   0.244104E-02   0.555144E+06   0.554598E+06   0.384271E+06   0.373785E+06   0.546912E+06   0.554689E+06   0.555056E+06   0.558871E+06  -0.584240E+00   0.553346E+06   0.553264E+06   0.417758E+02
   0.269518E-02   0.552830E+06   0.552165E+06   0.329641E+06   0.319289E+06   0.542787E+06   0.552274E+06   0.552722E+06   0.555858E+06  -0.580835E+00   0.550958E+06   0.550859E+06   0.457322E+02
   0.297578E-02   0.550090E+06   0.549281E+06   0.272913E+06   0.263344E+06   0.537882E+06   0.549415E+06   0.549959E+06   0.552378E+06  -0.576895E+00   0.548119E+06   0.548000E+06   0.499904E+02
   0.328559E-02   0.546865E+06   0.545882E+06   0.216388E+06   0.208378E+06   0.532074E+06   0.546046E+06   0.546706E+06   0.548394E+06  -0.572375E+00   0.544762E+06   0.544618E+06   0.545570E+02
   0.362766E-02   0.543091E+06   0.541897E+06   0.163044E+06   0.157391E+06   0.525234E+06   0.542102E+06   0.542898E+06   0.543872E+06  -0.567243E+00   0.540815E+06   0.540642E+06   0.594372E+02
   0.400534E-02   0.538707E+06   0.537258E+06   0.116267E+06   0.113600E+06   0.517228E+06   0.537515E+06   0.538473E+06   0.538782E+06  -0.561474E+00   0.536208E+06   0.536000E+06   0.646354E+02
   0.442234E-02   0.533653E+06   0.531896E+06   0.792783E+05   0.797846E+05   0.507925E+06   0.532222E+06   0.533369E+06   0.533094E+06  -0.555054E+00   0.530873E+06   0.530624E+06   0.701572E+02
   0.488276E-02   0.527872E+06   0.525744E+06   0.542401E+05   0.573849E+05   0.497201E+06   0.526161E+06   0.527528E+06   0.526768E+06  -0.547972E+00   0.524752E+06   0.524454E+06   0.760109E+02
   0.539111E-02   0.521317E+06   0.518741E+06   0.412060E+05   0.456005E+05   0.484949E+06   0.519280E+06   0.520900E+06   0.519747E+06  -0.540211E+00   0.517796E+06   0.517441E+06   0.822087E+02
   0.595239E-02   0.513942E+06   0.510828E+06   0.373800E+05   0.410382E+05   0.471087E+06   0.511529E+06   0.513438E+06   0.511952E+06  -0.531732E+00   0.509970E+06   0.509546E+06   0.887670E+02
   0.657210E-02   0.505705E+06   0.501948E+06   0.374194E+05   0.385747E+05   0.455568E+06   0.502865E+06   0.505098E+06   0.503280E+06  -0.522463E+00   0.501249E+06   0.500744E+06   0.957017E+02
   0.725633E-02   0.496567E+06   0.492039E+06   0.354258E+05   0.337116E+05   0.438392E+06   0.493245E+06   0.495835E+06   0.493628E+06  -0.512302E+00   0.491610E+06   0.491010E+06   0.103022E+03
   0.801180E-02   0.486480E+06   0.481035E+06   0.283029E+05   0.254364E+05   0.419609E+06   0.482625E+06   0.485600E+06   0.482926E+06  -0.501137E+00   0.481023E+06   0.480311E+06   0.110717E+03
   0.884592E-02   0.475398E+06   0.468865E+06   0.182868E+05   0.170388E+05   0.399338E+06   0.470961E+06   0.474342E+06   0.471157E+06  -0.488881E+00   0.469444E+06   0.468600E+06   0.118754E+03
   0.976688E-02   0.463273E+06   0.455455E+06   0.112681E+05   0.126786E+05   0.377762E+06   0.458212E+06   0.462010E+06   0.458340E+06  -0.475501E+00   0.456818E+06   0.455822E+06   0.127069E+03
   0.107837E-01   0.450069E+06   0.440743E+06   0.103140E+05   0.114989E+05   0.355128E+06   0.444350E+06   0.448562E+06   0.444467E+06  -0.461006E+00   0.443095E+06   0.441921E+06   0.135572E+03
   0.119064E-01   0.435760E+06   0.424676E+06   0.111243E+05   0.911224E+04   0.331722E+06   0.429359E+06   0.433969E+06   0.429475E+06  -0.445384E+00   0.428264E+06   0.426886E+06   0.144146E+03
   0.131460E-01   0.420333E+06   0.407217E+06   0.817526E+04   0.719245E+04   0.307832E+06   0.413237E+06   0.418213E+06   0.413324E+06  -0.428609E+00   0.412320E+06   0.410709E+06   0.152624E+03
   0.145147E-01   0.403786E+06   0.388347E+06   0.444014E+04   0.565196E+04   0.283718E+06   0.395990E+06   0.401291E+06   0.396043E+06  -0.410667E+00   0.395270E+06   0.393397E+06   0.160772E+03
   0.160258E-01   0.386133E+06   0.368076E+06   0.462208E+04   0.441835E+04   0.259616E+06   0.377643E+06   0.383215E+06   0.377693E+06  -0.391597E+00   0.377131E+06   0.374966E+06   0.168281E+03
   0.176943E-01   0.367414E+06   0.346456E+06   0.402463E+04   0.343522E+04   0.235772E+06   0.358245E+06   0.364027E+06   0.358287E+06  -0.371456E+00   0.357947E+06   0.355464E+06   0.174767E+03
   0.195365E-01   0.347693E+06   0.323596E+06   0.211048E+04   0.265527E+04   0.212482E+06   0.337879E+06   0.343799E+06   0.337904E+06  -0.350313E+00   0.337798E+06   0.334978E+06   0.179756E+03
   0.215705E-01   0.327075E+06   0.299682E+06   0.245695E+04   0.203891E+04   0.190047E+06   0.316670E+06   0.322648E+06   0.316696E+06  -0.328305E+00   0.316800E+06   0.313636E+06   0.182679E+03
   0.238162E-01   0.305714E+06   0.275003E+06   0.129854E+04   0.155503E+04   0.168635E+06   0.294795E+06   0.300750E+06   0.294810E+06  -0.305611E+00   0.295123E+06   0.291626E+06   0.182906E+03
   0.262957E-01   0.283821E+06   0.249972E+06   0.139727E+04   0.117725E+04   0.148173E+06   0.272482E+06   0.278351E+06   0.272497E+06  -0.282468E+00   0.272999E+06   0.269204E+06   0.179764E+03
   0.290334E-01   0.261867E+06   0.225331E+06   0.745967E+03   0.884928E+03   0.127389E+06   0.250167E+06   0.255963E+06   0.250175E+06  -0.259325E+00   0.250886E+06   0.246862E+06   0.172634E+03
   0.320561E-01   0.239871E+06   0.201439E+06   0.691911E+03   0.660462E+03   0.108635E+06   0.228024E+06   0.233660E+06   0.228031E+06  -0.236365E+00   0.228886E+06   0.224742E+06   0.161023E+03
   0.353936E-01   0.218466E+06   0.179307E+06   0.574865E+03   0.490346E+03   0.918781E+05   0.206716E+06   0.212137E+06   0.206722E+06  -0.214272E+00   0.207668E+06   0.203555E+06   0.144768E+03
   0.390784E-01   0.198141E+06   0.159782E+06   0.359105E+03   0.362932E+03   0.773405E+05   0.186775E+06   0.191942E+06   0.186779E+06  -0.193598E+00   0.187766E+06   0.183870E+06   0.124199E+03
   0.431470E-01   0.179492E+06   0.143697E+06   0.230343E+03   0.268766E+03   0.647695E+05   0.168796E+06   0.173707E+06   0.168799E+06  -0.174958E+00   0.169784E+06   0.166308E+06   0.100342E+03
   0.474616E-01   0.163417E+06   0.131735E+06   0.202110E+03   0.202025E+03   0.544217E+05   0.153614E+06   0.158297E+06   0.153616E+06  -0.159219E+00   0.154559E+06   0.151664E+06   0.759950E+02
   0.517763E-01   0.150596E+06   0.123775E+06   0.156709E+03   0.156643E+03   0.464956E+05   0.141764E+06   0.146261E+06   0.141765E+06  -0.146935E+00   0.142647E+06   0.140381E+06   0.545148E+02
   0.560910E-01   0.140087E+06   0.118164E+06   0.124550E+03   0.124497E+03   0.403752E+05   0.132209E+06   0.136544E+06   0.132210E+06  -0.137030E+00   0.133024E+06   0.131349E+06   0.371850E+02
   0.604057E-01   0.131186E+06   0.113588E+06   0.100864E+03   0.100821E+03   0.354029E+05   0.124152E+06   0.128342E+06   0.124153E+06  -0.128678E+00   0.124910E+06   0.123719E+06   0.245478E+02
   0.647204E-01   0.123378E+06   0.109114E+06   0.828091E+02   0.827738E+02   0.311544E+05   0.117019E+06   0.121073E+06   0.117020E+06  -0.121285E+00   0.117739E+06   0.116882E+06   0.164876E+02
   0.690351E-01   0.116171E+06   0.104048E+06   0.685786E+02   0.685493E+02   0.274912E+05   0.110302E+06   0.114212E+06   0.110303E+06  -0.114322E+00   0.111001E+06   0.110315E+06   0.123856E+02
   0.733498E-01   0.109238E+06   0.980842E+05   0.570634E+02   0.570390E+02   0.242706E+05   0.103686E+06   0.107435E+06   0.103687E+06  -0.107465E+00   0.104379E+06   0.103714E+06   0.113045E+02
   0.776645E-01   0.102447E+06   0.912908E+05   0.476015E+02   0.475812E+02   0.213816E+05   0.970707E+05   0.100644E+06   0.970712E+05  -0.100608E+00   0.977689E+05   0.970100E+05   0.121712E+02
   0.819792E-01   0.958377E+05   0.840314E+05   0.397971E+02   0.397801E+02   0.187875E+05   0.905423E+05   0.939297E+05   0.905427E+05  -0.938411E-01   0.912506E+05   0.903327E+05   0.139460E+02
   0.862939E-01   0.895418E+05   0.768090E+05   0.333870E+02   0.333727E+02   0.165140E+05   0.842847E+05   0.874840E+05   0.842850E+05  -0.873552E-01   0.850015E+05   0.839099E+05   0.157564E+02
   0.906086E-01   0.836907E+05   0.701049E+05   0.281575E+02   0.281455E+02   0.145544E+05   0.784774E+05   0.814951E+05   0.784777E+05  -0.813362E-01   0.791966E+05   0.779613E+05   0.169826E+02
   0.959689E-01   0.771935E+05   0.630495E+05   0.230255E+02   0.230157E+02   0.125019E+05   0.720944E+05   0.749077E+05   0.720947E+05  -0.747205E-01   0.728043E+05   0.714784E+05   0.172079E+02
   0.101329E+00   0.716809E+05   0.577805E+05   0.191192E+02   0.191111E+02   0.108531E+05   0.667936E+05   0.694345E+05   0.667938E+05  -0.692265E-01   0.674781E+05   0.661819E+05   0.159325E+02
   0.106690E+00   0.671954E+05   0.543342E+05   0.161640E+02   0.161571E+02   0.955978E+04   0.626123E+05   0.651169E+05   0.626125E+05  -0.648928E-01   0.632591E+05   0.621010E+05   0.135205E+02
   0.112050E+00   0.636105E+05   0.523487E+05   0.139052E+02   0.138992E+02   0.853244E+04   0.593896E+05   0.617905E+05   0.593897E+05  -0.615525E-01   0.599931E+05   0.590415E+05   0.105788E+02
   0.117410E+00   0.606552E+05   0.511922E+05   0.121215E+02   0.121163E+02   0.769400E+04   0.568073E+05   0.591259E+05   0.568075E+05  -0.588761E-01   0.573678E+05   0.566383E+05   0.773903E+01
   0.122770E+00   0.580302E+05   0.501982E+05   0.106461E+02   0.106416E+02   0.697680E+04   0.545200E+05   0.567645E+05   0.545201E+05  -0.565054E-01   0.550426E+05   0.545017E+05   0.548748E+01
   0.128131E+00   0.555039E+05   0.488612E+05   0.937198E+01   0.936795E+01   0.632526E+04   0.522618E+05   0.544304E+05   0.522619E+05  -0.541649E-01   0.527555E+05   0.523363E+05   0.407452E+01
   0.133491E+00   0.529434E+05   0.469248E+05   0.824085E+01   0.823730E+01   0.572092E+04   0.498858E+05   0.519708E+05   0.498859E+05  -0.517023E-01   0.503601E+05   0.499844E+05   0.350492E+01
   0.138851E+00   0.503101E+05   0.443856E+05   0.722718E+01   0.722407E+01   0.515699E+04   0.473603E+05   0.493526E+05   0.473604E+05  -0.490848E-01   0.478232E+05   0.474230E+05   0.359085E+01
   0.144212E+00   0.476412E+05   0.414404E+05   0.632419E+01   0.632147E+01   0.462897E+04   0.447452E+05   0.466391E+05   0.447453E+05  -0.463745E-01   0.452020E+05   0.447343E+05   0.404017E+01
   0.149572E+00   0.450214E+05   0.383959E+05   0.553301E+01   0.553064E+01   0.414981E+04   0.421564E+05   0.439507E+05   0.421565E+05  -0.436914E-01   0.426080E+05   0.420616E+05   0.455042E+01
   0.154932E+00   0.425578E+05   0.355766E+05   0.485518E+01   0.485310E+01   0.372704E+04   0.397299E+05   0.414296E+05   0.397300E+05  -0.411765E-01   0.401740E+05   0.395665E+05   0.488375E+01
   0.160293E+00   0.403537E+05   0.332445E+05   0.428844E+01   0.428660E+01   0.336333E+04   0.375890E+05   0.392047E+05   0.375890E+05  -0.389576E-01   0.380217E+05   0.373899E+05   0.490917E+01
   0.165653E+00   0.384708E+05   0.315302E+05   0.382347E+01   0.382182E+01   0.305954E+04   0.358033E+05   0.373491E+05   0.358034E+05  -0.371069E-01   0.362207E+05   0.356076E+05   0.460993E+01
   0.171013E+00   0.369000E+05   0.304011E+05   0.344326E+01   0.344178E+01   0.280786E+04   0.343602E+05   0.358498E+05   0.343602E+05  -0.356112E-01   0.347592E+05   0.342016E+05   0.406201E+01
   0.176373E+00   0.355743E+05   0.296955E+05   0.312719E+01   0.312584E+01   0.259372E+04   0.331803E+05   0.346243E+05   0.331803E+05  -0.343883E-01   0.335596E+05   0.330790E+05   0.339422E+01
   0.181734E+00   0.344087E+05   0.291997E+05   0.285650E+01   0.285527E+01   0.240851E+04   0.321622E+05   0.335669E+05   0.321622E+05  -0.333332E-01   0.325223E+05   0.321220E+05   0.274354E+01
   0.187094E+00   0.333243E+05   0.287103E+05   0.261658E+01   0.261545E+01   0.224153E+04   0.312110E+05   0.325786E+05   0.312111E+05  -0.323473E-01   0.315542E+05   0.312209E+05   0.221867E+01
   0.192454E+00   0.322516E+05   0.280691E+05   0.239691E+01   0.239587E+01   0.208458E+04   0.302462E+05   0.315757E+05   0.302462E+05  -0.313474E-01   0.305757E+05   0.302854E+05   0.187898E+01
   0.197815E+00   0.311409E+05   0.271900E+05   0.219124E+01   0.219029E+01   0.193425E+04   0.292145E+05   0.305024E+05   0.292146E+05  -0.302781E-01   0.295338E+05   0.292591E+05   0.172987E+01
   0.203175E+00   0.299816E+05   0.260799E+05   0.199785E+01   0.199699E+01   0.178927E+04   0.281086E+05   0.293511E+05   0.281086E+05  -0.291319E-01   0.284202E+05   0.281376E+05   0.173206E+01
   0.208535E+00   0.288021E+05   0.248251E+05   0.181831E+01   0.181753E+01   0.165101E+04   0.269644E+05   0.281594E+05   0.269644E+05  -0.279460E-01   0.272699E+05   0.269652E+05   0.182000E+01
   0.213896E+00   0.276461E+05   0.235471E+05   0.165500E+01   0.165429E+01   0.152339E+04   0.258359E+05   0.269837E+05   0.258359E+05  -0.267765E-01   0.261359E+05   0.258057E+05   0.192332E+01
   0.219256E+00   0.265529E+05   0.223598E+05   0.150941E+01   0.150876E+01   0.140755E+04   0.247723E+05   0.258753E+05   0.247723E+05  -0.256741E-01   0.250663E+05   0.247169E+05   0.198491E+01
   0.224616E+00   0.255524E+05   0.213467E+05   0.138185E+01   0.138126E+01   0.130419E+04   0.238103E+05   0.248728E+05   0.238103E+05  -0.246771E-01   0.240971E+05   0.237416E+05   0.197180E+01
   0.229977E+00   0.246631E+05   0.205491E+05   0.127154E+01   0.127099E+01   0.121427E+04   0.229711E+05   0.239982E+05   0.229711E+05  -0.238074E-01   0.232495E+05   0.229027E+05   0.187803E+01
   0.235337E+00   0.238854E+05   0.199587E+05   0.117644E+01   0.117593E+01   0.113581E+04   0.222539E+05   0.232508E+05   0.222539E+05  -0.230640E-01   0.225229E+05   0.221978E+05   0.172044E+01
   0.240697E+00   0.232006E+05   0.195243E+05   0.109361E+01   0.109314E+01   0.106672E+04   0.216355E+05   0.226065E+05   0.216355E+05  -0.224231E-01   0.218948E+05   0.215992E+05   0.152986E+01
   0.246057E+00   0.225787E+05   0.191712E+05   0.101991E+01   0.101947E+01   0.100484E+04   0.210803E+05   0.220280E+05   0.210803E+05  -0.218477E-01   0.213302E+05   0.210654E+05   0.134052E+01
   0.251418E+00   0.219886E+05   0.188250E+05   0.952614E+00   0.952202E+00   0.947502E+03   0.205518E+05   0.214773E+05   0.205518E+05  -0.213000E-01   0.207932E+05   0.205549E+05   0.118089E+01
   0.256778E+00   0.214045E+05   0.184287E+05   0.889759E+00   0.889375E+00   0.893041E+03   0.200206E+05   0.209236E+05   0.200206E+05  -0.207494E-01   0.202546E+05   0.200345E+05   0.106781E+01
   0.262138E+00   0.208108E+05   0.179530E+05   0.830225E+00   0.829866E+00   0.841198E+03   0.194695E+05   0.203490E+05   0.194695E+05  -0.201783E-01   0.196973E+05   0.194859E+05   0.100458E+01
   0.267499E+00   0.202047E+05   0.173996E+05   0.773697E+00   0.773362E+00   0.790982E+03   0.188966E+05   0.197514E+05   0.188966E+05  -0.195845E-01   0.191192E+05   0.189081E+05   0.982715E+00
   0.272859E+00   0.195946E+05   0.167962E+05   0.720434E+00   0.720122E+00   0.742995E+03   0.183129E+05   0.191423E+05   0.183129E+05  -0.189795E-01   0.185309E+05   0.183148E+05   0.986241E+00
   0.278219E+00   0.189946E+05   0.161832E+05   0.670900E+00   0.670610E+00   0.697912E+03   0.177359E+05   0.185402E+05   0.177359E+05  -0.183815E-01   0.179496E+05   0.177269E+05   0.997012E+00
   0.283580E+00   0.184191E+05   0.156008E+05   0.625483E+00   0.625213E+00   0.656005E+03   0.171834E+05   0.179637E+05   0.171834E+05  -0.178089E-01   0.173928E+05   0.171653E+05   0.999505E+00
   0.288940E+00   0.178802E+05   0.150804E+05   0.584366E+00   0.584114E+00   0.617686E+03   0.166699E+05   0.174277E+05   0.166699E+05  -0.172767E-01   0.168747E+05   0.166464E+05   0.983955E+00
   0.294300E+00   0.173849E+05   0.146383E+05   0.547466E+00   0.547230E+00   0.583224E+03   0.162036E+05   0.169411E+05   0.162036E+05  -0.167935E-01   0.164034E+05   0.161795E+05   0.947500E+00
   0.299661E+00   0.169338E+05   0.142736E+05   0.514409E+00   0.514187E+00   0.551902E+03   0.157848E+05   0.165039E+05   0.157848E+05  -0.163594E-01   0.159793E+05   0.157643E+05   0.893497E+00
   0.305021E+00   0.165205E+05   0.139698E+05   0.484610E+00   0.484400E+00   0.523496E+03   0.154057E+05   0.161083E+05   0.154057E+05  -0.159665E-01   0.155949E+05   0.153918E+05   0.829480E+00
   0.310381E+00   0.161351E+05   0.137021E+05   0.457409E+00   0.457211E+00   0.497525E+03   0.150547E+05   0.157419E+05   0.150547E+05  -0.156027E-01   0.152387E+05   0.150482E+05   0.764482E+00
   0.315741E+00   0.157669E+05   0.134449E+05   0.432206E+00   0.432019E+00   0.473129E+03   0.147191E+05   0.153917E+05   0.147191E+05  -0.152550E-01   0.148983E+05   0.147192E+05   0.706505E+00
   0.321102E+00   0.154068E+05   0.131775E+05   0.408536E+00   0.408360E+00   0.450047E+03   0.143885E+05   0.150466E+05   0.143885E+05  -0.149123E-01   0.145632E+05   0.143929E+05   0.660761E+00
   0.326462E+00   0.150485E+05   0.128880E+05   0.386095E+00   0.385928E+00   0.428007E+03   0.140560E+05   0.146994E+05   0.140560E+05  -0.145677E-01   0.142267E+05   0.140619E+05   0.628934E+00
   0.331822E+00   0.146898E+05   0.125746E+05   0.364747E+00   0.364590E+00   0.406770E+03   0.137195E+05   0.143480E+05   0.137195E+05  -0.142189E-01   0.138866E+05   0.137242E+05   0.609439E+00
   0.337183E+00   0.143327E+05   0.122448E+05   0.344503E+00   0.344354E+00   0.386515E+03   0.133818E+05   0.139952E+05   0.133818E+05  -0.138689E-01   0.135455E+05   0.133835E+05   0.598392E+00
   0.342543E+00   0.139816E+05   0.119118E+05   0.325442E+00   0.325301E+00   0.367375E+03   0.130484E+05   0.136471E+05   0.130484E+05  -0.135234E-01   0.132090E+05   0.130465E+05   0.590950E+00
   0.347903E+00   0.136419E+05   0.115896E+05   0.307647E+00   0.307514E+00   0.349187E+03   0.127259E+05   0.133102E+05   0.127259E+05  -0.131891E-01   0.128834E+05   0.127207E+05   0.582639E+00
   0.353264E+00   0.133177E+05   0.112897E+05   0.291160E+00   0.291035E+00   0.332299E+03   0.124193E+05   0.129899E+05   0.124193E+05  -0.128714E-01   0.125737E+05   0.124119E+05   0.570337E+00
   0.358624E+00   0.130116E+05   0.110185E+05   0.275961E+00   0.275841E+00   0.316651E+03   0.121317E+05   0.126895E+05   0.121317E+05  -0.125733E-01   0.122829E+05   0.121237E+05   0.552749E+00
   0.363984E+00   0.127240E+05   0.107770E+05   0.261967E+00   0.261854E+00   0.302127E+03   0.118636E+05   0.124094E+05   0.118636E+05  -0.122954E-01   0.120115E+05   0.118565E+05   0.530340E+00
   0.369344E+00   0.124535E+05   0.105607E+05   0.249051E+00   0.248944E+00   0.288665E+03   0.116130E+05   0.121476E+05   0.116130E+05  -0.120357E-01   0.117577E+05   0.116080E+05   0.504870E+00
   0.374705E+00   0.121968E+05   0.103620E+05   0.237055E+00   0.236952E+00   0.276112E+03   0.113763E+05   0.119003E+05   0.113763E+05  -0.117904E-01   0.115177E+05   0.113737E+05   0.478710E+00
   0.380065E+00   0.119502E+05   0.101719E+05   0.225821E+00   0.225724E+00   0.264192E+03   0.111490E+05   0.116628E+05   0.111490E+05  -0.115548E-01   0.112874E+05   0.111488E+05   0.454157E+00
   0.385425E+00   0.117103E+05   0.998303E+04   0.215223E+00   0.215130E+00   0.252988E+03   0.109273E+05   0.114312E+05   0.109273E+05  -0.113250E-01   0.110628E+05   0.109288E+05   0.432889E+00
   0.390786E+00   0.114748E+05   0.979045E+04   0.205169E+00   0.205080E+00   0.242282E+03   0.107085E+05   0.112026E+05   0.107085E+05  -0.110983E-01   0.108413E+05   0.107109E+05   0.415668E+00
   0.396146E+00   0.112425E+05   0.959249E+04   0.195601E+00   0.195517E+00   0.231963E+03   0.104915E+05   0.109758E+05   0.104915E+05  -0.108734E-01   0.106218E+05   0.104938E+05   0.402324E+00
   0.401506E+00   0.110132E+05   0.939046E+04   0.186497E+00   0.186416E+00   0.222131E+03   0.102763E+05   0.107509E+05   0.102763E+05  -0.106504E-01   0.104042E+05   0.102778E+05   0.391958E+00
   0.406867E+00   0.107880E+05   0.918806E+04   0.177857E+00   0.177781E+00   0.212754E+03   0.100644E+05   0.105295E+05   0.100644E+05  -0.104307E-01   0.101900E+05   0.100648E+05   0.383290E+00
   0.412227E+00   0.105689E+05   0.899013E+04   0.169696E+00   0.169623E+00   0.203815E+03   0.985796E+04   0.103137E+05   0.985796E+04  -0.102168E-01   0.998131E+04   0.985720E+04   0.375021E+00
   0.417587E+00   0.103573E+05   0.880086E+04   0.162019E+00   0.161949E+00   0.195404E+03   0.965896E+04   0.101057E+05   0.965897E+04  -0.100106E-01   0.978011E+04   0.965736E+04   0.366140E+00
   0.422948E+00   0.101540E+05   0.862272E+04   0.154816E+00   0.154749E+00   0.187445E+03   0.946839E+04   0.990653E+04   0.946839E+04  -0.981305E-02   0.958733E+04   0.946642E+04   0.356096E+00
   0.428308E+00   0.995921E+04   0.845636E+04   0.148060E+00   0.147996E+00   0.179902E+03   0.928642E+04   0.971633E+04   0.928643E+04  -0.962446E-02   0.940318E+04   0.928461E+04   0.344836E+00
   0.433668E+00   0.977263E+04   0.830098E+04   0.141722E+00   0.141660E+00   0.172879E+03   0.911275E+04   0.953479E+04   0.911276E+04  -0.944447E-02   0.922734E+04   0.911150E+04   0.332716E+00
   0.439028E+00   0.959356E+04   0.815456E+04   0.135760E+00   0.135702E+00   0.166211E+03   0.894650E+04   0.936101E+04   0.894650E+04  -0.927216E-02   0.905896E+04   0.894605E+04   0.320334E+00
   0.444389E+00   0.942075E+04   0.801422E+04   0.130132E+00   0.130076E+00   0.159864E+03   0.878620E+04   0.919344E+04   0.878621E+04  -0.910603E-02   0.889659E+04   0.878659E+04   0.308338E+00
   0.449749E+00   0.925273E+04   0.787700E+04   0.124795E+00   0.124741E+00   0.153838E+03   0.863024E+04   0.903040E+04   0.863024E+04  -0.894439E-02   0.873864E+04   0.863131E+04   0.297260E+00
   0.455109E+00   0.908847E+04   0.774084E+04   0.119715E+00   0.119663E+00   0.148075E+03   0.847746E+04   0.887068E+04   0.847746E+04  -0.878605E-02   0.858395E+04   0.847894E+04   0.287406E+00
   0.460470E+00   0.892750E+04   0.760489E+04   0.114871E+00   0.114822E+00   0.142536E+03   0.832736E+04   0.871376E+04   0.832736E+04  -0.863048E-02   0.843202E+04   0.832895E+04   0.278823E+00
   0.465830E+00   0.876971E+04   0.746926E+04   0.110252E+00   0.110204E+00   0.137284E+03   0.817986E+04   0.855954E+04   0.817987E+04  -0.847762E-02   0.828277E+04   0.818130E+04   0.271334E+00
   0.471190E+00   0.861514E+04   0.733472E+04   0.105847E+00   0.105802E+00   0.132200E+03   0.803512E+04   0.840821E+04   0.803512E+04  -0.832761E-02   0.813634E+04   0.803624E+04   0.264619E+00
   0.476551E+00   0.846407E+04   0.720248E+04   0.101653E+00   0.101609E+00   0.127342E+03   0.789356E+04   0.826019E+04   0.789356E+04  -0.818089E-02   0.799313E+04   0.789430E+04   0.258308E+00
   0.481911E+00   0.831699E+04   0.707396E+04   0.976654E-01   0.976232E-01   0.122742E+03   0.775576E+04   0.811611E+04   0.775576E+04  -0.803808E-02   0.785372E+04   0.775619E+04   0.252074E+00
   0.487271E+00   0.817436E+04   0.695030E+04   0.938819E-01   0.938413E-01   0.118339E+03   0.762229E+04   0.797654E+04   0.762229E+04  -0.789975E-02   0.771866E+04   0.762254E+04   0.245703E+00
   0.492631E+00   0.803636E+04   0.683202E+04   0.902947E-01   0.902556E-01   0.114132E+03   0.749336E+04   0.784173E+04   0.749336E+04  -0.776613E-02   0.758817E+04   0.749360E+04   0.239115E+00
   0.497992E+00   0.790282E+04   0.671893E+04   0.868918E-01   0.868542E-01   0.110155E+03   0.736882E+04   0.771150E+04   0.736883E+04  -0.763705E-02   0.746209E+04   0.736919E+04   0.232356E+00
   0.503352E+00   0.777338E+04   0.661037E+04   0.836592E-01   0.836230E-01   0.106340E+03   0.724827E+04   0.758543E+04   0.724827E+04  -0.751211E-02   0.734002E+04   0.724887E+04   0.225558E+00
   0.508712E+00   0.764765E+04   0.650546E+04   0.805831E-01   0.805482E-01   0.102709E+03   0.713125E+04   0.746306E+04   0.713125E+04  -0.739083E-02   0.722153E+04   0.713213E+04   0.218892E+00
   0.514073E+00   0.752529E+04   0.640337E+04   0.776512E-01   0.776176E-01   0.992593E+02   0.701738E+04   0.734397E+04   0.701738E+04  -0.727281E-02   0.710622E+04   0.701851E+04   0.212517E+00
   0.519433E+00   0.740594E+04   0.630334E+04   0.748519E-01   0.748195E-01   0.959083E+02   0.690624E+04   0.722775E+04   0.690624E+04  -0.715763E-02   0.699369E+04   0.690756E+04   0.206546E+00
   0.524793E+00   0.728921E+04   0.620478E+04   0.721746E-01   0.721434E-01   0.927074E+02   0.679743E+04   0.711395E+04   0.679743E+04  -0.704486E-02   0.688353E+04   0.679884E+04   0.201022E+00
   0.530154E+00   0.717483E+04   0.610740E+04   0.696111E-01   0.695810E-01   0.896524E+02   0.669070E+04   0.700233E+04   0.669070E+04  -0.693424E-02   0.677549E+04   0.669210E+04   0.195921E+00
   0.535514E+00   0.706281E+04   0.601137E+04   0.671563E-01   0.671273E-01   0.867012E+02   0.658606E+04   0.689289E+04   0.658606E+04  -0.682580E-02   0.666958E+04   0.658739E+04   0.191170E+00
   0.540874E+00   0.695329E+04   0.591711E+04   0.648075E-01   0.647794E-01   0.838651E+02   0.648371E+04   0.678583E+04   0.648371E+04  -0.671971E-02   0.656599E+04   0.648493E+04   0.186668E+00
   0.546235E+00   0.684638E+04   0.582503E+04   0.625614E-01   0.625343E-01   0.811636E+02   0.638379E+04   0.668132E+04   0.638379E+04  -0.661616E-02   0.646486E+04   0.638490E+04   0.182316E+00
   0.551595E+00   0.674209E+04   0.573540E+04   0.604138E-01   0.603876E-01   0.785408E+02   0.628634E+04   0.657940E+04   0.628634E+04  -0.651516E-02   0.636622E+04   0.628738E+04   0.178035E+00
   0.556955E+00   0.664039E+04   0.564835E+04   0.583605E-01   0.583352E-01   0.760546E+02   0.619137E+04   0.648006E+04   0.619137E+04  -0.641674E-02   0.627009E+04   0.619238E+04   0.173781E+00
   0.562315E+00   0.654131E+04   0.556399E+04   0.563977E-01   0.563733E-01   0.736679E+02   0.609893E+04   0.638337E+04   0.609893E+04  -0.632093E-02   0.617650E+04   0.609996E+04   0.169546E+00
   0.567676E+00   0.644486E+04   0.548226E+04   0.545212E-01   0.544976E-01   0.713583E+02   0.600899E+04   0.628930E+04   0.600899E+04  -0.622772E-02   0.608544E+04   0.601008E+04   0.165351E+00
   0.573036E+00   0.635086E+04   0.540287E+04   0.527256E-01   0.527028E-01   0.691531E+02   0.592138E+04   0.619766E+04   0.592138E+04  -0.613692E-02   0.599674E+04   0.592256E+04   0.161237E+00
   0.578396E+00   0.625906E+04   0.532541E+04   0.510049E-01   0.509829E-01   0.670512E+02   0.583584E+04   0.610817E+04   0.583584E+04  -0.604826E-02   0.591012E+04   0.583710E+04   0.157245E+00
   0.629654E+00   0.547468E+04   0.465780E+04   0.376388E-01   0.376225E-01   0.503812E+02   0.510409E+04   0.534267E+04   0.510409E+04  -0.528988E-02   0.516927E+04   0.510537E+04   0.126406E+00
   0.769061E+00   0.397966E+04   0.338637E+04   0.183354E-01   0.183275E-01   0.254547E+02   0.370984E+04   0.388378E+04   0.370984E+04  -0.384488E-02   0.375748E+04   0.371112E+04   0.750849E-01
   0.939334E+00   0.287874E+04   0.244969E+04   0.888878E-02   0.888493E-02   0.126974E+02   0.268333E+04   0.280940E+04   0.268333E+04  -0.278100E-02   0.271792E+04   0.268442E+04   0.444311E-01
   0.114731E+01   0.207339E+04   0.176443E+04   0.429084E-02   0.428898E-02   0.626144E+01   0.193252E+04   0.202346E+04   0.193252E+04  -0.200286E-02   0.195751E+04   0.193339E+04   0.261846E-01
   0.140132E+01   0.148745E+04   0.126584E+04   0.206322E-02   0.206232E-02   0.305982E+01   0.138633E+04   0.145164E+04   0.138633E+04  -0.143680E-02   0.140429E+04   0.138700E+04   0.153728E-01
   0.171158E+01   0.106321E+04   0.904826E+03   0.988496E-03   0.988067E-03   0.148311E+01   0.990903E+03   0.103761E+04   0.990903E+03  -0.102697E-02   0.100376E+04   0.991398E+03   0.899359E-02
   0.209053E+01   0.757463E+03   0.644639E+03   0.472043E-03   0.471838E-03   0.713986E+00   0.705937E+03   0.739230E+03   0.705937E+03  -0.731633E-03   0.715102E+03   0.706299E+03   0.524506E-02
   0.255338E+01   0.537978E+03   0.457853E+03   0.224726E-03   0.224628E-03   0.342006E+00   0.501376E+03   0.525029E+03   0.501376E+03  -0.519625E-03   0.507889E+03   0.501637E+03   0.305004E-02
   0.311870E+01   0.381007E+03   0.324265E+03   0.106683E-03   0.106637E-03   0.162990E+00   0.355082E+03   0.371837E+03   0.355082E+03  -0.368006E-03   0.359696E+03   0.355267E+03   0.176902E-02
   0.380919E+01   0.269158E+03   0.229074E+03   0.505180E-04   0.504962E-04   0.774004E-01   0.250842E+03   0.262680E+03   0.250842E+03  -0.259973E-03   0.254103E+03   0.250972E+03   0.102379E-02
   0.465255E+01   0.189701E+03   0.161450E+03   0.238663E-04   0.238560E-04   0.366192E-01   0.176791E+03   0.185135E+03   0.176791E+03  -0.183226E-03   0.179090E+03   0.176881E+03   0.591397E-03
   0.568264E+01   0.133401E+03   0.113533E+03   0.112500E-04   0.112452E-04   0.172878E-01   0.124322E+03   0.130190E+03   0.124322E+03  -0.128847E-03   0.125939E+03   0.124383E+03   0.341091E-03
   0.694079E+01   0.936224E+02   0.796769E+02   0.529237E-05   0.529008E-05   0.813659E-02   0.872501E+02   0.913687E+02   0.872501E+02  -0.904259E-04   0.883851E+02   0.872900E+02   0.196528E-03
   0.847750E+01   0.655813E+02   0.558103E+02   0.248500E-05   0.248392E-05   0.382745E-02   0.611171E+02   0.640022E+02   0.611171E+02  -0.633418E-04   0.619124E+02   0.611421E+02   0.113186E-03
   0.103544E+02   0.458589E+02   0.390235E+02   0.116477E-05   0.116427E-05   0.179419E-02   0.427368E+02   0.447542E+02   0.427368E+02  -0.442923E-04   0.432931E+02   0.427510E+02   0.652128E-04
   0.126469E+02   0.320154E+02   0.272405E+02   0.545062E-06   0.544826E-06   0.838967E-03   0.298353E+02   0.312438E+02   0.298353E+02  -0.309213E-04   0.302240E+02   0.298419E+02   0.376300E-04
   0.154470E+02   0.223170E+02   0.189853E+02   0.254674E-06   0.254563E-06   0.391616E-03   0.207968E+02   0.217786E+02   0.207968E+02  -0.215538E-04   0.210680E+02   0.207979E+02   0.217806E-04
   0.188670E+02   0.155346E+02   0.132120E+02   0.118822E-06   0.118770E-06   0.182880E-03   0.144759E+02   0.151592E+02   0.144759E+02  -0.150028E-04   0.146649E+02   0.144729E+02   0.126728E-04
   0.230442E+02   0.107991E+02   0.918089E+01   0.553625E-07   0.553386E-07   0.853021E-04   0.100625E+02   0.105376E+02   0.100625E+02  -0.104288E-04   0.101942E+02   0.100566E+02   0.743389E-05
   0.281463E+02   0.749776E+01   0.637052E+01   0.257615E-07   0.257503E-07   0.397366E-04   0.698580E+01   0.731558E+01   0.698580E+01  -0.724007E-05   0.707747E+01   0.697774E+01   0.441338E-05
   0.343780E+02   0.519950E+01   0.441391E+01   0.119722E-07   0.119670E-07   0.184452E-04   0.484387E+01   0.507254E+01   0.484387E+01  -0.502018E-05   0.490772E+01   0.483418E+01   0.266467E-05
   0.419893E+02   0.360169E+01   0.305349E+01   0.555697E-08   0.555457E-08   0.853110E-05   0.335472E+01   0.351310E+01   0.335472E+01  -0.347683E-05   0.339925E+01   0.334378E+01   0.164550E-05
   0.512859E+02   0.249222E+01   0.210874E+01   0.257607E-08   0.257495E-08   0.395873E-05   0.232069E+01   0.243025E+01   0.232069E+01  -0.240516E-05   0.235180E+01   0.230875E+01   0.104545E-05
   0.626408E+02   0.172274E+01   0.145339E+01   0.119264E-08   0.119213E-08   0.183690E-05   0.160351E+01   0.167921E+01   0.160351E+01  -0.166188E-05   0.162532E+01   0.159078E+01   0.686902E-06
   0.765096E+02   0.118964E+01   0.999259E+00   0.551378E-09   0.551142E-09   0.847055E-06   0.110663E+01   0.115887E+01   0.110663E+01  -0.114691E-05   0.112201E+01   0.109325E+01   0.468220E-06
   0.934490E+02   0.820678E+00   0.684865E+00   0.254503E-09   0.254394E-09   0.393022E-06   0.762723E+00   0.798730E+00   0.762723E+00  -0.790485E-06   0.773655E+00   0.748810E+00   0.331159E-06
   0.114139E+03   0.565569E+00   0.467411E+00   0.117248E-09   0.117198E-09   0.180865E-06   0.524925E+00   0.549706E+00   0.524925E+00  -0.544031E-06   0.532788E+00   0.510588E+00   0.242262E-06
