#           k/h    P           
    0.10000E-03    0.11157E+01
    0.10202E-03    0.11375E+01
    0.10408E-03    0.11596E+01
    0.10618E-03    0.11823E+01
    0.10833E-03    0.12053E+01
    0.11052E-03    0.12288E+01
    0.11275E-03    0.12528E+01
    0.11503E-03    0.12772E+01
    0.11735E-03    0.13021E+01
    0.11972E-03    0.13275E+01
    0.12214E-03    0.13534E+01
    0.12461E-03    0.13798E+01
    0.12712E-03    0.14067E+01
    0.12969E-03    0.14342E+01
    0.13231E-03    0.14621E+01
    0.13499E-03    0.14906E+01
    0.13771E-03    0.15197E+01
    0.14049E-03    0.15493E+01
    0.14333E-03    0.15795E+01
    0.14623E-03    0.16103E+01
    0.14918E-03    0.16417E+01
    0.15220E-03    0.16738E+01
    0.15527E-03    0.17064E+01
    0.15841E-03    0.17397E+01
    0.16161E-03    0.17736E+01
    0.16487E-03    0.18082E+01
    0.16820E-03    0.18434E+01
    0.17160E-03    0.18794E+01
    0.17507E-03    0.19160E+01
    0.17860E-03    0.19534E+01
    0.18221E-03    0.19914E+01
    0.18589E-03    0.20303E+01
    0.18965E-03    0.20698E+01
    0.19348E-03    0.21102E+01
    0.19739E-03    0.21513E+01
    0.20138E-03    0.21933E+01
    0.20544E-03    0.22360E+01
    0.20959E-03    0.22796E+01
    0.21383E-03    0.23240E+01
    0.21815E-03    0.23693E+01
    0.22255E-03    0.24155E+01
    0.22705E-03    0.24626E+01
    0.23164E-03    0.25106E+01
    0.23632E-03    0.25595E+01
    0.24109E-03    0.26094E+01
    0.24596E-03    0.26602E+01
    0.25093E-03    0.27120E+01
    0.25600E-03    0.27649E+01
    0.26117E-03    0.28187E+01
    0.26645E-03    0.28737E+01
    0.27183E-03    0.29296E+01
    0.27732E-03    0.29867E+01
    0.28292E-03    0.30449E+01
    0.28864E-03    0.31042E+01
    0.29447E-03    0.31646E+01
    0.30042E-03    0.32263E+01
    0.30649E-03    0.32891E+01
    0.31268E-03    0.33531E+01
    0.31899E-03    0.34184E+01
    0.32544E-03    0.34850E+01
    0.33201E-03    0.35528E+01
    0.33872E-03    0.36220E+01
    0.34556E-03    0.36925E+01
    0.35254E-03    0.37643E+01
    0.35966E-03    0.38376E+01
    0.36693E-03    0.39122E+01
    0.37434E-03    0.39884E+01
    0.38190E-03    0.40659E+01
    0.38962E-03    0.41450E+01
    0.39749E-03    0.42257E+01
    0.40552E-03    0.43078E+01
    0.41371E-03    0.43916E+01
    0.42207E-03    0.44770E+01
    0.43060E-03    0.45640E+01
    0.43929E-03    0.46527E+01
    0.44817E-03    0.47431E+01
    0.45722E-03    0.48353E+01
    0.46646E-03    0.49292E+01
    0.47588E-03    0.50250E+01
    0.48550E-03    0.51225E+01
    0.49530E-03    0.52220E+01
    0.50531E-03    0.53234E+01
    0.51552E-03    0.54267E+01
    0.52593E-03    0.55320E+01
    0.53656E-03    0.56393E+01
    0.54739E-03    0.57487E+01
    0.55845E-03    0.58602E+01
    0.56973E-03    0.59738E+01
    0.58124E-03    0.60896E+01
    0.59299E-03    0.62076E+01
    0.60496E-03    0.63279E+01
    0.61719E-03    0.64504E+01
    0.62965E-03    0.65753E+01
    0.64237E-03    0.67026E+01
    0.65535E-03    0.68323E+01
    0.66859E-03    0.69644E+01
    0.68210E-03    0.70991E+01
    0.69588E-03    0.72363E+01
    0.70993E-03    0.73761E+01
    0.72427E-03    0.75186E+01
    0.73891E-03    0.76638E+01
    0.75383E-03    0.78117E+01
    0.76906E-03    0.79624E+01
    0.78460E-03    0.81159E+01
    0.80045E-03    0.82723E+01
    0.81662E-03    0.84317E+01
    0.83311E-03    0.85940E+01
    0.84994E-03    0.87594E+01
    0.86711E-03    0.89278E+01
    0.88463E-03    0.90995E+01
    0.90250E-03    0.92743E+01
    0.92073E-03    0.94523E+01
    0.93933E-03    0.96337E+01
    0.95831E-03    0.98184E+01
    0.97767E-03    0.10007E+02
    0.99742E-03    0.10198E+02
    0.10176E-02    0.10393E+02
    0.10381E-02    0.10592E+02
    0.10591E-02    0.10794E+02
    0.10805E-02    0.11000E+02
    0.11023E-02    0.11210E+02
    0.11246E-02    0.11424E+02
    0.11473E-02    0.11641E+02
    0.11705E-02    0.11863E+02
    0.11941E-02    0.12088E+02
    0.12182E-02    0.12317E+02
    0.12429E-02    0.12551E+02
    0.12680E-02    0.12789E+02
    0.12936E-02    0.13031E+02
    0.13197E-02    0.13277E+02
    0.13464E-02    0.13527E+02
    0.13736E-02    0.13782E+02
    0.14013E-02    0.14041E+02
    0.14296E-02    0.14305E+02
    0.14585E-02    0.14574E+02
    0.14880E-02    0.14847E+02
    0.15180E-02    0.15125E+02
    0.15487E-02    0.15407E+02
    0.15800E-02    0.15694E+02
    0.16119E-02    0.15987E+02
    0.16445E-02    0.16284E+02
    0.16777E-02    0.16586E+02
    0.17116E-02    0.16893E+02
    0.17462E-02    0.17205E+02
    0.17814E-02    0.17522E+02
    0.18174E-02    0.17844E+02
    0.18541E-02    0.18172E+02
    0.18916E-02    0.18505E+02
    0.19298E-02    0.18843E+02
    0.19688E-02    0.19186E+02
    0.20086E-02    0.19535E+02
    0.20491E-02    0.19890E+02
    0.20905E-02    0.20249E+02
    0.21328E-02    0.20614E+02
    0.21758E-02    0.20985E+02
    0.22198E-02    0.21361E+02
    0.22646E-02    0.21743E+02
    0.23104E-02    0.22131E+02
    0.23571E-02    0.22524E+02
    0.24047E-02    0.22923E+02
    0.24533E-02    0.23327E+02
    0.25028E-02    0.23737E+02
    0.25534E-02    0.24153E+02
    0.26050E-02    0.24574E+02
    0.26576E-02    0.25002E+02
    0.27113E-02    0.25434E+02
    0.27660E-02    0.25873E+02
    0.28219E-02    0.26317E+02
    0.28789E-02    0.26767E+02
    0.29371E-02    0.27222E+02
    0.29964E-02    0.27684E+02
    0.30569E-02    0.28150E+02
    0.31187E-02    0.28623E+02
    0.31817E-02    0.29100E+02
    0.32460E-02    0.29584E+02
    0.33115E-02    0.30072E+02
    0.33784E-02    0.30567E+02
    0.34467E-02    0.31066E+02
    0.35163E-02    0.31571E+02
    0.35874E-02    0.32081E+02
    0.36598E-02    0.32596E+02
    0.37338E-02    0.33116E+02
    0.38092E-02    0.33642E+02
    0.38861E-02    0.34172E+02
    0.39646E-02    0.34707E+02
    0.40447E-02    0.35247E+02
    0.41264E-02    0.35791E+02
    0.42098E-02    0.36340E+02
    0.42948E-02    0.36893E+02
    0.43816E-02    0.37450E+02
    0.44701E-02    0.38011E+02
    0.45604E-02    0.38577E+02
    0.46525E-02    0.39146E+02
    0.47465E-02    0.39718E+02
    0.48424E-02    0.40294E+02
    0.49402E-02    0.40873E+02
    0.50400E-02    0.41456E+02
    0.51419E-02    0.42041E+02
    0.52457E-02    0.42628E+02
    0.53517E-02    0.43218E+02
    0.54598E-02    0.43810E+02
    0.55701E-02    0.44403E+02
    0.56826E-02    0.44999E+02
    0.57974E-02    0.45595E+02
    0.59145E-02    0.46192E+02
    0.60340E-02    0.46790E+02
    0.61559E-02    0.47388E+02
    0.62803E-02    0.47986E+02
    0.64072E-02    0.48584E+02
    0.65366E-02    0.49180E+02
    0.66686E-02    0.49776E+02
    0.68033E-02    0.50370E+02
    0.69408E-02    0.50961E+02
    0.70810E-02    0.51550E+02
    0.72240E-02    0.52137E+02
    0.73700E-02    0.52719E+02
    0.75189E-02    0.53298E+02
    0.76708E-02    0.53873E+02
    0.78257E-02    0.54442E+02
    0.79838E-02    0.55007E+02
    0.81451E-02    0.55565E+02
    0.83096E-02    0.56117E+02
    0.84775E-02    0.56662E+02
    0.86488E-02    0.57199E+02
    0.88235E-02    0.57728E+02
    0.90017E-02    0.58248E+02
    0.91836E-02    0.58759E+02
    0.93691E-02    0.59260E+02
    0.95583E-02    0.59750E+02
    0.97514E-02    0.60229E+02
    0.99484E-02    0.60696E+02
    0.10149E-01    0.61150E+02
    0.10354E-01    0.61591E+02
    0.10564E-01    0.62018E+02
    0.10777E-01    0.62431E+02
    0.10995E-01    0.62828E+02
    0.11217E-01    0.63209E+02
    0.11443E-01    0.63573E+02
    0.11675E-01    0.63920E+02
    0.11910E-01    0.64249E+02
    0.12151E-01    0.64558E+02
    0.12397E-01    0.64848E+02
    0.12647E-01    0.65118E+02
    0.12902E-01    0.65367E+02
    0.13163E-01    0.65594E+02
    0.13429E-01    0.65799E+02
    0.13700E-01    0.65981E+02
    0.13977E-01    0.66138E+02
    0.14259E-01    0.66272E+02
    0.14547E-01    0.66380E+02
    0.14841E-01    0.66462E+02
    0.15141E-01    0.66518E+02
    0.15447E-01    0.66547E+02
    0.15759E-01    0.66549E+02
    0.16077E-01    0.66522E+02
    0.16402E-01    0.66467E+02
    0.16734E-01    0.66383E+02
    0.17072E-01    0.66269E+02
    0.17416E-01    0.66125E+02
    0.17768E-01    0.65950E+02
    0.18127E-01    0.65745E+02
    0.18493E-01    0.65509E+02
    0.18867E-01    0.65242E+02
    0.19248E-01    0.64944E+02
    0.19637E-01    0.64613E+02
    0.20034E-01    0.64251E+02
    0.20438E-01    0.63858E+02
    0.20851E-01    0.63434E+02
    0.21272E-01    0.62978E+02
    0.21702E-01    0.62492E+02
    0.22141E-01    0.61976E+02
    0.22588E-01    0.61429E+02
    0.23044E-01    0.60852E+02
    0.23510E-01    0.60245E+02
    0.23985E-01    0.59608E+02
    0.24469E-01    0.58942E+02
    0.24964E-01    0.58250E+02
    0.25468E-01    0.57535E+02
    0.25982E-01    0.56798E+02
    0.26507E-01    0.56043E+02
    0.27043E-01    0.55271E+02
    0.27589E-01    0.54481E+02
    0.28146E-01    0.53671E+02
    0.28715E-01    0.52842E+02
    0.29295E-01    0.51991E+02
    0.29887E-01    0.51121E+02
    0.30490E-01    0.50236E+02
    0.31106E-01    0.49340E+02
    0.31735E-01    0.48435E+02
    0.32376E-01    0.47526E+02
    0.33030E-01    0.46614E+02
    0.33697E-01    0.45703E+02
    0.34378E-01    0.44792E+02
    0.35072E-01    0.43885E+02
    0.35781E-01    0.42981E+02
    0.36504E-01    0.42084E+02
    0.37241E-01    0.41198E+02
    0.37993E-01    0.40325E+02
    0.38761E-01    0.39469E+02
    0.39544E-01    0.38631E+02
    0.40343E-01    0.37814E+02
    0.41158E-01    0.37018E+02
    0.41989E-01    0.36245E+02
    0.42838E-01    0.35493E+02
    0.43703E-01    0.34765E+02
    0.44586E-01    0.34062E+02
    0.45486E-01    0.33385E+02
    0.46405E-01    0.32739E+02
    0.47343E-01    0.32123E+02
    0.48299E-01    0.31540E+02
    0.49275E-01    0.30988E+02
    0.50270E-01    0.30464E+02
    0.51286E-01    0.29965E+02
    0.52322E-01    0.29490E+02
    0.53379E-01    0.29035E+02
    0.54457E-01    0.28598E+02
    0.55557E-01    0.28177E+02
    0.56680E-01    0.27770E+02
    0.57825E-01    0.27374E+02
    0.58993E-01    0.26988E+02
    0.60184E-01    0.26608E+02
    0.61400E-01    0.26233E+02
    0.62641E-01    0.25857E+02
    0.63906E-01    0.25477E+02
    0.65197E-01    0.25088E+02
    0.66514E-01    0.24685E+02
    0.67858E-01    0.24264E+02
    0.69229E-01    0.23822E+02
    0.70627E-01    0.23356E+02
    0.72054E-01    0.22863E+02
    0.73510E-01    0.22342E+02
    0.74994E-01    0.21792E+02
    0.76509E-01    0.21214E+02
    0.78055E-01    0.20611E+02
    0.79632E-01    0.19986E+02
    0.81241E-01    0.19344E+02
    0.82882E-01    0.18690E+02
    0.84556E-01    0.18029E+02
    0.86264E-01    0.17369E+02
    0.88007E-01    0.16715E+02
    0.89785E-01    0.16072E+02
    0.91598E-01    0.15448E+02
    0.93449E-01    0.14846E+02
    0.95337E-01    0.14274E+02
    0.97263E-01    0.13736E+02
    0.99227E-01    0.13236E+02
    0.10123E+00    0.12778E+02
    0.10328E+00    0.12365E+02
    0.10536E+00    0.11997E+02
    0.10749E+00    0.11673E+02
    0.10966E+00    0.11391E+02
    0.11188E+00    0.11145E+02
    0.11414E+00    0.10929E+02
    0.11644E+00    0.10733E+02
    0.11880E+00    0.10550E+02
    0.12120E+00    0.10371E+02
    0.12365E+00    0.10187E+02
    0.12614E+00    0.99898E+01
    0.12869E+00    0.97738E+01
    0.13129E+00    0.95341E+01
    0.13394E+00    0.92682E+01
    0.13665E+00    0.89757E+01
    0.13941E+00    0.86589E+01
    0.14223E+00    0.83221E+01
    0.14510E+00    0.79718E+01
    0.14803E+00    0.76157E+01
    0.15102E+00    0.72629E+01
    0.15407E+00    0.69226E+01
    0.15718E+00    0.66041E+01
    0.16036E+00    0.63152E+01
    0.16360E+00    0.60612E+01
    0.16690E+00    0.58436E+01
    0.17028E+00    0.56607E+01
    0.17371E+00    0.55070E+01
    0.17722E+00    0.53754E+01
    0.18080E+00    0.52578E+01
    0.18446E+00    0.51460E+01
    0.18818E+00    0.50315E+01
    0.19198E+00    0.49061E+01
    0.19586E+00    0.47634E+01
    0.19982E+00    0.46007E+01
    0.20386E+00    0.44201E+01
    0.20797E+00    0.42277E+01
    0.21218E+00    0.40316E+01
    0.21646E+00    0.38400E+01
    0.22083E+00    0.36601E+01
    0.22530E+00    0.34978E+01
    0.22985E+00    0.33567E+01
    0.23449E+00    0.32375E+01
    0.23923E+00    0.31370E+01
    0.24406E+00    0.30491E+01
    0.24899E+00    0.29668E+01
    0.25402E+00    0.28828E+01
    0.25915E+00    0.27917E+01
    0.26439E+00    0.26908E+01
    0.26973E+00    0.25813E+01
    0.27518E+00    0.24673E+01
    0.28074E+00    0.23542E+01
    0.28641E+00    0.22474E+01
    0.29219E+00    0.21511E+01
    0.29810E+00    0.20669E+01
    0.30412E+00    0.19937E+01
    0.31026E+00    0.19276E+01
    0.31653E+00    0.18645E+01
    0.32292E+00    0.18001E+01
    0.32945E+00    0.17322E+01
    0.33610E+00    0.16609E+01
    0.34289E+00    0.15886E+01
    0.34982E+00    0.15187E+01
    0.35689E+00    0.14538E+01
    0.36409E+00    0.13951E+01
    0.37145E+00    0.13421E+01
    0.37895E+00    0.12927E+01
    0.38661E+00    0.12444E+01
    0.39442E+00    0.11958E+01
    0.40239E+00    0.11464E+01
    0.41052E+00    0.10973E+01
    0.41881E+00    0.10503E+01
    0.42727E+00    0.10064E+01
    0.43590E+00    0.96574E+00
    0.44471E+00    0.92758E+00
    0.45369E+00    0.89068E+00
    0.46286E+00    0.85427E+00
    0.47221E+00    0.81837E+00
    0.48174E+00    0.78346E+00
    0.49148E+00    0.75029E+00
    0.50141E+00    0.71905E+00
    0.51153E+00    0.68939E+00
    0.52187E+00    0.66089E+00
    0.53241E+00    0.63313E+00
    0.54317E+00    0.60616E+00
    0.55414E+00    0.58027E+00
    0.56533E+00    0.55559E+00
    0.57675E+00    0.53211E+00
    0.58840E+00    0.50954E+00
    0.60029E+00    0.48778E+00
    0.61242E+00    0.46684E+00
    0.62479E+00    0.44674E+00
    0.63741E+00    0.42746E+00
    0.65029E+00    0.40900E+00
    0.66342E+00    0.39130E+00
    0.67683E+00    0.37434E+00
    0.69050E+00    0.35810E+00
    0.70445E+00    0.34252E+00
    0.71868E+00    0.32760E+00
    0.73320E+00    0.31330E+00
    0.74801E+00    0.29959E+00
    0.76312E+00    0.28645E+00
    0.77854E+00    0.27386E+00
    0.79426E+00    0.26179E+00
    0.81031E+00    0.25023E+00
    0.82668E+00    0.23915E+00
    0.84338E+00    0.22854E+00
    0.86041E+00    0.21838E+00
    0.87780E+00    0.20866E+00
    0.89553E+00    0.19934E+00
    0.91362E+00    0.19043E+00
    0.93208E+00    0.18189E+00
    0.95091E+00    0.17373E+00
    0.97011E+00    0.16592E+00
    0.98971E+00    0.15845E+00
    0.10097E+01    0.15130E+00
    0.10301E+01    0.14446E+00
    0.10509E+01    0.13792E+00
    0.10721E+01    0.13167E+00
    0.10938E+01    0.12569E+00
    0.11159E+01    0.11997E+00
    0.11384E+01    0.11450E+00
    0.11614E+01    0.10927E+00
    0.11849E+01    0.10428E+00
    0.12088E+01    0.99499E-01
    0.12333E+01    0.94934E-01
    0.12582E+01    0.90572E-01
    0.12836E+01    0.86403E-01
    0.13095E+01    0.82420E-01
    0.13360E+01    0.78615E-01
    0.13630E+01    0.74980E-01
    0.13905E+01    0.71507E-01
    0.14186E+01    0.68191E-01
    0.14472E+01    0.65023E-01
    0.14765E+01    0.61998E-01
    0.15063E+01    0.59110E-01
    0.15367E+01    0.56352E-01
    0.15678E+01    0.53720E-01
    0.15994E+01    0.51206E-01
    0.16318E+01    0.48807E-01
    0.16647E+01    0.46517E-01
    0.16984E+01    0.44332E-01
    0.17327E+01    0.42247E-01
    0.17677E+01    0.40257E-01
    0.18034E+01    0.38358E-01
    0.18398E+01    0.36547E-01
    0.18770E+01    0.34819E-01
    0.19149E+01    0.33170E-01
    0.19536E+01    0.31598E-01
    0.19930E+01    0.30098E-01
    0.20333E+01    0.28667E-01
    0.20744E+01    0.27303E-01
    0.21163E+01    0.26002E-01
    0.21590E+01    0.24762E-01
    0.22026E+01    0.23579E-01
    0.22471E+01    0.22452E-01
    0.22925E+01    0.21377E-01
    0.23388E+01    0.20352E-01
    0.23861E+01    0.19375E-01
    0.24343E+01    0.18445E-01
    0.24835E+01    0.17557E-01
    0.25336E+01    0.16712E-01
    0.25848E+01    0.15906E-01
    0.26370E+01    0.15138E-01
    0.26903E+01    0.14407E-01
    0.27447E+01    0.13710E-01
    0.28001E+01    0.13046E-01
    0.28567E+01    0.12414E-01
    0.29144E+01    0.11811E-01
    0.29733E+01    0.11238E-01
    0.30333E+01    0.10691E-01
    0.30946E+01    0.10171E-01
    0.31571E+01    0.96753E-02
    0.32209E+01    0.92035E-02
    0.32860E+01    0.87542E-02
    0.33523E+01    0.83265E-02
    0.34201E+01    0.79192E-02
    0.34892E+01    0.75316E-02
    0.35596E+01    0.71626E-02
    0.36316E+01    0.68113E-02
    0.37049E+01    0.64769E-02
    0.37798E+01    0.61587E-02
    0.38561E+01    0.58559E-02
    0.39340E+01    0.55676E-02
    0.40135E+01    0.52934E-02
    0.40946E+01    0.50324E-02
    0.41773E+01    0.47840E-02
    0.42617E+01    0.45477E-02
    0.43478E+01    0.43229E-02
    0.44356E+01    0.41090E-02
    0.45252E+01    0.39055E-02
    0.46166E+01    0.37119E-02
    0.47099E+01    0.35277E-02
    0.48050E+01    0.33526E-02
    0.49021E+01    0.31859E-02
    0.50011E+01    0.30275E-02
    0.51021E+01    0.28768E-02
    0.52052E+01    0.27334E-02
    0.53104E+01    0.25971E-02
    0.54176E+01    0.24675E-02
    0.55271E+01    0.23443E-02
    0.56387E+01    0.22271E-02
    0.57526E+01    0.21157E-02
    0.58689E+01    0.20099E-02
    0.59874E+01    0.19092E-02
    0.61084E+01    0.18135E-02
    0.62318E+01    0.17225E-02
    0.63577E+01    0.16360E-02
    0.64861E+01    0.15539E-02
    0.66171E+01    0.14757E-02
    0.67508E+01    0.14015E-02
    0.68872E+01    0.13309E-02
    0.70263E+01    0.12639E-02
    0.71682E+01    0.12002E-02
    0.73130E+01    0.11396E-02
    0.74608E+01    0.10821E-02
    0.76115E+01    0.10274E-02
    0.77653E+01    0.97544E-03
    0.79221E+01    0.92609E-03
    0.80822E+01    0.87920E-03
    0.82454E+01    0.83466E-03
    0.84120E+01    0.79235E-03
    0.85819E+01    0.75215E-03
    0.87553E+01    0.71397E-03
    0.89322E+01    0.67771E-03
    0.91126E+01    0.64326E-03
    0.92967E+01    0.61054E-03
    0.94845E+01    0.57947E-03
    0.96761E+01    0.54996E-03
    0.98716E+01    0.52194E-03
    0.10071E+02    0.49533E-03
    0.10274E+02    0.47006E-03
    0.10482E+02    0.44606E-03
    0.10694E+02    0.42328E-03
    0.10910E+02    0.40164E-03
    0.11130E+02    0.38110E-03
    0.11355E+02    0.36160E-03
    0.11584E+02    0.34309E-03
    0.11818E+02    0.32551E-03
    0.12057E+02    0.30882E-03
    0.12301E+02    0.29298E-03
    0.12549E+02    0.27795E-03
    0.12803E+02    0.26368E-03
    0.13061E+02    0.25013E-03
    0.13325E+02    0.23727E-03
    0.13594E+02    0.22507E-03
    0.13869E+02    0.21348E-03
    0.14149E+02    0.20249E-03
    0.14435E+02    0.19206E-03
    0.14727E+02    0.18216E-03
    0.15024E+02    0.17276E-03
    0.15328E+02    0.16385E-03
    0.15637E+02    0.15539E-03
    0.15953E+02    0.14736E-03
    0.16275E+02    0.13975E-03
    0.16604E+02    0.13252E-03
    0.16940E+02    0.12567E-03
    0.17282E+02    0.11916E-03
    0.17631E+02    0.11299E-03
    0.17987E+02    0.10714E-03
    0.18351E+02    0.10158E-03
    0.18721E+02    0.96313E-04
    0.19099E+02    0.91315E-04
    0.19485E+02    0.86574E-04
    0.19879E+02    0.82077E-04
    0.20280E+02    0.77812E-04
    0.20690E+02    0.73766E-04
    0.21108E+02    0.69929E-04
    0.21535E+02    0.66290E-04
    0.21970E+02    0.62838E-04
    0.22413E+02    0.59565E-04
    0.22866E+02    0.56460E-04
    0.23328E+02    0.53516E-04
    0.23799E+02    0.50725E-04
    0.24280E+02    0.48077E-04
    0.24771E+02    0.45567E-04
    0.25271E+02    0.43187E-04
    0.25782E+02    0.40930E-04
    0.26302E+02    0.38790E-04
    0.26834E+02    0.36761E-04
    0.27376E+02    0.34837E-04
    0.27929E+02    0.33013E-04
    0.28493E+02    0.31284E-04
    0.29069E+02    0.29644E-04
    0.29656E+02    0.28090E-04
    0.30255E+02    0.26617E-04
    0.30866E+02    0.25220E-04
    0.31490E+02    0.23896E-04
    0.32126E+02    0.22641E-04
    0.32775E+02    0.21452E-04
    0.33437E+02    0.20324E-04
    0.34112E+02    0.19255E-04
    0.34801E+02    0.18242E-04
    0.35504E+02    0.17282E-04
    0.36222E+02    0.16372E-04
    0.36953E+02    0.15510E-04
    0.37700E+02    0.14692E-04
    0.38462E+02    0.13918E-04
    0.39239E+02    0.13184E-04
    0.40031E+02    0.12488E-04
    0.40840E+02    0.11829E-04
    0.41665E+02    0.11204E-04
    0.42507E+02    0.10612E-04
    0.43365E+02    0.10051E-04
    0.44241E+02    0.95196E-05
    0.45135E+02    0.90160E-05
    0.46047E+02    0.85388E-05
    0.46977E+02    0.80867E-05
    0.47926E+02    0.76583E-05
    0.48894E+02    0.72525E-05
    0.49882E+02    0.68680E-05
    0.50890E+02    0.65037E-05
    0.51918E+02    0.61586E-05
    0.52966E+02    0.58317E-05
    0.54036E+02    0.55220E-05
    0.55128E+02    0.52286E-05
    0.56242E+02    0.49507E-05
    0.57378E+02    0.46875E-05
    0.58537E+02    0.44381E-05
    0.59720E+02    0.42019E-05
    0.60926E+02    0.39781E-05
    0.62157E+02    0.37662E-05
    0.63412E+02    0.35655E-05
    0.64693E+02    0.33754E-05
    0.66000E+02    0.31953E-05
    0.67334E+02    0.30248E-05
    0.68694E+02    0.28633E-05
    0.70082E+02    0.27103E-05
    0.71497E+02    0.25655E-05
    0.72942E+02    0.24283E-05
    0.74415E+02    0.22984E-05
    0.75918E+02    0.21754E-05
    0.77452E+02    0.20589E-05
    0.79017E+02    0.19487E-05
    0.80613E+02    0.18442E-05
    0.82241E+02    0.17454E-05
    0.83903E+02    0.16517E-05
    0.85598E+02    0.15631E-05
    0.87327E+02    0.14791E-05
    0.89091E+02    0.13996E-05
    0.90891E+02    0.13244E-05
    0.92727E+02    0.12531E-05
    0.94600E+02    0.11856E-05
    0.96511E+02    0.11217E-05
    0.98461E+02    0.10612E-05
    0.10045E+03    0.10040E-05
    0.10248E+03    0.94977E-06
    0.10455E+03    0.89849E-06
    0.10666E+03    0.84995E-06
    0.10882E+03    0.80403E-06
    0.11101E+03    0.76058E-06
    0.11326E+03    0.71947E-06
