#          k/h    CDM            baryon         photon         nu             mass_nu        total          no_nu          total_de       Weyl           v_CDM          v_b            v_b-v_c     
   0.105163E-04   0.870362E+07   0.870362E+07   0.116024E+08   0.116023E+08   0.870378E+07   0.870362E+07   0.870362E+07   0.871195E+07  -0.590356E+00   0.828504E+07   0.828504E+07   0.107600E+02
   0.116112E-04   0.870362E+07   0.870362E+07   0.116019E+08   0.116018E+08   0.870378E+07   0.870362E+07   0.870362E+07   0.871194E+07  -0.590356E+00   0.828504E+07   0.828504E+07   0.118800E+02
   0.128200E-04   0.870361E+07   0.870361E+07   0.116013E+08   0.116011E+08   0.870378E+07   0.870362E+07   0.870361E+07   0.871194E+07  -0.590356E+00   0.828504E+07   0.828504E+07   0.131166E+02
   0.141547E-04   0.870361E+07   0.870361E+07   0.116005E+08   0.116003E+08   0.870378E+07   0.870362E+07   0.870361E+07   0.871194E+07  -0.590355E+00   0.828503E+07   0.828503E+07   0.144818E+02
   0.156284E-04   0.870361E+07   0.870360E+07   0.115995E+08   0.115993E+08   0.870377E+07   0.870361E+07   0.870361E+07   0.871193E+07  -0.590355E+00   0.828503E+07   0.828503E+07   0.159891E+02
   0.172555E-04   0.870360E+07   0.870360E+07   0.115984E+08   0.115981E+08   0.870377E+07   0.870361E+07   0.870360E+07   0.871193E+07  -0.590355E+00   0.828502E+07   0.828502E+07   0.176530E+02
   0.190520E-04   0.870360E+07   0.870360E+07   0.115970E+08   0.115966E+08   0.870376E+07   0.870360E+07   0.870360E+07   0.871192E+07  -0.590354E+00   0.828502E+07   0.828502E+07   0.194900E+02
   0.210355E-04   0.870359E+07   0.870359E+07   0.115952E+08   0.115949E+08   0.870376E+07   0.870360E+07   0.870359E+07   0.871192E+07  -0.590354E+00   0.828501E+07   0.828501E+07   0.215179E+02
   0.232256E-04   0.870358E+07   0.870358E+07   0.115931E+08   0.115927E+08   0.870375E+07   0.870359E+07   0.870358E+07   0.871191E+07  -0.590353E+00   0.828501E+07   0.828500E+07   0.237565E+02
   0.256436E-04   0.870357E+07   0.870357E+07   0.115906E+08   0.115900E+08   0.870374E+07   0.870358E+07   0.870357E+07   0.871190E+07  -0.590352E+00   0.828500E+07   0.828500E+07   0.262276E+02
   0.283134E-04   0.870356E+07   0.870356E+07   0.115874E+08   0.115868E+08   0.870373E+07   0.870357E+07   0.870356E+07   0.871188E+07  -0.590351E+00   0.828499E+07   0.828498E+07   0.289552E+02
   0.312612E-04   0.870355E+07   0.870354E+07   0.115836E+08   0.115828E+08   0.870371E+07   0.870355E+07   0.870355E+07   0.871186E+07  -0.590350E+00   0.828497E+07   0.828497E+07   0.319657E+02
   0.345158E-04   0.870353E+07   0.870353E+07   0.115790E+08   0.115780E+08   0.870369E+07   0.870354E+07   0.870353E+07   0.871184E+07  -0.590349E+00   0.828496E+07   0.828495E+07   0.352883E+02
   0.381093E-04   0.870351E+07   0.870350E+07   0.115733E+08   0.115721E+08   0.870367E+07   0.870352E+07   0.870351E+07   0.871182E+07  -0.590347E+00   0.828494E+07   0.828493E+07   0.389548E+02
   0.420769E-04   0.870348E+07   0.870348E+07   0.115665E+08   0.115649E+08   0.870364E+07   0.870349E+07   0.870348E+07   0.871179E+07  -0.590345E+00   0.828491E+07   0.828491E+07   0.430006E+02
   0.464576E-04   0.870345E+07   0.870345E+07   0.115581E+08   0.115562E+08   0.870361E+07   0.870346E+07   0.870345E+07   0.871175E+07  -0.590342E+00   0.828488E+07   0.828488E+07   0.474643E+02
   0.512944E-04   0.870342E+07   0.870341E+07   0.115479E+08   0.115456E+08   0.870357E+07   0.870342E+07   0.870341E+07   0.871170E+07  -0.590339E+00   0.828485E+07   0.828484E+07   0.523880E+02
   0.566347E-04   0.870337E+07   0.870336E+07   0.115354E+08   0.115327E+08   0.870352E+07   0.870337E+07   0.870337E+07   0.871165E+07  -0.590335E+00   0.828480E+07   0.828479E+07   0.578182E+02
   0.625311E-04   0.870331E+07   0.870330E+07   0.115203E+08   0.115169E+08   0.870346E+07   0.870332E+07   0.870331E+07   0.871158E+07  -0.590330E+00   0.828475E+07   0.828474E+07   0.638055E+02
   0.690413E-04   0.870324E+07   0.870323E+07   0.115018E+08   0.114977E+08   0.870339E+07   0.870325E+07   0.870324E+07   0.871150E+07  -0.590324E+00   0.828469E+07   0.828467E+07   0.704049E+02
   0.762293E-04   0.870316E+07   0.870314E+07   0.114794E+08   0.114744E+08   0.870330E+07   0.870316E+07   0.870316E+07   0.871140E+07  -0.590317E+00   0.828461E+07   0.828459E+07   0.776765E+02
   0.841656E-04   0.870306E+07   0.870304E+07   0.114520E+08   0.114460E+08   0.870319E+07   0.870306E+07   0.870305E+07   0.871127E+07  -0.590308E+00   0.828451E+07   0.828449E+07   0.856850E+02
   0.929282E-04   0.870293E+07   0.870291E+07   0.114188E+08   0.114115E+08   0.870306E+07   0.870293E+07   0.870293E+07   0.871112E+07  -0.590298E+00   0.828439E+07   0.828437E+07   0.945003E+02
   0.102603E-03   0.870278E+07   0.870275E+07   0.113785E+08   0.113695E+08   0.870290E+07   0.870278E+07   0.870278E+07   0.871094E+07  -0.590285E+00   0.828425E+07   0.828422E+07   0.104197E+03
   0.113285E-03   0.870260E+07   0.870256E+07   0.113294E+08   0.113186E+08   0.870271E+07   0.870260E+07   0.870259E+07   0.871072E+07  -0.590269E+00   0.828407E+07   0.828404E+07   0.114855E+03
   0.125080E-03   0.870237E+07   0.870232E+07   0.112699E+08   0.112568E+08   0.870247E+07   0.870237E+07   0.870236E+07   0.871045E+07  -0.590250E+00   0.828386E+07   0.828381E+07   0.126556E+03
   0.138102E-03   0.870210E+07   0.870204E+07   0.111978E+08   0.111818E+08   0.870218E+07   0.870209E+07   0.870209E+07   0.871012E+07  -0.590226E+00   0.828360E+07   0.828354E+07   0.139389E+03
   0.152480E-03   0.870176E+07   0.870169E+07   0.111105E+08   0.110911E+08   0.870183E+07   0.870176E+07   0.870175E+07   0.870972E+07  -0.590198E+00   0.828329E+07   0.828322E+07   0.153440E+03
   0.168355E-03   0.870136E+07   0.870127E+07   0.110050E+08   0.109815E+08   0.870140E+07   0.870135E+07   0.870134E+07   0.870924E+07  -0.590163E+00   0.828290E+07   0.828282E+07   0.168797E+03
   0.185882E-03   0.870086E+07   0.870076E+07   0.108776E+08   0.108492E+08   0.870088E+07   0.870085E+07   0.870085E+07   0.870864E+07  -0.590121E+00   0.828243E+07   0.828233E+07   0.185543E+03
   0.205235E-03   0.870026E+07   0.870013E+07   0.107243E+08   0.106901E+08   0.870024E+07   0.870024E+07   0.870024E+07   0.870793E+07  -0.590070E+00   0.828186E+07   0.828174E+07   0.203753E+03
   0.226602E-03   0.869953E+07   0.869938E+07   0.105401E+08   0.104990E+08   0.869946E+07   0.869950E+07   0.869950E+07   0.870705E+07  -0.590008E+00   0.828117E+07   0.828102E+07   0.223487E+03
   0.250194E-03   0.869864E+07   0.869845E+07   0.103198E+08   0.102704E+08   0.869852E+07   0.869861E+07   0.869861E+07   0.870600E+07  -0.589932E+00   0.828033E+07   0.828014E+07   0.244781E+03
   0.276242E-03   0.869756E+07   0.869733E+07   0.100572E+08   0.999820E+07   0.869738E+07   0.869752E+07   0.869752E+07   0.870472E+07  -0.589841E+00   0.827930E+07   0.827908E+07   0.267637E+03
   0.305002E-03   0.869625E+07   0.869597E+07   0.974591E+07   0.967563E+07   0.869599E+07   0.869619E+07   0.869620E+07   0.870317E+07  -0.589731E+00   0.827806E+07   0.827779E+07   0.292011E+03
   0.336756E-03   0.869465E+07   0.869432E+07   0.937905E+07   0.929582E+07   0.869430E+07   0.869459E+07   0.869460E+07   0.870130E+07  -0.589597E+00   0.827654E+07   0.827622E+07   0.317789E+03
   0.371817E-03   0.869272E+07   0.869233E+07   0.895002E+07   0.885209E+07   0.869226E+07   0.869264E+07   0.869266E+07   0.869904E+07  -0.589437E+00   0.827471E+07   0.827432E+07   0.344773E+03
   0.410527E-03   0.869039E+07   0.868991E+07   0.845301E+07   0.833869E+07   0.868979E+07   0.869029E+07   0.869031E+07   0.869633E+07  -0.589243E+00   0.827249E+07   0.827203E+07   0.372648E+03
   0.453268E-03   0.868757E+07   0.868700E+07   0.788387E+07   0.775168E+07   0.868680E+07   0.868745E+07   0.868748E+07   0.869307E+07  -0.589011E+00   0.826980E+07   0.826926E+07   0.400960E+03
   0.500458E-03   0.868417E+07   0.868349E+07   0.724144E+07   0.709039E+07   0.868319E+07   0.868402E+07   0.868406E+07   0.868918E+07  -0.588733E+00   0.826656E+07   0.826591E+07   0.429082E+03
   0.552561E-03   0.868007E+07   0.867926E+07   0.652910E+07   0.635898E+07   0.867885E+07   0.867989E+07   0.867994E+07   0.868453E+07  -0.588402E+00   0.826265E+07   0.826189E+07   0.456191E+03
   0.610090E-03   0.867515E+07   0.867420E+07   0.575669E+07   0.556847E+07   0.867362E+07   0.867493E+07   0.867500E+07   0.867902E+07  -0.588008E+00   0.825794E+07   0.825706E+07   0.481252E+03
   0.673607E-03   0.866926E+07   0.866814E+07   0.494228E+07   0.473854E+07   0.866736E+07   0.866900E+07   0.866908E+07   0.867250E+07  -0.587543E+00   0.825230E+07   0.825128E+07   0.503019E+03
   0.743737E-03   0.866223E+07   0.866093E+07   0.411350E+07   0.389882E+07   0.865988E+07   0.866192E+07   0.866202E+07   0.866482E+07  -0.586997E+00   0.824556E+07   0.824439E+07   0.520080E+03
   0.821169E-03   0.865387E+07   0.865237E+07   0.330742E+07   0.308860E+07   0.865097E+07   0.865351E+07   0.865363E+07   0.865583E+07  -0.586357E+00   0.823752E+07   0.823621E+07   0.530945E+03
   0.906662E-03   0.864397E+07   0.864227E+07   0.256790E+07   0.235381E+07   0.864040E+07   0.864354E+07   0.864369E+07   0.864534E+07  -0.585613E+00   0.822799E+07   0.822653E+07   0.534196E+03
   0.100106E-02   0.863230E+07   0.863038E+07   0.193920E+07   0.174003E+07   0.862791E+07   0.863180E+07   0.863199E+07   0.863315E+07  -0.584752E+00   0.821674E+07   0.821514E+07   0.528714E+03
   0.110528E-02   0.861860E+07   0.861648E+07   0.145553E+07   0.128129E+07   0.861323E+07   0.861803E+07   0.861826E+07   0.861904E+07  -0.583760E+00   0.820352E+07   0.820180E+07   0.513947E+03
   0.122035E-02   0.860260E+07   0.860030E+07   0.112810E+07   0.986543E+06   0.859603E+07   0.860195E+07   0.860223E+07   0.860273E+07  -0.582622E+00   0.818807E+07   0.818627E+07   0.490179E+03
   0.134740E-02   0.858402E+07   0.858155E+07   0.934782E+06   0.829251E+06   0.857595E+07   0.858327E+07   0.858362E+07   0.858392E+07  -0.581319E+00   0.817013E+07   0.816826E+07   0.458681E+03
   0.148768E-02   0.856250E+07   0.855991E+07   0.820835E+06   0.749108E+06   0.855263E+07   0.856166E+07   0.856208E+07   0.856223E+07  -0.579827E+00   0.814938E+07   0.814749E+07   0.421657E+03
   0.164257E-02   0.853771E+07   0.853504E+07   0.718768E+06   0.674027E+06   0.852565E+07   0.853676E+07   0.853728E+07   0.853726E+07  -0.578121E+00   0.812551E+07   0.812362E+07   0.381871E+03
   0.181358E-02   0.850924E+07   0.850651E+07   0.585223E+06   0.559158E+06   0.849454E+07   0.850815E+07   0.850879E+07   0.850857E+07  -0.576168E+00   0.809815E+07   0.809628E+07   0.342061E+03
   0.200239E-02   0.847662E+07   0.847388E+07   0.432049E+06   0.418066E+06   0.845876E+07   0.847540E+07   0.847618E+07   0.847570E+07  -0.573936E+00   0.806686E+07   0.806502E+07   0.304397E+03
   0.221086E-02   0.843939E+07   0.843661E+07   0.314183E+06   0.307650E+06   0.841770E+07   0.843798E+07   0.843894E+07   0.843821E+07  -0.571389E+00   0.803118E+07   0.802937E+07   0.270305E+03
   0.244104E-02   0.839698E+07   0.839415E+07   0.264619E+06   0.260269E+06   0.837070E+07   0.839536E+07   0.839652E+07   0.839555E+07  -0.568492E+00   0.799054E+07   0.798877E+07   0.240703E+03
   0.269518E-02   0.834881E+07   0.834588E+07   0.244052E+06   0.211024E+06   0.831702E+07   0.834692E+07   0.834834E+07   0.834709E+07  -0.565204E+00   0.794440E+07   0.794265E+07   0.216072E+03
   0.297578E-02   0.829425E+07   0.829115E+07   0.196867E+06   0.171972E+06   0.825588E+07   0.829204E+07   0.829375E+07   0.829218E+07  -0.561482E+00   0.789215E+07   0.789039E+07   0.195944E+03
   0.328559E-02   0.823261E+07   0.822929E+07   0.145431E+06   0.140019E+06   0.818640E+07   0.823002E+07   0.823208E+07   0.823012E+07  -0.557277E+00   0.783312E+07   0.783135E+07   0.178601E+03
   0.362766E-02   0.816318E+07   0.815958E+07   0.127772E+06   0.113884E+06   0.810768E+07   0.816012E+07   0.816260E+07   0.816021E+07  -0.552540E+00   0.776663E+07   0.776485E+07   0.162229E+03
   0.400534E-02   0.808517E+07   0.808129E+07   0.102979E+06   0.925207E+05   0.801872E+07   0.808158E+07   0.808455E+07   0.808165E+07  -0.547218E+00   0.769192E+07   0.769015E+07   0.146322E+03
   0.442234E-02   0.799779E+07   0.799357E+07   0.771201E+05   0.750682E+05   0.791850E+07   0.799357E+07   0.799711E+07   0.799362E+07  -0.541256E+00   0.760822E+07   0.760647E+07   0.131326E+03
   0.488276E-02   0.790018E+07   0.789556E+07   0.724337E+05   0.608199E+05   0.780598E+07   0.789522E+07   0.789943E+07   0.789527E+07  -0.534595E+00   0.751471E+07   0.751297E+07   0.117982E+03
   0.539111E-02   0.779147E+07   0.778633E+07   0.515911E+05   0.491972E+05   0.768008E+07   0.778566E+07   0.779064E+07   0.778570E+07  -0.527174E+00   0.741055E+07   0.740882E+07   0.106581E+03
   0.595239E-02   0.767077E+07   0.766502E+07   0.435470E+05   0.397243E+05   0.753980E+07   0.766398E+07   0.766984E+07   0.766401E+07  -0.518934E+00   0.729489E+07   0.729316E+07   0.963167E+02
   0.657210E-02   0.753721E+07   0.753073E+07   0.330849E+05   0.320118E+05   0.738416E+07   0.752932E+07   0.753616E+07   0.752934E+07  -0.509814E+00   0.716689E+07   0.716517E+07   0.867255E+02
   0.725633E-02   0.738993E+07   0.738258E+07   0.259919E+05   0.257398E+05   0.721231E+07   0.738080E+07   0.738874E+07   0.738082E+07  -0.499757E+00   0.702573E+07   0.702402E+07   0.780913E+02
   0.801180E-02   0.722813E+07   0.721973E+07   0.224483E+05   0.206460E+05   0.702357E+07   0.721762E+07   0.722677E+07   0.721764E+07  -0.488707E+00   0.687066E+07   0.686895E+07   0.705366E+02
   0.884592E-02   0.705108E+07   0.704145E+07   0.173037E+05   0.165155E+05   0.681739E+07   0.703907E+07   0.704952E+07   0.703908E+07  -0.476617E+00   0.670097E+07   0.669927E+07   0.636934E+02
   0.976688E-02   0.685818E+07   0.684708E+07   0.133757E+05   0.131719E+05   0.659346E+07   0.684454E+07   0.685639E+07   0.684455E+07  -0.463445E+00   0.651612E+07   0.651442E+07   0.575488E+02
   0.107837E-01   0.664894E+07   0.663613E+07   0.105847E+05   0.104705E+05   0.635163E+07   0.663357E+07   0.664687E+07   0.663358E+07  -0.449160E+00   0.631564E+07   0.631394E+07   0.521197E+02
   0.119064E-01   0.642305E+07   0.640823E+07   0.830980E+04   0.829287E+04   0.609196E+07   0.640585E+07   0.642066E+07   0.640586E+07  -0.433741E+00   0.609925E+07   0.609755E+07   0.472531E+02
   0.131460E-01   0.618037E+07   0.616324E+07   0.679573E+04   0.654176E+04   0.581475E+07   0.616126E+07   0.617761E+07   0.616127E+07  -0.417179E+00   0.586683E+07   0.586512E+07   0.429465E+02
   0.145147E-01   0.592099E+07   0.590122E+07   0.523785E+04   0.513753E+04   0.552061E+07   0.589991E+07   0.591780E+07   0.589991E+07  -0.399483E+00   0.561848E+07   0.561676E+07   0.391076E+02
   0.160258E-01   0.564528E+07   0.562252E+07   0.393034E+04   0.401499E+04   0.521067E+07   0.562219E+07   0.564160E+07   0.562219E+07  -0.380678E+00   0.535457E+07   0.535284E+07   0.356891E+02
   0.176943E-01   0.535398E+07   0.532792E+07   0.314515E+04   0.312085E+04   0.488664E+07   0.532891E+07   0.534977E+07   0.532891E+07  -0.360820E+00   0.507586E+07   0.507412E+07   0.326247E+02
   0.195365E-01   0.504834E+07   0.501873E+07   0.262353E+04   0.241155E+04   0.455085E+07   0.502136E+07   0.504355E+07   0.502136E+07  -0.339996E+00   0.478357E+07   0.478181E+07   0.298480E+02
   0.215705E-01   0.473023E+07   0.469689E+07   0.198900E+04   0.185152E+04   0.420590E+07   0.470147E+07   0.472484E+07   0.470147E+07  -0.318336E+00   0.447952E+07   0.447775E+07   0.272926E+02
   0.238162E-01   0.440221E+07   0.436515E+07   0.153843E+04   0.141175E+04   0.385471E+07   0.437183E+07   0.439622E+07   0.437184E+07  -0.296016E+00   0.416619E+07   0.416440E+07   0.248906E+02
   0.262957E-01   0.406776E+07   0.402720E+07   0.103238E+04   0.106861E+04   0.350120E+07   0.403598E+07   0.406120E+07   0.403598E+07  -0.273276E+00   0.384690E+07   0.384510E+07   0.225703E+02
   0.290334E-01   0.373338E+07   0.368988E+07   0.918370E+03   0.803280E+03   0.314948E+07   0.370036E+07   0.372635E+07   0.370037E+07  -0.250551E+00   0.352779E+07   0.352602E+07   0.202710E+02
   0.320561E-01   0.340179E+07   0.335630E+07   0.678868E+03   0.599427E+03   0.280920E+07   0.336808E+07   0.339444E+07   0.336808E+07  -0.228052E+00   0.321179E+07   0.321006E+07   0.179372E+02
   0.353936E-01   0.308264E+07   0.303655E+07   0.443014E+03   0.444808E+03   0.248684E+07   0.304869E+07   0.307519E+07   0.304869E+07  -0.206426E+00   0.290801E+07   0.290635E+07   0.155425E+02
   0.390784E-01   0.278374E+07   0.273886E+07   0.342139E+03   0.328909E+03   0.218889E+07   0.275002E+07   0.277649E+07   0.275002E+07  -0.186204E+00   0.262390E+07   0.262235E+07   0.130887E+02
   0.431470E-01   0.251399E+07   0.247237E+07   0.236942E+03   0.243223E+03   0.192196E+07   0.248091E+07   0.250727E+07   0.248091E+07  -0.167982E+00   0.236788E+07   0.236650E+07   0.106238E+02
   0.474616E-01   0.228589E+07   0.224930E+07   0.189263E+03   0.182464E+03   0.169688E+07   0.225371E+07   0.227998E+07   0.225371E+07  -0.152598E+00   0.215175E+07   0.215056E+07   0.832797E+01
   0.517763E-01   0.210753E+07   0.207678E+07   0.146413E+03   0.141148E+03   0.151990E+07   0.207632E+07   0.210256E+07   0.207632E+07  -0.140587E+00   0.198302E+07   0.198202E+07   0.640469E+01
   0.560910E-01   0.196348E+07   0.193855E+07   0.116074E+03   0.111895E+03   0.137611E+07   0.193317E+07   0.195945E+07   0.193317E+07  -0.130895E+00   0.184689E+07   0.184606E+07   0.487546E+01
   0.604057E-01   0.184197E+07   0.182212E+07   0.937718E+02   0.903927E+02   0.125494E+07   0.181247E+07   0.183876E+07   0.181247E+07  -0.122722E+00   0.173211E+07   0.173143E+07   0.373547E+01
   0.647204E-01   0.173460E+07   0.171861E+07   0.768256E+02   0.740544E+02   0.114916E+07   0.170576E+07   0.173202E+07   0.170576E+07  -0.115497E+00   0.163063E+07   0.163005E+07   0.295140E+01
   0.690351E-01   0.163380E+07   0.162022E+07   0.635130E+02   0.612197E+02   0.105276E+07   0.160553E+07   0.163160E+07   0.160553E+07  -0.108710E+00   0.153527E+07   0.153476E+07   0.246442E+01
   0.733498E-01   0.153485E+07   0.152231E+07   0.527777E+02   0.508702E+02   0.962092E+06   0.150712E+07   0.153282E+07   0.150712E+07  -0.102047E+00   0.144160E+07   0.144111E+07   0.220202E+01
   0.776645E-01   0.143625E+07   0.142359E+07   0.439852E+02   0.423940E+02   0.875991E+06   0.140906E+07   0.143420E+07   0.140906E+07  -0.954073E-01   0.134820E+07   0.134771E+07   0.208825E+01
   0.819792E-01   0.133921E+07   0.132569E+07   0.367514E+02   0.354208E+02   0.794967E+06   0.131261E+07   0.133702E+07   0.131261E+07  -0.888765E-01   0.125627E+07   0.125577E+07   0.205293E+01
   0.862939E-01   0.124635E+07   0.123166E+07   0.308186E+02   0.297018E+02   0.720252E+06   0.122039E+07   0.124397E+07   0.122039E+07  -0.826320E-01   0.116834E+07   0.116781E+07   0.203841E+01
   0.906086E-01   0.116023E+07   0.114450E+07   0.259807E+02   0.250384E+02   0.652937E+06   0.113495E+07   0.115768E+07   0.113495E+07  -0.768473E-01   0.108685E+07   0.108630E+07   0.200364E+01
   0.959689E-01   0.106556E+07   0.104916E+07   0.212307E+02   0.204599E+02   0.580545E+06   0.104118E+07   0.106291E+07   0.104118E+07  -0.704983E-01   0.997381E+06   0.996831E+06   0.189916E+01
   0.101329E+00   0.986826E+06   0.970738E+06   0.176082E+02   0.169683E+02   0.520843E+06   0.963356E+06   0.984226E+06   0.963356E+06  -0.652286E-01   0.923115E+06   0.922589E+06   0.172046E+01
   0.106690E+00   0.924540E+06   0.909713E+06   0.148606E+02   0.143201E+02   0.473043E+06   0.901917E+06   0.922144E+06   0.901917E+06  -0.610686E-01   0.864499E+06   0.864020E+06   0.148805E+01
   0.112050E+00   0.876354E+06   0.863447E+06   0.127563E+02   0.122919E+02   0.434961E+06   0.854482E+06   0.874268E+06   0.854482E+06  -0.578568E-01   0.819263E+06   0.818845E+06   0.123713E+01
   0.117410E+00   0.837626E+06   0.826858E+06   0.110939E+02   0.106896E+02   0.403513E+06   0.816412E+06   0.835886E+06   0.816412E+06  -0.552790E-01   0.782972E+06   0.782616E+06   0.100390E+01
   0.122770E+00   0.803318E+06   0.794471E+06   0.972175E+01   0.936715E+01   0.375782E+06   0.782697E+06   0.801888E+06   0.782697E+06  -0.529962E-01   0.750834E+06   0.750531E+06   0.815750E+00
   0.128131E+00   0.769572E+06   0.762104E+06   0.854210E+01   0.823026E+01   0.349699E+06   0.749508E+06   0.768365E+06   0.749508E+06  -0.507490E-01   0.719178E+06   0.718913E+06   0.686050E+00
   0.133491E+00   0.734242E+06   0.727471E+06   0.750054E+01   0.722651E+01   0.324198E+06   0.714728E+06   0.733147E+06   0.714728E+06  -0.483941E-01   0.685977E+06   0.685730E+06   0.613524E+00
   0.138851E+00   0.696854E+06   0.690151E+06   0.657186E+01   0.633157E+01   0.299066E+06   0.677903E+06   0.695771E+06   0.677903E+06  -0.459007E-01   0.650792E+06   0.650546E+06   0.585432E+00
   0.144212E+00   0.658263E+06   0.651194E+06   0.574775E+01   0.553744E+01   0.274666E+06   0.639895E+06   0.657121E+06   0.639895E+06  -0.433271E-01   0.614450E+06   0.614196E+06   0.582949E+00
   0.149572E+00   0.620122E+06   0.612520E+06   0.502708E+01   0.484301E+01   0.251658E+06   0.602353E+06   0.618893E+06   0.602353E+06  -0.407852E-01   0.578535E+06   0.578270E+06   0.586921E+00
   0.154932E+00   0.584381E+06   0.576343E+06   0.440972E+01   0.424814E+01   0.230744E+06   0.567213E+06   0.583082E+06   0.567213E+06  -0.384058E-01   0.544907E+06   0.544634E+06   0.582467E+00
   0.160293E+00   0.552818E+06   0.544624E+06   0.389279E+01   0.375006E+01   0.212477E+06   0.536225E+06   0.551494E+06   0.536225E+06  -0.363077E-01   0.515248E+06   0.514976E+06   0.561511E+00
   0.165653E+00   0.526437E+06   0.518446E+06   0.346761E+01   0.334038E+01   0.197053E+06   0.510369E+06   0.525146E+06   0.510369E+06  -0.345569E-01   0.490503E+06   0.490241E+06   0.523041E+00
   0.171013E+00   0.505050E+06   0.497589E+06   0.311892E+01   0.300442E+01   0.184200E+06   0.489448E+06   0.503844E+06   0.489448E+06  -0.331404E-01   0.470487E+06   0.470244E+06   0.471592E+00
   0.176373E+00   0.487507E+06   0.480785E+06   0.282844E+01   0.272454E+01   0.173319E+06   0.472319E+06   0.486421E+06   0.472319E+06  -0.319806E-01   0.454106E+06   0.453885E+06   0.414812E+00
   0.181734E+00   0.472340E+06   0.466412E+06   0.257960E+01   0.248478E+01   0.163757E+06   0.457527E+06   0.471382E+06   0.457527E+06  -0.309790E-01   0.439962E+06   0.439764E+06   0.360845E+00
   0.187094E+00   0.458181E+06   0.452950E+06   0.235953E+01   0.227275E+01   0.154952E+06   0.443716E+06   0.457335E+06   0.443716E+06  -0.300439E-01   0.426755E+06   0.426577E+06   0.316122E+00
   0.192454E+00   0.443864E+06   0.439133E+06   0.215887E+01   0.207943E+01   0.146468E+06   0.429739E+06   0.443099E+06   0.429739E+06  -0.290975E-01   0.413382E+06   0.413217E+06   0.284000E+00
   0.197815E+00   0.428616E+06   0.424144E+06   0.197188E+01   0.189927E+01   0.138036E+06   0.414838E+06   0.427894E+06   0.414838E+06  -0.280886E-01   0.399115E+06   0.398957E+06   0.264515E+00
   0.203175E+00   0.412325E+06   0.407894E+06   0.179677E+01   0.173058E+01   0.129625E+06   0.398908E+06   0.411609E+06   0.398908E+06  -0.270100E-01   0.383851E+06   0.383695E+06   0.255049E+00
   0.208535E+00   0.395507E+06   0.390972E+06   0.163468E+01   0.157443E+01   0.121404E+06   0.382461E+06   0.394774E+06   0.382461E+06  -0.258964E-01   0.368084E+06   0.367925E+06   0.251489E+00
   0.213896E+00   0.378937E+06   0.374247E+06   0.148745E+01   0.143260E+01   0.113603E+06   0.366263E+06   0.378179E+06   0.366263E+06  -0.247996E-01   0.352549E+06   0.352388E+06   0.249477E+00
   0.219256E+00   0.363320E+06   0.358512E+06   0.135619E+01   0.130616E+01   0.106411E+06   0.351007E+06   0.362543E+06   0.351007E+06  -0.237666E-01   0.337915E+06   0.337752E+06   0.245476E+00
   0.224616E+00   0.349184E+06   0.344357E+06   0.124105E+01   0.119524E+01   0.999457E+05   0.337213E+06   0.348403E+06   0.337213E+06  -0.228326E-01   0.324682E+06   0.324521E+06   0.237448E+00
   0.229977E+00   0.336831E+06   0.332112E+06   0.114126E+01   0.109912E+01   0.942500E+05   0.325177E+06   0.336068E+06   0.325177E+06  -0.220176E-01   0.313136E+06   0.312980E+06   0.225038E+00
   0.235337E+00   0.326250E+06   0.321754E+06   0.105505E+01   0.101607E+01   0.892742E+05   0.314883E+06   0.325523E+06   0.314883E+06  -0.213206E-01   0.303263E+06   0.303115E+06   0.209282E+00
   0.240697E+00   0.317109E+06   0.312909E+06   0.979856E+00   0.943643E+00   0.848836E+05   0.306001E+06   0.316430E+06   0.306001E+06  -0.207193E-01   0.294747E+06   0.294608E+06   0.192039E+00
   0.246057E+00   0.308893E+06   0.305011E+06   0.912941E+00   0.879187E+00   0.809067E+05   0.298026E+06   0.308266E+06   0.298026E+06  -0.201792E-01   0.287100E+06   0.286970E+06   0.175351E+00
   0.251418E+00   0.301077E+06   0.297480E+06   0.851937E+00   0.820426E+00   0.771826E+05   0.290438E+06   0.300496E+06   0.290438E+06  -0.196655E-01   0.279824E+06   0.279702E+06   0.160896E+00
   0.256778E+00   0.293236E+06   0.289855E+06   0.795113E+00   0.765692E+00   0.735893E+05   0.282821E+06   0.292689E+06   0.282821E+06  -0.191498E-01   0.272517E+06   0.272401E+06   0.149638E+00
   0.262138E+00   0.285120E+06   0.281873E+06   0.741458E+00   0.714013E+00   0.700594E+05   0.274933E+06   0.284596E+06   0.274933E+06  -0.186156E-01   0.264947E+06   0.264835E+06   0.141716E+00
   0.267499E+00   0.276701E+06   0.273510E+06   0.690660E+00   0.665086E+00   0.665841E+05   0.266745E+06   0.276186E+06   0.266745E+06  -0.180612E-01   0.257085E+06   0.256975E+06   0.136563E+00
   0.272859E+00   0.268136E+06   0.264946E+06   0.642898E+00   0.619084E+00   0.632003E+05   0.258414E+06   0.267621E+06   0.258414E+06  -0.174971E-01   0.249083E+06   0.248973E+06   0.133174E+00
   0.278219E+00   0.259676E+06   0.256465E+06   0.598530E+00   0.576352E+00   0.599640E+05   0.250186E+06   0.259157E+06   0.250186E+06  -0.169400E-01   0.241178E+06   0.241068E+06   0.130423E+00
   0.283580E+00   0.251577E+06   0.248354E+06   0.557855E+00   0.537177E+00   0.569271E+05   0.242312E+06   0.251056E+06   0.242312E+06  -0.164069E-01   0.233612E+06   0.233503E+06   0.127351E+00
   0.288940E+00   0.244044E+06   0.240840E+06   0.521005E+00   0.501687E+00   0.541264E+05   0.234996E+06   0.243526E+06   0.234996E+06  -0.159115E-01   0.226581E+06   0.226474E+06   0.123360E+00
   0.294300E+00   0.237197E+06   0.234055E+06   0.487894E+00   0.469798E+00   0.515760E+05   0.228352E+06   0.236690E+06   0.228352E+06  -0.154617E-01   0.220197E+06   0.220092E+06   0.118278E+00
   0.299661E+00   0.231039E+06   0.227998E+06   0.458196E+00   0.441197E+00   0.492632E+05   0.222383E+06   0.230547E+06   0.222383E+06  -0.150575E-01   0.214461E+06   0.214359E+06   0.112310E+00
   0.305021E+00   0.225461E+06   0.222548E+06   0.431403E+00   0.415392E+00   0.471527E+05   0.216980E+06   0.224990E+06   0.216980E+06  -0.146917E-01   0.209270E+06   0.209172E+06   0.105908E+00
   0.310381E+00   0.220291E+06   0.217517E+06   0.406943E+00   0.391836E+00   0.451983E+05   0.211977E+06   0.219843E+06   0.211977E+06  -0.143529E-01   0.204462E+06   0.204369E+06   0.996113E-01
   0.315741E+00   0.215351E+06   0.212705E+06   0.384300E+00   0.370029E+00   0.433554E+05   0.207196E+06   0.214923E+06   0.207196E+06  -0.140292E-01   0.199868E+06   0.199778E+06   0.938933E-01
   0.321102E+00   0.210487E+06   0.207949E+06   0.363066E+00   0.349580E+00   0.415883E+05   0.202489E+06   0.210077E+06   0.202489E+06  -0.137104E-01   0.195343E+06   0.195257E+06   0.890544E-01
   0.326462E+00   0.205602E+06   0.203142E+06   0.342973E+00   0.330230E+00   0.398742E+05   0.197758E+06   0.205205E+06   0.197758E+06  -0.133902E-01   0.190796E+06   0.190712E+06   0.851790E-01
   0.331822E+00   0.200665E+06   0.198255E+06   0.323894E+00   0.311857E+00   0.382053E+05   0.192976E+06   0.200275E+06   0.192976E+06  -0.130663E-01   0.186197E+06   0.186114E+06   0.821545E-01
   0.337183E+00   0.195713E+06   0.193333E+06   0.305826E+00   0.294457E+00   0.365873E+05   0.188179E+06   0.195329E+06   0.188179E+06  -0.127416E-01   0.181583E+06   0.181502E+06   0.797334E-01
   0.342543E+00   0.190830E+06   0.188468E+06   0.288829E+00   0.278090E+00   0.350336E+05   0.183448E+06   0.190448E+06   0.183448E+06  -0.124212E-01   0.177032E+06   0.176951E+06   0.776144E-01
   0.347903E+00   0.186105E+06   0.183762E+06   0.272967E+00   0.262815E+00   0.335584E+05   0.178873E+06   0.185726E+06   0.178873E+06  -0.121114E-01   0.172629E+06   0.172550E+06   0.755208E-01
   0.353264E+00   0.181613E+06   0.179296E+06   0.258268E+00   0.248660E+00   0.321713E+05   0.174525E+06   0.181238E+06   0.174525E+06  -0.118170E-01   0.168445E+06   0.168367E+06   0.732601E-01
   0.358624E+00   0.177396E+06   0.175120E+06   0.244709E+00   0.235604E+00   0.308763E+05   0.170446E+06   0.177028E+06   0.170446E+06  -0.115408E-01   0.164520E+06   0.164443E+06   0.707523E-01
   0.363984E+00   0.173463E+06   0.171240E+06   0.232219E+00   0.223577E+00   0.296703E+05   0.166644E+06   0.173104E+06   0.166644E+06  -0.112834E-01   0.160861E+06   0.160786E+06   0.680248E-01
   0.369344E+00   0.169786E+06   0.167626E+06   0.220686E+00   0.212471E+00   0.285446E+05   0.163091E+06   0.169437E+06   0.163091E+06  -0.110428E-01   0.157442E+06   0.157370E+06   0.651831E-01
   0.374705E+00   0.166310E+06   0.164217E+06   0.209974E+00   0.202156E+00   0.274867E+05   0.159735E+06   0.165972E+06   0.159735E+06  -0.108156E-01   0.154212E+06   0.154142E+06   0.623679E-01
   0.380065E+00   0.162973E+06   0.160946E+06   0.199948E+00   0.192501E+00   0.264829E+05   0.156513E+06   0.162645E+06   0.156513E+06  -0.105974E-01   0.151111E+06   0.151043E+06   0.597143E-01
   0.385425E+00   0.159720E+06   0.157751E+06   0.190496E+00   0.183400E+00   0.255222E+05   0.153372E+06   0.159402E+06   0.153372E+06  -0.103848E-01   0.148088E+06   0.148021E+06   0.573194E-01
   0.390786E+00   0.156512E+06   0.154592E+06   0.181539E+00   0.174775E+00   0.245968E+05   0.150274E+06   0.156202E+06   0.150274E+06  -0.101750E-01   0.145106E+06   0.145041E+06   0.552241E-01
   0.396146E+00   0.153331E+06   0.151450E+06   0.173024E+00   0.166577E+00   0.237023E+05   0.147202E+06   0.153027E+06   0.147202E+06  -0.996703E-02   0.142148E+06   0.142084E+06   0.534125E-01
   0.401506E+00   0.150179E+06   0.148328E+06   0.164930E+00   0.158783E+00   0.228379E+05   0.144158E+06   0.149880E+06   0.144158E+06  -0.976088E-02   0.139216E+06   0.139153E+06   0.518252E-01
   0.406867E+00   0.147076E+06   0.145251E+06   0.157253E+00   0.151391E+00   0.220057E+05   0.141161E+06   0.146781E+06   0.141161E+06  -0.955796E-02   0.136330E+06   0.136268E+06   0.503810E-01
   0.412227E+00   0.144054E+06   0.142252E+06   0.150004E+00   0.144411E+00   0.212092E+05   0.138243E+06   0.143762E+06   0.138243E+06  -0.936037E-02   0.133519E+06   0.133458E+06   0.489994E-01
   0.417587E+00   0.141140E+06   0.139364E+06   0.143186E+00   0.137847E+00   0.204510E+05   0.135430E+06   0.140853E+06   0.135430E+06  -0.916994E-02   0.130810E+06   0.130750E+06   0.476176E-01
   0.422948E+00   0.138349E+06   0.136602E+06   0.136788E+00   0.131686E+00   0.197319E+05   0.132737E+06   0.138067E+06   0.132737E+06  -0.898760E-02   0.128216E+06   0.128157E+06   0.462007E-01
   0.428308E+00   0.135684E+06   0.133969E+06   0.130787E+00   0.125908E+00   0.190505E+05   0.130166E+06   0.135407E+06   0.130166E+06  -0.881353E-02   0.125739E+06   0.125681E+06   0.447442E-01
   0.433668E+00   0.133140E+06   0.131461E+06   0.125155E+00   0.120485E+00   0.184047E+05   0.127713E+06   0.132868E+06   0.127713E+06  -0.864741E-02   0.123375E+06   0.123319E+06   0.432689E-01
   0.439028E+00   0.130704E+06   0.129062E+06   0.119858E+00   0.115386E+00   0.177913E+05   0.125365E+06   0.130438E+06   0.125365E+06  -0.848841E-02   0.121113E+06   0.121057E+06   0.418106E-01
   0.444389E+00   0.128355E+06   0.126751E+06   0.114859E+00   0.110573E+00   0.172063E+05   0.123101E+06   0.128095E+06   0.123101E+06  -0.833513E-02   0.118931E+06   0.118877E+06   0.404069E-01
   0.449749E+00   0.126070E+06   0.124501E+06   0.110120E+00   0.106010E+00   0.166455E+05   0.120899E+06   0.125816E+06   0.120899E+06  -0.818604E-02   0.116810E+06   0.116757E+06   0.390879E-01
   0.455109E+00   0.123832E+06   0.122295E+06   0.105612E+00   0.101669E+00   0.161056E+05   0.118743E+06   0.123583E+06   0.118743E+06  -0.804004E-02   0.114732E+06   0.114680E+06   0.378699E-01
   0.460470E+00   0.121634E+06   0.120126E+06   0.101317E+00   0.975340E-01   0.155851E+05   0.116625E+06   0.121390E+06   0.116625E+06  -0.789663E-02   0.112690E+06   0.112639E+06   0.367541E-01
   0.465830E+00   0.119475E+06   0.117992E+06   0.972228E-01   0.935921E-01   0.150831E+05   0.114544E+06   0.119235E+06   0.114544E+06  -0.775576E-02   0.110685E+06   0.110635E+06   0.357284E-01
   0.471190E+00   0.117357E+06   0.115896E+06   0.933209E-01   0.898354E-01   0.145992E+05   0.112503E+06   0.117121E+06   0.112503E+06  -0.761756E-02   0.108717E+06   0.108668E+06   0.347714E-01
   0.476551E+00   0.115285E+06   0.113846E+06   0.896061E-01   0.862589E-01   0.141335E+05   0.110507E+06   0.115053E+06   0.110507E+06  -0.748242E-02   0.106793E+06   0.106745E+06   0.338592E-01
   0.481911E+00   0.113269E+06   0.111851E+06   0.860756E-01   0.828598E-01   0.136865E+05   0.108565E+06   0.113040E+06   0.108565E+06  -0.735091E-02   0.104921E+06   0.104873E+06   0.329712E-01
   0.487271E+00   0.111316E+06   0.109920E+06   0.827258E-01   0.796348E-01   0.132585E+05   0.106684E+06   0.111090E+06   0.106684E+06  -0.722356E-02   0.103107E+06   0.103060E+06   0.320940E-01
   0.492631E+00   0.109430E+06   0.108056E+06   0.795500E-01   0.765772E-01   0.128491E+05   0.104868E+06   0.109207E+06   0.104868E+06  -0.710055E-02   0.101356E+06   0.101309E+06   0.312221E-01
   0.497992E+00   0.107607E+06   0.106256E+06   0.765374E-01   0.736768E-01   0.124574E+05   0.103113E+06   0.107389E+06   0.103113E+06  -0.698176E-02   0.996637E+05   0.996181E+05   0.303575E-01
   0.503352E+00   0.105843E+06   0.104516E+06   0.736757E-01   0.709218E-01   0.120821E+05   0.101415E+06   0.105628E+06   0.101415E+06  -0.686677E-02   0.980261E+05   0.979813E+05   0.295075E-01
   0.508712E+00   0.104130E+06   0.102827E+06   0.709531E-01   0.683006E-01   0.117219E+05   0.997669E+05   0.103919E+06   0.997669E+05  -0.675519E-02   0.964368E+05   0.963928E+05   0.286819E-01
   0.514073E+00   0.102463E+06   0.101184E+06   0.683587E-01   0.658029E-01   0.113757E+05   0.981634E+05   0.102257E+06   0.981634E+05  -0.664662E-02   0.948904E+05   0.948471E+05   0.278896E-01
   0.519433E+00   0.100837E+06   0.995798E+05   0.658825E-01   0.634190E-01   0.110422E+05   0.965988E+05   0.100634E+06   0.965988E+05  -0.654068E-02   0.933813E+05   0.933387E+05   0.271369E-01
   0.524793E+00   0.992452E+05   0.980086E+05   0.635151E-01   0.611398E-01   0.107206E+05   0.950672E+05   0.990453E+05   0.950672E+05  -0.643698E-02   0.919040E+05   0.918622E+05   0.264253E-01
   0.530154E+00   0.976839E+05   0.964666E+05   0.612490E-01   0.589582E-01   0.104098E+05   0.935652E+05   0.974871E+05   0.935652E+05  -0.633528E-02   0.904551E+05   0.904139E+05   0.257524E-01
   0.535514E+00   0.961534E+05   0.949543E+05   0.590799E-01   0.568699E-01   0.101097E+05   0.920930E+05   0.959596E+05   0.920930E+05  -0.623559E-02   0.890349E+05   0.889943E+05   0.251132E-01
   0.540874E+00   0.946565E+05   0.934747E+05   0.570048E-01   0.548723E-01   0.982020E+04   0.906531E+05   0.944655E+05   0.906531E+05  -0.613810E-02   0.876458E+05   0.876058E+05   0.245011E-01
   0.546235E+00   0.931953E+05   0.920304E+05   0.550209E-01   0.529624E-01   0.954112E+04   0.892478E+05   0.930070E+05   0.892478E+05  -0.604294E-02   0.862899E+05   0.862505E+05   0.239095E-01
   0.551595E+00   0.917703E+05   0.906221E+05   0.531244E-01   0.511366E-01   0.927220E+04   0.878774E+05   0.915847E+05   0.878774E+05  -0.595015E-02   0.849677E+05   0.849288E+05   0.233332E-01
   0.556955E+00   0.903815E+05   0.892500E+05   0.513113E-01   0.493911E-01   0.901315E+04   0.865421E+05   0.901986E+05   0.865421E+05  -0.585974E-02   0.836792E+05   0.836410E+05   0.227689E-01
   0.562315E+00   0.890297E+05   0.879150E+05   0.495783E-01   0.477228E-01   0.876368E+04   0.852425E+05   0.888495E+05   0.852425E+05  -0.577175E-02   0.824252E+05   0.823875E+05   0.222159E-01
   0.567676E+00   0.877145E+05   0.866166E+05   0.479217E-01   0.461280E-01   0.852348E+04   0.839783E+05   0.875370E+05   0.839783E+05  -0.568615E-02   0.812052E+05   0.811681E+05   0.216753E-01
   0.573036E+00   0.864333E+05   0.853521E+05   0.463366E-01   0.446021E-01   0.829199E+04   0.827470E+05   0.862586E+05   0.827470E+05  -0.560278E-02   0.800170E+05   0.799804E+05   0.211490E-01
   0.578396E+00   0.851824E+05   0.841176E+05   0.448180E-01   0.431402E-01   0.806857E+04   0.815449E+05   0.850103E+05   0.815449E+05  -0.552138E-02   0.788568E+05   0.788208E+05   0.206392E-01
   0.629654E+00   0.744855E+05   0.735538E+05   0.330335E-01   0.317958E-01   0.627221E+04   0.712694E+05   0.743349E+05   0.712694E+05  -0.482563E-02   0.689377E+05   0.689061E+05   0.165972E-01
   0.769061E+00   0.541160E+05   0.534394E+05   0.160528E-01   0.154503E-01   0.341852E+04   0.517282E+05   0.540067E+05   0.517282E+05  -0.350250E-02   0.500616E+05   0.500387E+05   0.988895E-02
   0.939334E+00   0.391297E+05   0.386404E+05   0.776733E-02   0.747543E-02   0.182932E+04   0.373741E+05   0.390506E+05   0.373741E+05  -0.253059E-02   0.361848E+05   0.361682E+05   0.587348E-02
   0.114731E+01   0.281744E+05   0.278220E+05   0.374395E-02   0.360311E-02   0.962610E+03   0.268944E+05   0.281174E+05   0.268944E+05  -0.182101E-02   0.260468E+05   0.260348E+05   0.347994E-02
   0.140132E+01   0.202080E+05   0.199552E+05   0.179824E-02   0.173053E-02   0.498689E+03   0.192813E+05   0.201671E+05   0.192813E+05  -0.130553E-02   0.186781E+05   0.186694E+05   0.205905E-02
   0.171158E+01   0.144421E+05   0.142614E+05   0.860821E-03   0.828392E-03   0.254593E+03   0.137753E+05   0.144129E+05   0.137753E+05  -0.932719E-03   0.133468E+05   0.133405E+05   0.121845E-02
   0.209053E+01   0.102879E+05   0.101591E+05   0.410820E-03   0.395337E-03   0.128213E+03   0.981046E+04   0.102671E+05   0.981046E+04  -0.664263E-03   0.950658E+04   0.950202E+04   0.722571E-03
   0.255338E+01   0.730629E+04   0.721479E+04   0.195491E-03   0.188121E-03   0.637530E+02   0.696597E+04   0.729151E+04   0.696597E+04  -0.471664E-03   0.675086E+04   0.674755E+04   0.430526E-03
   0.311870E+01   0.517419E+04   0.510934E+04   0.927745E-04   0.892761E-04   0.313360E+02   0.493255E+04   0.516371E+04   0.493255E+04  -0.333982E-03   0.478058E+04   0.477814E+04   0.258628E-03
   0.380919E+01   0.365512E+04   0.360924E+04   0.439216E-04   0.422651E-04   0.152461E+02   0.348410E+04   0.364770E+04   0.348410E+04  -0.235907E-03   0.337692E+04   0.337511E+04   0.157360E-03
   0.465255E+01   0.257603E+04   0.254363E+04   0.207465E-04   0.199640E-04   0.735246E+01   0.245534E+04   0.257080E+04   0.245534E+04  -0.166250E-03   0.237990E+04   0.237853E+04   0.975023E-04
   0.568264E+01   0.181147E+04   0.178862E+04   0.977815E-05   0.940934E-05   0.351907E+01   0.172652E+04   0.180778E+04   0.172652E+04  -0.116902E-03   0.167352E+04   0.167245E+04   0.618944E-04
   0.694079E+01   0.127129E+04   0.125518E+04   0.459950E-05   0.442602E-05   0.167392E+01   0.121162E+04   0.126869E+04   0.121162E+04  -0.820384E-04   0.117445E+04   0.117360E+04   0.405014E-04
   0.847750E+01   0.890505E+03   0.879142E+03   0.215948E-05   0.207804E-05   0.792204E+00   0.848679E+03   0.888669E+03   0.848679E+03  -0.574639E-04   0.822660E+03   0.821958E+03   0.274526E-04
   0.103544E+02   0.622688E+03   0.614661E+03   0.101211E-05   0.973945E-06   0.373382E+00   0.593420E+03   0.621390E+03   0.593420E+03  -0.401803E-04   0.575238E+03   0.574634E+03   0.193249E-04
   0.126469E+02   0.434704E+03   0.429016E+03   0.473577E-06   0.455722E-06   0.175395E+00   0.414255E+03   0.433785E+03   0.414255E+03  -0.280491E-04   0.401571E+03   0.401032E+03   0.141217E-04
   0.154470E+02   0.303007E+03   0.298954E+03   0.221245E-06   0.212906E-06   0.821646E-01   0.288738E+03   0.302352E+03   0.288738E+03  -0.195504E-04   0.279905E+03   0.279408E+03   0.106774E-04
   0.188670E+02   0.210907E+03   0.207994E+03   0.103207E-06   0.993193E-07   0.384023E-01   0.200960E+03   0.210436E+03   0.200960E+03  -0.136069E-04   0.194820E+03   0.194347E+03   0.830958E-05
   0.230442E+02   0.146602E+03   0.144482E+03   0.480753E-07   0.462656E-07   0.179132E-01   0.139672E+03   0.146259E+03   0.139672E+03  -0.945718E-05   0.135413E+03   0.134952E+03   0.661646E-05
   0.281463E+02   0.101772E+03   0.100202E+03   0.223624E-07   0.215215E-07   0.834141E-02   0.969461E+02   0.101518E+03   0.969461E+02  -0.656420E-05   0.939972E+02   0.935419E+02   0.535915E-05
   0.343780E+02   0.705623E+02   0.693727E+02   0.103869E-07   0.999701E-08   0.387800E-02   0.672007E+02   0.703700E+02   0.672007E+02  -0.455014E-05   0.651646E+02   0.647087E+02   0.439360E-05
   0.419893E+02   0.488643E+02   0.479359E+02   0.481729E-08   0.463691E-08   0.180022E-02   0.465202E+02   0.487142E+02   0.465202E+02  -0.314987E-05   0.451189E+02   0.446587E+02   0.363120E-05
   0.512859E+02   0.337974E+02   0.330476E+02   0.223051E-08   0.214730E-08   0.834441E-03   0.321595E+02   0.336763E+02   0.321595E+02  -0.217751E-05   0.311992E+02   0.307324E+02   0.301582E-05
   0.626408E+02   0.233474E+02   0.227189E+02   0.103083E-08   0.992595E-09   0.386175E-03   0.221988E+02   0.232458E+02   0.221988E+02  -0.150308E-05   0.215446E+02   0.210699E+02   0.251071E-05
   0.765096E+02   0.161071E+02   0.155606E+02   0.475321E-09   0.457836E-09   0.178411E-03   0.152973E+02   0.160188E+02   0.152973E+02  -0.103578E-05   0.148554E+02   0.143725E+02   0.209073E-05
   0.934490E+02   0.110959E+02   0.106044E+02   0.218545E-09   0.210606E-09   0.822566E-04   0.105203E+02   0.110165E+02   0.105203E+02  -0.712326E-06   0.102254E+02   0.973513E+01   0.173798E-05
   0.114139E+03   0.763076E+01   0.717636E+01   0.100107E-09   0.965382E-10   0.378299E-04   0.721695E+01   0.755733E+01   0.721695E+01  -0.488658E-06   0.702375E+01   0.652793E+01   0.143914E-05
